BaselineInfo:
  WebDBID: -1
  TimeStamp: 20240829082403
Version:
  Major: 11
  Minor: 0
  Build: 1002
  SpecialBuildName: ""
  ptArchitecture: aarch64_linux
Results:
  Results Complete: true
  NumTestProcesses: 6
  CPU_INTEGER_MATH: 0
  CPU_FLOATINGPOINT_MATH: 0
  CPU_PRIME: 0
  CPU_SORTING: 0
  CPU_ENCRYPTION: 0
  CPU_COMPRESSION: 0
  CPU_SINGLETHREAD: 0
  CPU_PHYSICS: 0
  CPU_MATRIX_MULT_SSE: 0
  CPU_mm: 0
  CPU_sse: 0
  CPU_fma: 0
  CPU_avx: 0
  CPU_avx512: 0
  m_CPU_enc_SHA: 0
  m_CPU_enc_AES: 0
  m_CPU_enc_ECDSA: 0
  ME_ALLOC_S: 167.36639153906793
  ME_READ_S: 1254.49189453125
  ME_READ_L: 1269.791015625
  ME_WRITE: 1303.6771240234375
  ME_LARGE: 4488.833333333333
  ME_LATENCY: 225.8396506801719
  ME_THREADED: 2291.8435668945312
  SUMM_CPU: 0
  SUMM_ME: 245.05162470836609
SystemInformation:
  OSName: Ubuntu 18.04.6 LTS
  Kernel: 4.9.337-tegra
  Device: quill
  Processor: ARM Cortex-A57 6 Core 2035 MHz
  NumSockets: 2
  Manufacturer: ARM
  NumCores: 6
  NumLogicals: 6
  CPUFrequency: 2035
  Memory: 7850
Checksum: 66C9CA65D73CA07C83A0968F75BC247213BC428E