BaselineInfo:
  WebDBID: -1
  TimeStamp: 20240830143252
Version:
  Major: 11
  Minor: 0
  Build: 1002
  SpecialBuildName: ""
  ptArchitecture: aarch64_linux
Results:
  Results Complete: true
  NumTestProcesses: 6
  CPU_INTEGER_MATH: 0
  CPU_FLOATINGPOINT_MATH: 0
  CPU_PRIME: 0
  CPU_SORTING: 0
  CPU_ENCRYPTION: 0
  CPU_COMPRESSION: 0
  CPU_SINGLETHREAD: 0
  CPU_PHYSICS: 0
  CPU_MATRIX_MULT_SSE: 0
  CPU_mm: 0
  CPU_sse: 0
  CPU_fma: 0
  CPU_avx: 0
  CPU_avx512: 0
  m_CPU_enc_SHA: 0
  m_CPU_enc_AES: 0
  m_CPU_enc_ECDSA: 0
  ME_ALLOC_S: 555.5024078162478
  ME_READ_S: 3547.8919067382812
  ME_READ_L: 2601.046142578125
  ME_WRITE: 4183.38427734375
  ME_LARGE: 4023.1666666666665
  ME_LATENCY: 244.35498743918563
  ME_THREADED: 4257.7852172851562
  SUMM_CPU: 0
  SUMM_ME: 469.92851882783083
SystemInformation:
  OSName: Ubuntu 18.04.6 LTS
  Kernel: 4.9.337-tegra
  Device: quill
  Processor: ARM Cortex-A57 6 Core 2035 MHz
  NumSockets: 2
  Manufacturer: ARM
  NumCores: 6
  NumLogicals: 6
  CPUFrequency: 2035
  Memory: 7850
Checksum: F67CAB4E1152F59F120017580C27E1B686F0299D