BaselineInfo:
  WebDBID: -1
  TimeStamp: 20240829071533
Version:
  Major: 11
  Minor: 0
  Build: 1002
  SpecialBuildName: ""
  ptArchitecture: aarch64_linux
Results:
  Results Complete: true
  NumTestProcesses: 6
  CPU_INTEGER_MATH: 0
  CPU_FLOATINGPOINT_MATH: 0
  CPU_PRIME: 0
  CPU_SORTING: 0
  CPU_ENCRYPTION: 0
  CPU_COMPRESSION: 0
  CPU_SINGLETHREAD: 0
  CPU_PHYSICS: 0
  CPU_MATRIX_MULT_SSE: 0
  CPU_mm: 0
  CPU_sse: 0
  CPU_fma: 0
  CPU_avx: 0
  CPU_avx512: 0
  m_CPU_enc_SHA: 0
  m_CPU_enc_AES: 0
  m_CPU_enc_ECDSA: 0
  ME_ALLOC_S: 162.58134008469
  ME_READ_S: 1225.9029785156249
  ME_READ_L: 1206.9013671875
  ME_WRITE: 1304.5421142578125
  ME_LARGE: 4504.833333333333
  ME_LATENCY: 345.19056205691021
  ME_THREADED: 2338.8439636230469
  SUMM_CPU: 0
  SUMM_ME: 222.19483621508076
SystemInformation:
  OSName: Ubuntu 18.04.6 LTS
  Kernel: 4.9.337-tegra
  Device: quill
  Processor: ARM Cortex-A57 6 Core 2035 MHz
  NumSockets: 2
  Manufacturer: ARM
  NumCores: 6
  NumLogicals: 6
  CPUFrequency: 2035
  Memory: 7850
Checksum: F24960ED7DA1014459B21E931BEA326C22EFF395