BaselineInfo:
  WebDBID: -1
  TimeStamp: 20240829220314
Version:
  Major: 11
  Minor: 0
  Build: 1002
  SpecialBuildName: ""
  ptArchitecture: aarch64_linux
Results:
  Results Complete: true
  NumTestProcesses: 6
  CPU_INTEGER_MATH: 0
  CPU_FLOATINGPOINT_MATH: 0
  CPU_PRIME: 0
  CPU_SORTING: 0
  CPU_ENCRYPTION: 0
  CPU_COMPRESSION: 0
  CPU_SINGLETHREAD: 0
  CPU_PHYSICS: 0
  CPU_MATRIX_MULT_SSE: 0
  CPU_mm: 0
  CPU_sse: 0
  CPU_fma: 0
  CPU_avx: 0
  CPU_avx512: 0
  m_CPU_enc_SHA: 0
  m_CPU_enc_AES: 0
  m_CPU_enc_ECDSA: 0
  ME_ALLOC_S: 340.01255246436358
  ME_READ_S: 2332.6346313476561
  ME_READ_L: 2326.269287109375
  ME_WRITE: 2471.74560546875
  ME_LARGE: 4320
  ME_LATENCY: 178.490182282061
  ME_THREADED: 4225.0982055664062
  SUMM_CPU: 0
  SUMM_ME: 418.97711418847155
SystemInformation:
  OSName: Ubuntu 18.04.6 LTS
  Kernel: 4.9.337-tegra
  Device: quill
  Processor: ARM Cortex-A57 6 Core 2035 MHz
  NumSockets: 2
  Manufacturer: ARM
  NumCores: 6
  NumLogicals: 6
  CPUFrequency: 2035
  Memory: 7850
Checksum: 00A2C7349DBC9E19C59032910FF3621D2439FF95