BaselineInfo:
  WebDBID: -1
  TimeStamp: 20240830052142
Version:
  Major: 11
  Minor: 0
  Build: 1002
  SpecialBuildName: ""
  ptArchitecture: aarch64_linux
Results:
  Results Complete: true
  NumTestProcesses: 6
  CPU_INTEGER_MATH: 0
  CPU_FLOATINGPOINT_MATH: 0
  CPU_PRIME: 0
  CPU_SORTING: 0
  CPU_ENCRYPTION: 0
  CPU_COMPRESSION: 0
  CPU_SINGLETHREAD: 0
  CPU_PHYSICS: 0
  CPU_MATRIX_MULT_SSE: 0
  CPU_mm: 0
  CPU_sse: 0
  CPU_fma: 0
  CPU_avx: 0
  CPU_avx512: 0
  m_CPU_enc_SHA: 0
  m_CPU_enc_AES: 0
  m_CPU_enc_ECDSA: 0
  ME_ALLOC_S: 387.51618842057286
  ME_READ_S: 2649.9036499023437
  ME_READ_L: 2084.8828125
  ME_WRITE: 3052.00537109375
  ME_LARGE: 4225.833333333333
  ME_LATENCY: 289.31036555422196
  ME_THREADED: 3617.129150390625
  SUMM_CPU: 0
  SUMM_ME: 377.66351400504897
SystemInformation:
  OSName: Ubuntu 18.04.6 LTS
  Kernel: 4.9.337-tegra
  Device: quill
  Processor: ARM Cortex-A57 6 Core 2035 MHz
  NumSockets: 2
  Manufacturer: ARM
  NumCores: 6
  NumLogicals: 6
  CPUFrequency: 2035
  Memory: 7850
Checksum: 60026DB782215CCC56D5E9DB968D5D2F6AA5509A