BaselineInfo:
  WebDBID: -1
  TimeStamp: 20240828103820
Version:
  Major: 11
  Minor: 0
  Build: 1002
  SpecialBuildName: ""
  ptArchitecture: aarch64_linux
Results:
  Results Complete: true
  NumTestProcesses: 6
  CPU_INTEGER_MATH: 6107.467333333333
  CPU_FLOATINGPOINT_MATH: 1573.765441647246
  CPU_PRIME: 3.6647857324006625
  CPU_SORTING: 2227.1623441423503
  CPU_ENCRYPTION: 165.93144712056363
  CPU_COMPRESSION: 4103.2163783030746
  CPU_SINGLETHREAD: 210.34627438712292
  CPU_PHYSICS: 59.868549559418298
  CPU_MATRIX_MULT_SSE: 362.86649927606771
  CPU_mm: 109.37269597768233
  CPU_sse: 256.81629736904455
  CPU_fma: 468.91670118309082
  CPU_avx: 0
  CPU_avx512: 0
  m_CPU_enc_SHA: 246919084.4762699
  m_CPU_enc_AES: 136186846.49534494
  m_CPU_enc_ECDSA: 138869268.31606147
  ME_ALLOC_S: 0
  ME_READ_S: 0
  ME_READ_L: 0
  ME_WRITE: 0
  ME_LARGE: 0
  ME_LATENCY: 0
  ME_THREADED: 0
  SUMM_CPU: 596.64075264721419
  SUMM_ME: 0
SystemInformation:
  OSName: Ubuntu 18.04.6 LTS
  Kernel: 4.9.337-tegra
  Device: quill
  Processor: ARM Cortex-A57 6 Core 2035 MHz
  NumSockets: 2
  Manufacturer: ARM
  NumCores: 6
  NumLogicals: 6
  CPUFrequency: 2035
  Memory: 7850
Checksum: 4C218D5D9A2F1ECED85C3B706F571A6375C385A5