BaselineInfo:
  WebDBID: -1
  TimeStamp: 20240828034329
Version:
  Major: 11
  Minor: 0
  Build: 1002
  SpecialBuildName: ""
  ptArchitecture: aarch64_linux
Results:
  Results Complete: true
  NumTestProcesses: 6
  CPU_INTEGER_MATH: 4001.2286666666669
  CPU_FLOATINGPOINT_MATH: 888.13304253141496
  CPU_PRIME: 0.91898159641401633
  CPU_SORTING: 778.48636395985966
  CPU_ENCRYPTION: 104.62316808146238
  CPU_COMPRESSION: 2304.1062440395644
  CPU_SINGLETHREAD: 131.74189423451864
  CPU_PHYSICS: 15.821153996474269
  CPU_MATRIX_MULT_SSE: 239.42499175466153
  CPU_mm: 71.574550533956767
  CPU_sse: 170.06421134174727
  CPU_fma: 308.78577216757583
  CPU_avx: 0
  CPU_avx512: 0
  m_CPU_enc_SHA: 153894908.74782985
  m_CPU_enc_AES: 87568189.774344876
  m_CPU_enc_ECDSA: 87652930.760387793
  ME_ALLOC_S: 0
  ME_READ_S: 0
  ME_READ_L: 0
  ME_WRITE: 0
  ME_LARGE: 0
  ME_LATENCY: 0
  ME_THREADED: 0
  SUMM_CPU: 318.06074826619425
  SUMM_ME: 0
SystemInformation:
  OSName: Ubuntu 18.04.6 LTS
  Kernel: 4.9.337-tegra
  Device: quill
  Processor: ARM Cortex-A57 6 Core 2035 MHz
  NumSockets: 2
  Manufacturer: ARM
  NumCores: 6
  NumLogicals: 6
  CPUFrequency: 2035
  Memory: 7850
Checksum: 9AF00866531A9DC6D48B1EB5EABA9AF0E6DB32EF