BaselineInfo:
  WebDBID: -1
  TimeStamp: 20240828130106
Version:
  Major: 11
  Minor: 0
  Build: 1002
  SpecialBuildName: ""
  ptArchitecture: aarch64_linux
Results:
  Results Complete: true
  NumTestProcesses: 6
  CPU_INTEGER_MATH: 6658.3326666666671
  CPU_FLOATINGPOINT_MATH: 1313.4224753102146
  CPU_PRIME: 0.58245844028713112
  CPU_SORTING: 531.02771548617454
  CPU_ENCRYPTION: 153.57283608235082
  CPU_COMPRESSION: 3079.8498726163944
  CPU_SINGLETHREAD: 188.88760784399693
  CPU_PHYSICS: 10.381332085552009
  CPU_MATRIX_MULT_SSE: 394.35737095342677
  CPU_mm: 120.12077042898278
  CPU_sse: 284.52716523063583
  CPU_fma: 504.18757667621776
  CPU_avx: 0
  CPU_avx512: 0
  m_CPU_enc_SHA: 231558704.85280508
  m_CPU_enc_AES: 126318573.53343458
  m_CPU_enc_ECDSA: 125221092.11742161
  ME_ALLOC_S: 0
  ME_READ_S: 0
  ME_READ_L: 0
  ME_WRITE: 0
  ME_LARGE: 0
  ME_LATENCY: 0
  ME_THREADED: 0
  SUMM_CPU: 362.62855434189066
  SUMM_ME: 0
SystemInformation:
  OSName: Ubuntu 18.04.6 LTS
  Kernel: 4.9.337-tegra
  Device: quill
  Processor: ARM Cortex-A57 6 Core 2035 MHz
  NumSockets: 2
  Manufacturer: ARM
  NumCores: 6
  NumLogicals: 6
  CPUFrequency: 2035
  Memory: 7850
Checksum: 80841BAB14B33F29639664E1B9870F76BCA5B483