BaselineInfo:
  WebDBID: -1
  TimeStamp: 20240828091835
Version:
  Major: 11
  Minor: 0
  Build: 1002
  SpecialBuildName: ""
  ptArchitecture: aarch64_linux
Results:
  Results Complete: true
  NumTestProcesses: 6
  CPU_INTEGER_MATH: 5134.0100000000002
  CPU_FLOATINGPOINT_MATH: 1379.0021352967537
  CPU_PRIME: 4.7464514097441981
  CPU_SORTING: 2073.5562554635849
  CPU_ENCRYPTION: 144.97924314935329
  CPU_COMPRESSION: 3609.9242054550559
  CPU_SINGLETHREAD: 183.12922623289217
  CPU_PHYSICS: 81.542099269116775
  CPU_MATRIX_MULT_SSE: 305.67719912533244
  CPU_mm: 91.63669089528743
  CPU_sse: 215.1517170572408
  CPU_fma: 396.2026811934241
  CPU_avx: 0
  CPU_avx512: 0
  m_CPU_enc_SHA: 204519489.64282119
  m_CPU_enc_AES: 114802147.22296111
  m_CPU_enc_ECDSA: 136743627.72794661
  ME_ALLOC_S: 0
  ME_READ_S: 0
  ME_READ_L: 0
  ME_WRITE: 0
  ME_LARGE: 0
  ME_LATENCY: 0
  ME_THREADED: 0
  SUMM_CPU: 533.71873610885325
  SUMM_ME: 0
SystemInformation:
  OSName: Ubuntu 18.04.6 LTS
  Kernel: 4.9.337-tegra
  Device: quill
  Processor: ARM Cortex-A57 6 Core 2035 MHz
  NumSockets: 2
  Manufacturer: ARM
  NumCores: 6
  NumLogicals: 6
  CPUFrequency: 2035
  Memory: 7850
Checksum: 7810F196E49E131CD82E7D808A0E3077D13354B5