BaselineInfo:
  WebDBID: -1
  TimeStamp: 20240827203150
Version:
  Major: 11
  Minor: 0
  Build: 1002
  SpecialBuildName: ""
  ptArchitecture: aarch64_linux
Results:
  Results Complete: true
  NumTestProcesses: 6
  CPU_INTEGER_MATH: 1732.5419999999999
  CPU_FLOATINGPOINT_MATH: 489.418694084104
  CPU_PRIME: 2.227577324520984
  CPU_SORTING: 782.45835607246045
  CPU_ENCRYPTION: 58.636277797220707
  CPU_COMPRESSION: 0
  CPU_SINGLETHREAD: 236.31060178881592
  CPU_PHYSICS: 40.601741540654764
  CPU_MATRIX_MULT_SSE: 107.92911957669297
  CPU_mm: 33.152838914536929
  CPU_sse: 78.667571820873732
  CPU_fma: 137.19066733251219
  CPU_avx: 0
  CPU_avx512: 0
  m_CPU_enc_SHA: 87691972.985117689
  m_CPU_enc_AES: 46308787.227106132
  m_CPU_enc_ECDSA: 50453020.670271672
  ME_ALLOC_S: 0
  ME_READ_S: 0
  ME_READ_L: 0
  ME_WRITE: 0
  ME_LARGE: 0
  ME_LATENCY: 0
  ME_THREADED: 0
  SUMM_CPU: 0
  SUMM_ME: 0
SystemInformation:
  OSName: Ubuntu 18.04.6 LTS
  Kernel: 4.9.337-tegra
  Device: quill
  Processor: ARM Cortex-A57 6 Core 2035 MHz
  NumSockets: 2
  Manufacturer: ARM
  NumCores: 6
  NumLogicals: 6
  CPUFrequency: 2035
  Memory: 7850
Checksum: 78816211BF41F7C38693557DC607740372E25792