BaselineInfo:
  WebDBID: -1
  TimeStamp: 20240828190435
Version:
  Major: 11
  Minor: 0
  Build: 1002
  SpecialBuildName: ""
  ptArchitecture: aarch64_linux
Results:
  Results Complete: true
  NumTestProcesses: 6
  CPU_INTEGER_MATH: 8038.2413333333334
  CPU_FLOATINGPOINT_MATH: 1029.0700648925772
  CPU_PRIME: 0
  CPU_SORTING: 0.2312234326933659
  CPU_ENCRYPTION: 127.08075016612759
  CPU_COMPRESSION: 2461.043863825907
  CPU_SINGLETHREAD: 183.86002776935399
  CPU_PHYSICS: 5.0682689967016694
  CPU_MATRIX_MULT_SSE: 488.14163322586796
  CPU_mm: 144.89538288738532
  CPU_sse: 340.07641589637069
  CPU_fma: 636.20685055536524
  CPU_avx: 0
  CPU_avx512: 0
  m_CPU_enc_SHA: 159992817.93138465
  m_CPU_enc_AES: 119545803.76013482
  m_CPU_enc_ECDSA: 90596545.825782076
  ME_ALLOC_S: 0
  ME_READ_S: 0
  ME_READ_L: 0
  ME_WRITE: 0
  ME_LARGE: 0
  ME_LATENCY: 0
  ME_THREADED: 0
  SUMM_CPU: 0
  SUMM_ME: 0
SystemInformation:
  OSName: Ubuntu 18.04.6 LTS
  Kernel: 4.9.337-tegra
  Device: quill
  Processor: ARM Cortex-A57 6 Core 2035 MHz
  NumSockets: 2
  Manufacturer: ARM
  NumCores: 6
  NumLogicals: 6
  CPUFrequency: 2035
  Memory: 7850
Checksum: 22F735300774E5E0FFD3F60B42E5FA074BBFA0F9