BaselineInfo:
  WebDBID: -1
  TimeStamp: 20240828085637
Version:
  Major: 11
  Minor: 0
  Build: 1002
  SpecialBuildName: ""
  ptArchitecture: aarch64_linux
Results:
  Results Complete: true
  NumTestProcesses: 6
  CPU_INTEGER_MATH: 4637.7673333333332
  CPU_FLOATINGPOINT_MATH: 632.607193612336
  CPU_PRIME: 0
  CPU_SORTING: 48.201803143437537
  CPU_ENCRYPTION: 94.65903940752662
  CPU_COMPRESSION: 1715.0539670921139
  CPU_SINGLETHREAD: 123.58960724564825
  CPU_PHYSICS: 5.3455382748724016
  CPU_MATRIX_MULT_SSE: 277.84288334496017
  CPU_mm: 82.054490594548852
  CPU_sse: 194.63970445114279
  CPU_fma: 361.04606223877755
  CPU_avx: 0
  CPU_avx512: 0
  m_CPU_enc_SHA: 137442695.1827158
  m_CPU_enc_AES: 85556888.940062493
  m_CPU_enc_ECDSA: 74772006.594581634
  ME_ALLOC_S: 0
  ME_READ_S: 0
  ME_READ_L: 0
  ME_WRITE: 0
  ME_LARGE: 0
  ME_LATENCY: 0
  ME_THREADED: 0
  SUMM_CPU: 0
  SUMM_ME: 0
SystemInformation:
  OSName: Ubuntu 18.04.6 LTS
  Kernel: 4.9.337-tegra
  Device: quill
  Processor: ARM Cortex-A57 6 Core 2035 MHz
  NumSockets: 2
  Manufacturer: ARM
  NumCores: 6
  NumLogicals: 6
  CPUFrequency: 2035
  Memory: 7850
Checksum: 83090B49CEDDB1E90E398426CE7287B3AFC1A869