BaselineInfo:
  WebDBID: -1
  TimeStamp: 20240828000331
Version:
  Major: 11
  Minor: 0
  Build: 1002
  SpecialBuildName: ""
  ptArchitecture: aarch64_linux
Results:
  Results Complete: true
  NumTestProcesses: 6
  CPU_INTEGER_MATH: 3137.2533333333331
  CPU_FLOATINGPOINT_MATH: 852.20879081831492
  CPU_PRIME: 3.9373591329179054
  CPU_SORTING: 1339.3535548130485
  CPU_ENCRYPTION: 89.748618751562802
  CPU_COMPRESSION: 2138.7159606452883
  CPU_SINGLETHREAD: 112.61864400411831
  CPU_PHYSICS: 68.490322222292292
  CPU_MATRIX_MULT_SSE: 186.95956404154779
  CPU_mm: 56.476266244961771
  CPU_sse: 131.83517130978461
  CPU_fma: 242.08395677331097
  CPU_avx: 0
  CPU_avx512: 0
  m_CPU_enc_SHA: 129375410.64758079
  m_CPU_enc_AES: 69309031.583690464
  m_CPU_enc_ECDSA: 83640300.736844897
  ME_ALLOC_S: 0
  ME_READ_S: 0
  ME_READ_L: 0
  ME_WRITE: 0
  ME_LARGE: 0
  ME_LATENCY: 0
  ME_THREADED: 0
  SUMM_CPU: 330.10869501746049
  SUMM_ME: 0
SystemInformation:
  OSName: Ubuntu 18.04.6 LTS
  Kernel: 4.9.337-tegra
  Device: quill
  Processor: ARM Cortex-A57 6 Core 2035 MHz
  NumSockets: 2
  Manufacturer: ARM
  NumCores: 6
  NumLogicals: 6
  CPUFrequency: 2035
  Memory: 7850
Checksum: 44B67BC73BDA823F2F662F9212961FFEB6DE15E9