BaselineInfo:
  WebDBID: -1
  TimeStamp: 20240828094345
Version:
  Major: 11
  Minor: 0
  Build: 1002
  SpecialBuildName: ""
  ptArchitecture: aarch64_linux
Results:
  Results Complete: true
  NumTestProcesses: 6
  CPU_INTEGER_MATH: 6057.2939999999999
  CPU_FLOATINGPOINT_MATH: 1498.0406712122767
  CPU_PRIME: 1.9807073636393853
  CPU_SORTING: 1623.2542917342528
  CPU_ENCRYPTION: 159.07779722519734
  CPU_COMPRESSION: 3757.6660322147236
  CPU_SINGLETHREAD: 202.87866678941734
  CPU_PHYSICS: 35.662831000914998
  CPU_MATRIX_MULT_SSE: 359.77494785600175
  CPU_mm: 108.76464025768502
  CPU_sse: 253.07871954491881
  CPU_fma: 466.47117616708465
  CPU_avx: 0
  CPU_avx512: 0
  m_CPU_enc_SHA: 239223999.33115533
  m_CPU_enc_AES: 131937792.43434575
  m_CPU_enc_ECDSA: 129253689.14412446
  ME_ALLOC_S: 0
  ME_READ_S: 0
  ME_READ_L: 0
  ME_WRITE: 0
  ME_LARGE: 0
  ME_LATENCY: 0
  ME_THREADED: 0
  SUMM_CPU: 532.90535476527361
  SUMM_ME: 0
SystemInformation:
  OSName: Ubuntu 18.04.6 LTS
  Kernel: 4.9.337-tegra
  Device: quill
  Processor: ARM Cortex-A57 6 Core 2035 MHz
  NumSockets: 2
  Manufacturer: ARM
  NumCores: 6
  NumLogicals: 6
  CPUFrequency: 2035
  Memory: 7850
Checksum: 60FC6F592EC8CC6364B2D53AB5D367A4AD90CC32