BaselineInfo:
  WebDBID: -1
  TimeStamp: 20240828173207
Version:
  Major: 11
  Minor: 0
  Build: 1002
  SpecialBuildName: ""
  ptArchitecture: aarch64_linux
Results:
  Results Complete: true
  NumTestProcesses: 6
  CPU_INTEGER_MATH: 7949.1126666666669
  CPU_FLOATINGPOINT_MATH: 2161.2363798905544
  CPU_PRIME: 7.752635114296357
  CPU_SORTING: 3375.7337728344851
  CPU_ENCRYPTION: 221.05314428065896
  CPU_COMPRESSION: 5737.9682424944222
  CPU_SINGLETHREAD: 278.7767764156406
  CPU_PHYSICS: 126.90183589003685
  CPU_MATRIX_MULT_SSE: 473.97374712188719
  CPU_mm: 142.32438931083328
  CPU_sse: 333.11419315302089
  CPU_fma: 614.83330109075359
  CPU_avx: 0
  CPU_avx512: 0
  m_CPU_enc_SHA: 339042785.65032899
  m_CPU_enc_AES: 172914178.17909139
  m_CPU_enc_ECDSA: 183416101.62228835
  ME_ALLOC_S: 0
  ME_READ_S: 0
  ME_READ_L: 0
  ME_WRITE: 0
  ME_LARGE: 0
  ME_LATENCY: 0
  ME_THREADED: 0
  SUMM_CPU: 832.46135015789832
  SUMM_ME: 0
SystemInformation:
  OSName: Ubuntu 18.04.6 LTS
  Kernel: 4.9.337-tegra
  Device: quill
  Processor: ARM Cortex-A57 6 Core 2035 MHz
  NumSockets: 2
  Manufacturer: ARM
  NumCores: 6
  NumLogicals: 6
  CPUFrequency: 2035
  Memory: 7850
Checksum: 58DFCAF5AC2C1BA030021A18DA8FB401BD83CC6E