BaselineInfo:
  WebDBID: -1
  TimeStamp: 20240828033511
Version:
  Major: 11
  Minor: 0
  Build: 1002
  SpecialBuildName: ""
  ptArchitecture: aarch64_linux
Results:
  Results Complete: true
  NumTestProcesses: 6
  CPU_INTEGER_MATH: 4138.8739999999998
  CPU_FLOATINGPOINT_MATH: 1119.251307398936
  CPU_PRIME: 4.7290795001079378
  CPU_SORTING: 1724.347180958584
  CPU_ENCRYPTION: 114.19686219003621
  CPU_COMPRESSION: 2844.0857731557498
  CPU_SINGLETHREAD: 147.33258297624411
  CPU_PHYSICS: 82.744836746880182
  CPU_MATRIX_MULT_SSE: 246.67955365874644
  CPU_mm: 73.979096914372633
  CPU_sse: 173.58317817762105
  CPU_fma: 319.77592913987189
  CPU_avx: 0
  CPU_avx512: 0
  m_CPU_enc_SHA: 165166306.68678263
  m_CPU_enc_AES: 95237111.120549947
  m_CPU_enc_ECDSA: 98828849.096005678
  ME_ALLOC_S: 0
  ME_READ_S: 0
  ME_READ_L: 0
  ME_WRITE: 0
  ME_LARGE: 0
  ME_LATENCY: 0
  ME_THREADED: 0
  SUMM_CPU: 429.74379146687068
  SUMM_ME: 0
SystemInformation:
  OSName: Ubuntu 18.04.6 LTS
  Kernel: 4.9.337-tegra
  Device: quill
  Processor: ARM Cortex-A57 6 Core 2035 MHz
  NumSockets: 2
  Manufacturer: ARM
  NumCores: 6
  NumLogicals: 6
  CPUFrequency: 2035
  Memory: 7850
Checksum: 9CB8963703A0FC1112007330EDBFDA7E8CD15F3C