BaselineInfo:
  WebDBID: -1
  TimeStamp: 20240828063305
Version:
  Major: 11
  Minor: 0
  Build: 1002
  SpecialBuildName: ""
  ptArchitecture: aarch64_linux
Results:
  Results Complete: true
  NumTestProcesses: 6
  CPU_INTEGER_MATH: 4685.7633333333333
  CPU_FLOATINGPOINT_MATH: 639.98803946969633
  CPU_PRIME: 0
  CPU_SORTING: 93.205054755029209
  CPU_ENCRYPTION: 103.54941369445966
  CPU_COMPRESSION: 1642.970701276507
  CPU_SINGLETHREAD: 128.98501139169881
  CPU_PHYSICS: 5.1697484496801946
  CPU_MATRIX_MULT_SSE: 272.06498337224048
  CPU_mm: 82.396278035207729
  CPU_sse: 190.68488807436171
  CPU_fma: 353.44507867011924
  CPU_avx: 0
  CPU_avx512: 0
  m_CPU_enc_SHA: 136689282.36787942
  m_CPU_enc_AES: 89421695.479734436
  m_CPU_enc_ECDSA: 61077668.639429346
  ME_ALLOC_S: 0
  ME_READ_S: 0
  ME_READ_L: 0
  ME_WRITE: 0
  ME_LARGE: 0
  ME_LATENCY: 0
  ME_THREADED: 0
  SUMM_CPU: 0
  SUMM_ME: 0
SystemInformation:
  OSName: Ubuntu 18.04.6 LTS
  Kernel: 4.9.337-tegra
  Device: quill
  Processor: ARM Cortex-A57 6 Core 2035 MHz
  NumSockets: 2
  Manufacturer: ARM
  NumCores: 6
  NumLogicals: 6
  CPUFrequency: 2035
  Memory: 7850
Checksum: 0C361F5D9879811C6761BDA651DA1EF0A1BEEC5A