BaselineInfo:
  WebDBID: -1
  TimeStamp: 20240827192051
Version:
  Major: 11
  Minor: 0
  Build: 1002
  SpecialBuildName: ""
  ptArchitecture: aarch64_linux
Results:
  Results Complete: true
  NumTestProcesses: 6
  CPU_INTEGER_MATH: 1871.6546666666663
  CPU_FLOATINGPOINT_MATH: 509.41562723549873
  CPU_PRIME: 2.4068836926583055
  CPU_SORTING: 821.71941261156371
  CPU_ENCRYPTION: 59.556279578495072
  CPU_COMPRESSION: 0
  CPU_SINGLETHREAD: 78.255637655652876
  CPU_PHYSICS: 50.819528143655617
  CPU_MATRIX_MULT_SSE: 127.6612211826678
  CPU_mm: 38.285495605899392
  CPU_sse: 90.328995376265979
  CPU_fma: 164.99344698906967
  CPU_avx: 0
  CPU_avx512: 0
  m_CPU_enc_SHA: 89369274.442786396
  m_CPU_enc_AES: 47374426.409964107
  m_CPU_enc_ECDSA: 50604155.393149652
  ME_ALLOC_S: 0
  ME_READ_S: 0
  ME_READ_L: 0
  ME_WRITE: 0
  ME_LARGE: 0
  ME_LATENCY: 0
  ME_THREADED: 0
  SUMM_CPU: 0
  SUMM_ME: 0
SystemInformation:
  OSName: Ubuntu 18.04.6 LTS
  Kernel: 4.9.337-tegra
  Device: quill
  Processor: ARM Cortex-A57 6 Core 2035 MHz
  NumSockets: 2
  Manufacturer: ARM
  NumCores: 6
  NumLogicals: 6
  CPUFrequency: 2035
  Memory: 7850
Checksum: 53B3C3A40EF6E4ACFCB9EA3BDC4166E6FE94C30A