BaselineInfo:
  WebDBID: -1
  TimeStamp: 20240827222349
Version:
  Major: 11
  Minor: 0
  Build: 1002
  SpecialBuildName: ""
  ptArchitecture: aarch64_linux
Results:
  Results Complete: true
  NumTestProcesses: 6
  CPU_INTEGER_MATH: 1817.9313333333334
  CPU_FLOATINGPOINT_MATH: 436.64397855463187
  CPU_PRIME: 1.2849442070974839
  CPU_SORTING: 812.33928093936458
  CPU_ENCRYPTION: 57.517781841879
  CPU_COMPRESSION: 0
  CPU_SINGLETHREAD: 224.35300650285166
  CPU_PHYSICS: 22.199873705825603
  CPU_MATRIX_MULT_SSE: 110.30393316079474
  CPU_mm: 31.689322056461826
  CPU_sse: 76.224646445872608
  CPU_fma: 144.38321987571686
  CPU_avx: 0
  CPU_avx512: 0
  m_CPU_enc_SHA: 85417704.874289677
  m_CPU_enc_AES: 47236582.407723114
  m_CPU_enc_ECDSA: 48281009.555877559
  ME_ALLOC_S: 0
  ME_READ_S: 0
  ME_READ_L: 0
  ME_WRITE: 0
  ME_LARGE: 0
  ME_LATENCY: 0
  ME_THREADED: 0
  SUMM_CPU: 0
  SUMM_ME: 0
SystemInformation:
  OSName: Ubuntu 18.04.6 LTS
  Kernel: 4.9.337-tegra
  Device: quill
  Processor: ARM Cortex-A57 6 Core 2035 MHz
  NumSockets: 2
  Manufacturer: ARM
  NumCores: 6
  NumLogicals: 6
  CPUFrequency: 2035
  Memory: 7850
Checksum: 73173723E06A659A6C9E6FBBE9B97A014C668242