BaselineInfo:
  WebDBID: -1
  TimeStamp: 20240828123847
Version:
  Major: 11
  Minor: 0
  Build: 1002
  SpecialBuildName: ""
  ptArchitecture: aarch64_linux
Results:
  Results Complete: true
  NumTestProcesses: 6
  CPU_INTEGER_MATH: 7040.3126666666667
  CPU_FLOATINGPOINT_MATH: 1841.0311940664819
  CPU_PRIME: 3.8464517677370482
  CPU_SORTING: 2492.3261111509437
  CPU_ENCRYPTION: 192.16777430028571
  CPU_COMPRESSION: 4755.3660490231023
  CPU_SINGLETHREAD: 244.56150632134404
  CPU_PHYSICS: 64.100215556782089
  CPU_MATRIX_MULT_SSE: 418.58062118139634
  CPU_mm: 125.94698975353418
  CPU_sse: 296.84824902527498
  CPU_fma: 540.31299333751758
  CPU_avx: 0
  CPU_avx512: 0
  m_CPU_enc_SHA: 278497933.57857347
  m_CPU_enc_AES: 157861702.81601194
  m_CPU_enc_ECDSA: 168147911.91950384
  ME_ALLOC_S: 0
  ME_READ_S: 0
  ME_READ_L: 0
  ME_WRITE: 0
  ME_LARGE: 0
  ME_LATENCY: 0
  ME_THREADED: 0
  SUMM_CPU: 685.49407431745487
  SUMM_ME: 0
SystemInformation:
  OSName: Ubuntu 18.04.6 LTS
  Kernel: 4.9.337-tegra
  Device: quill
  Processor: ARM Cortex-A57 6 Core 2035 MHz
  NumSockets: 2
  Manufacturer: ARM
  NumCores: 6
  NumLogicals: 6
  CPUFrequency: 2035
  Memory: 7850
Checksum: F540302149BEEFD6B2CA77C96F08D70641235D22