BaselineInfo:
  WebDBID: -1
  TimeStamp: 20240828170637
Version:
  Major: 11
  Minor: 0
  Build: 1002
  SpecialBuildName: ""
  ptArchitecture: aarch64_linux
Results:
  Results Complete: true
  NumTestProcesses: 6
  CPU_INTEGER_MATH: 7928.3806666666678
  CPU_FLOATINGPOINT_MATH: 2132.2280735799436
  CPU_PRIME: 7.3107654807022335
  CPU_SORTING: 3267.8718861643501
  CPU_ENCRYPTION: 216.69533573406136
  CPU_COMPRESSION: 5626.1259372259037
  CPU_SINGLETHREAD: 280.77512227374922
  CPU_PHYSICS: 121.86231572636433
  CPU_MATRIX_MULT_SSE: 472.19415186425704
  CPU_mm: 141.25110426298781
  CPU_sse: 333.5236994404994
  CPU_fma: 610.86460428801456
  CPU_avx: 0
  CPU_avx512: 0
  m_CPU_enc_SHA: 316183159.24629986
  m_CPU_enc_AES: 177252532.33311814
  m_CPU_enc_ECDSA: 188228893.50861937
  ME_ALLOC_S: 0
  ME_READ_S: 0
  ME_READ_L: 0
  ME_WRITE: 0
  ME_LARGE: 0
  ME_LATENCY: 0
  ME_THREADED: 0
  SUMM_CPU: 818.55464023098943
  SUMM_ME: 0
SystemInformation:
  OSName: Ubuntu 18.04.6 LTS
  Kernel: 4.9.337-tegra
  Device: quill
  Processor: ARM Cortex-A57 6 Core 2035 MHz
  NumSockets: 2
  Manufacturer: ARM
  NumCores: 6
  NumLogicals: 6
  CPUFrequency: 2035
  Memory: 7850
Checksum: 3D1E4F195C7773C8E83719F83276081DECC5EDBB