BaselineInfo:
  WebDBID: -1
  TimeStamp: 20240828202439
Version:
  Major: 11
  Minor: 0
  Build: 1002
  SpecialBuildName: ""
  ptArchitecture: aarch64_linux
Results:
  Results Complete: true
  NumTestProcesses: 6
  CPU_INTEGER_MATH: 9098.6499999999996
  CPU_FLOATINGPOINT_MATH: 2485.9252848225756
  CPU_PRIME: 8.0086902435461678
  CPU_SORTING: 3803.9803400808764
  CPU_ENCRYPTION: 250.16811732221805
  CPU_COMPRESSION: 6563.9292916030154
  CPU_SINGLETHREAD: 318.02236974794744
  CPU_PHYSICS: 134.32559939423254
  CPU_MATRIX_MULT_SSE: 540.92249035044438
  CPU_mm: 162.51943587973656
  CPU_sse: 382.35425660650435
  CPU_fma: 699.49072409438463
  CPU_avx: 0
  CPU_avx512: 0
  m_CPU_enc_SHA: 370047788.40833813
  m_CPU_enc_AES: 202157603.75782117
  m_CPU_enc_ECDSA: 214755459.20162708
  ME_ALLOC_S: 0
  ME_READ_S: 0
  ME_READ_L: 0
  ME_WRITE: 0
  ME_LARGE: 0
  ME_LATENCY: 0
  ME_THREADED: 0
  SUMM_CPU: 944.42964031837289
  SUMM_ME: 0
SystemInformation:
  OSName: Ubuntu 18.04.6 LTS
  Kernel: 4.9.337-tegra
  Device: quill
  Processor: ARM Cortex-A57 6 Core 2035 MHz
  NumSockets: 2
  Manufacturer: ARM
  NumCores: 6
  NumLogicals: 6
  CPUFrequency: 2035
  Memory: 7850
Checksum: 654232BD43A5386888B54D43D5F52B2669AAFC4C