BaselineInfo:
  WebDBID: -1
  TimeStamp: 20240828113408
Version:
  Major: 11
  Minor: 0
  Build: 1002
  SpecialBuildName: ""
  ptArchitecture: aarch64_linux
Results:
  Results Complete: true
  NumTestProcesses: 6
  CPU_INTEGER_MATH: 6119.1113333333333
  CPU_FLOATINGPOINT_MATH: 1643.4838150038156
  CPU_PRIME: 5.2368710205700042
  CPU_SORTING: 2501.2500655446224
  CPU_ENCRYPTION: 170.47355583649272
  CPU_COMPRESSION: 4298.2495172125955
  CPU_SINGLETHREAD: 217.02632775943249
  CPU_PHYSICS: 85.828166212549419
  CPU_MATRIX_MULT_SSE: 366.13211630583885
  CPU_mm: 109.73448830899736
  CPU_sse: 257.45499581645743
  CPU_fma: 474.80923679522033
  CPU_avx: 0
  CPU_avx512: 0
  m_CPU_enc_SHA: 252994590.2122224
  m_CPU_enc_AES: 135534679.4968451
  m_CPU_enc_ECDSA: 147734168.14535099
  ME_ALLOC_S: 0
  ME_READ_S: 0
  ME_READ_L: 0
  ME_WRITE: 0
  ME_LARGE: 0
  ME_LATENCY: 0
  ME_THREADED: 0
  SUMM_CPU: 630.8197497559928
  SUMM_ME: 0
SystemInformation:
  OSName: Ubuntu 18.04.6 LTS
  Kernel: 4.9.337-tegra
  Device: quill
  Processor: ARM Cortex-A57 6 Core 2035 MHz
  NumSockets: 2
  Manufacturer: ARM
  NumCores: 6
  NumLogicals: 6
  CPUFrequency: 2035
  Memory: 7850
Checksum: 00407EEA653FA63F7678118EBE9B254A1A2EA3C4