BaselineInfo:
  WebDBID: -1
  TimeStamp: 20240828190603
Version:
  Major: 11
  Minor: 0
  Build: 1002
  SpecialBuildName: ""
  ptArchitecture: aarch64_linux
Results:
  Results Complete: true
  NumTestProcesses: 6
  CPU_INTEGER_MATH: 8522.4139999999989
  CPU_FLOATINGPOINT_MATH: 1594.6485181142659
  CPU_PRIME: 0.58371868700415952
  CPU_SORTING: 532.88663294450339
  CPU_ENCRYPTION: 187.78533815482606
  CPU_COMPRESSION: 3861.8013485861579
  CPU_SINGLETHREAD: 231.11623049932962
  CPU_PHYSICS: 10.968715808130863
  CPU_MATRIX_MULT_SSE: 506.2230846968526
  CPU_mm: 153.46607309852476
  CPU_sse: 362.50229547478625
  CPU_fma: 649.94387391891905
  CPU_avx: 0
  CPU_avx512: 0
  m_CPU_enc_SHA: 273017245.30915254
  m_CPU_enc_AES: 164914984.52438053
  m_CPU_enc_ECDSA: 152789366.38957155
  ME_ALLOC_S: 0
  ME_READ_S: 0
  ME_READ_L: 0
  ME_WRITE: 0
  ME_LARGE: 0
  ME_LATENCY: 0
  ME_THREADED: 0
  SUMM_CPU: 415.41031197846422
  SUMM_ME: 0
SystemInformation:
  OSName: Ubuntu 18.04.6 LTS
  Kernel: 4.9.337-tegra
  Device: quill
  Processor: ARM Cortex-A57 6 Core 2035 MHz
  NumSockets: 2
  Manufacturer: ARM
  NumCores: 6
  NumLogicals: 6
  CPUFrequency: 2035
  Memory: 7850
Checksum: 2EE9558F9A0FDAA6148F2A4270C84AC960521775