BaselineInfo:
  WebDBID: -1
  TimeStamp: 20240828065912
Version:
  Major: 11
  Minor: 0
  Build: 1002
  SpecialBuildName: ""
  ptArchitecture: aarch64_linux
Results:
  Results Complete: true
  NumTestProcesses: 6
  CPU_INTEGER_MATH: 5137.134
  CPU_FLOATINGPOINT_MATH: 1405.2281310369719
  CPU_PRIME: 5.7888046578988721
  CPU_SORTING: 2205.8003361015481
  CPU_ENCRYPTION: 142.2157363084896
  CPU_COMPRESSION: 3686.33979618587
  CPU_SINGLETHREAD: 182.83426057206316
  CPU_PHYSICS: 100.1281521609783
  CPU_MATRIX_MULT_SSE: 307.08286017842283
  CPU_mm: 91.642962334063256
  CPU_sse: 215.38118155722307
  CPU_fma: 398.78453879962262
  CPU_avx: 0
  CPU_avx512: 0
  m_CPU_enc_SHA: 215739186.86810669
  m_CPU_enc_AES: 115349053.30438612
  m_CPU_enc_ECDSA: 116283783.57373951
  ME_ALLOC_S: 0
  ME_READ_S: 0
  ME_READ_L: 0
  ME_WRITE: 0
  ME_LARGE: 0
  ME_LATENCY: 0
  ME_THREADED: 0
  SUMM_CPU: 541.69090489653979
  SUMM_ME: 0
SystemInformation:
  OSName: Ubuntu 18.04.6 LTS
  Kernel: 4.9.337-tegra
  Device: quill
  Processor: ARM Cortex-A57 6 Core 2035 MHz
  NumSockets: 2
  Manufacturer: ARM
  NumCores: 6
  NumLogicals: 6
  CPUFrequency: 2035
  Memory: 7850
Checksum: 5C5275814683E680A67CA798688DDD4D3A8618BF