BaselineInfo:
  WebDBID: -1
  TimeStamp: 20240828085053
Version:
  Major: 11
  Minor: 0
  Build: 1002
  SpecialBuildName: ""
  ptArchitecture: aarch64_linux
Results:
  Results Complete: true
  NumTestProcesses: 6
  CPU_INTEGER_MATH: 5118.3426666666664
  CPU_FLOATINGPOINT_MATH: 1394.4714215455917
  CPU_PRIME: 5.1650234732470217
  CPU_SORTING: 2181.0519175366644
  CPU_ENCRYPTION: 142.23819061124692
  CPU_COMPRESSION: 3563.0502955479105
  CPU_SINGLETHREAD: 182.07853712963023
  CPU_PHYSICS: 88.754342603487871
  CPU_MATRIX_MULT_SSE: 305.71467594891931
  CPU_mm: 91.888389575221666
  CPU_sse: 214.76587182112564
  CPU_fma: 396.6634800767128
  CPU_avx: 0
  CPU_avx512: 0
  m_CPU_enc_SHA: 209513215.48476484
  m_CPU_enc_AES: 112686354.65050338
  m_CPU_enc_ECDSA: 125243088.73986828
  ME_ALLOC_S: 0
  ME_READ_S: 0
  ME_READ_L: 0
  ME_WRITE: 0
  ME_LARGE: 0
  ME_LATENCY: 0
  ME_THREADED: 0
  SUMM_CPU: 532.53378332226384
  SUMM_ME: 0
SystemInformation:
  OSName: Ubuntu 18.04.6 LTS
  Kernel: 4.9.337-tegra
  Device: quill
  Processor: ARM Cortex-A57 6 Core 2035 MHz
  NumSockets: 2
  Manufacturer: ARM
  NumCores: 6
  NumLogicals: 6
  CPUFrequency: 2035
  Memory: 7850
Checksum: F86F8D0BCF5BEF316047A06D2808CF333C0C3A05