BaselineInfo:
  WebDBID: -1
  TimeStamp: 20240828120158
Version:
  Major: 11
  Minor: 0
  Build: 1002
  SpecialBuildName: ""
  ptArchitecture: aarch64_linux
Results:
  Results Complete: true
  NumTestProcesses: 6
  CPU_INTEGER_MATH: 6131.7019999999993
  CPU_FLOATINGPOINT_MATH: 1660.2355788203408
  CPU_PRIME: 5.524900782521474
  CPU_SORTING: 2532.7504845109843
  CPU_ENCRYPTION: 171.21340794045511
  CPU_COMPRESSION: 4268.5553380778756
  CPU_SINGLETHREAD: 216.5198041551524
  CPU_PHYSICS: 95.38459074167919
  CPU_MATRIX_MULT_SSE: 365.12638251951188
  CPU_mm: 109.79940838284821
  CPU_sse: 256.89347959519478
  CPU_fma: 473.35928544382904
  CPU_avx: 0
  CPU_avx512: 0
  m_CPU_enc_SHA: 252814555.40272024
  m_CPU_enc_AES: 134909815.15101013
  m_CPU_enc_ECDSA: 150866440.77998164
  ME_ALLOC_S: 0
  ME_READ_S: 0
  ME_READ_L: 0
  ME_WRITE: 0
  ME_LARGE: 0
  ME_LATENCY: 0
  ME_THREADED: 0
  SUMM_CPU: 633.7054387435868
  SUMM_ME: 0
SystemInformation:
  OSName: Ubuntu 18.04.6 LTS
  Kernel: 4.9.337-tegra
  Device: quill
  Processor: ARM Cortex-A57 6 Core 2035 MHz
  NumSockets: 2
  Manufacturer: ARM
  NumCores: 6
  NumLogicals: 6
  CPUFrequency: 2035
  Memory: 7850
Checksum: C82E8ECE80145E84DDD3FA20319B31F617EABF7C