BaselineInfo:
  WebDBID: -1
  TimeStamp: 20240827230444
Version:
  Major: 11
  Minor: 0
  Build: 1002
  SpecialBuildName: ""
  ptArchitecture: aarch64_linux
Results:
  Results Complete: true
  NumTestProcesses: 6
  CPU_INTEGER_MATH: 1853.6206666666667
  CPU_FLOATINGPOINT_MATH: 466.28459902666441
  CPU_PRIME: 2.1578239363408986
  CPU_SORTING: 919.17772069905686
  CPU_ENCRYPTION: 57.929158195971432
  CPU_COMPRESSION: 0
  CPU_SINGLETHREAD: 234.89324570077656
  CPU_PHYSICS: 40.729488409472907
  CPU_MATRIX_MULT_SSE: 101.67320314228201
  CPU_mm: 32.129689634277995
  CPU_sse: 69.426714071914787
  CPU_fma: 133.91969221264918
  CPU_avx: 0
  CPU_avx512: 0
  m_CPU_enc_SHA: 85179917.160983697
  m_CPU_enc_AES: 44799885.564159997
  m_CPU_enc_ECDSA: 52249572.228353135
  ME_ALLOC_S: 0
  ME_READ_S: 0
  ME_READ_L: 0
  ME_WRITE: 0
  ME_LARGE: 0
  ME_LATENCY: 0
  ME_THREADED: 0
  SUMM_CPU: 0
  SUMM_ME: 0
SystemInformation:
  OSName: Ubuntu 18.04.6 LTS
  Kernel: 4.9.337-tegra
  Device: quill
  Processor: ARM Cortex-A57 6 Core 2035 MHz
  NumSockets: 2
  Manufacturer: ARM
  NumCores: 6
  NumLogicals: 6
  CPUFrequency: 2035
  Memory: 7850
Checksum: 665042A99A5EFC412A9FF3808D756E2FEF90198D