BaselineInfo:
  WebDBID: -1
  TimeStamp: 20240827234535
Version:
  Major: 11
  Minor: 0
  Build: 1002
  SpecialBuildName: ""
  ptArchitecture: aarch64_linux
Results:
  Results Complete: true
  NumTestProcesses: 6
  CPU_INTEGER_MATH: 3141.8919999999998
  CPU_FLOATINGPOINT_MATH: 849.09941491887162
  CPU_PRIME: 3.8964858695146738
  CPU_SORTING: 1358.856379752481
  CPU_ENCRYPTION: 85.746010058440802
  CPU_COMPRESSION: 2138.8473140190836
  CPU_SINGLETHREAD: 112.5555261321087
  CPU_PHYSICS: 67.1788325928283
  CPU_MATRIX_MULT_SSE: 185.62741929685774
  CPU_mm: 56.010056885944564
  CPU_sse: 130.42073324669568
  CPU_fma: 240.83410534701983
  CPU_avx: 0
  CPU_avx512: 0
  m_CPU_enc_SHA: 129159436.49106085
  m_CPU_enc_AES: 68047582.688523799
  m_CPU_enc_ECDSA: 72526605.549534246
  ME_ALLOC_S: 0
  ME_READ_S: 0
  ME_READ_L: 0
  ME_WRITE: 0
  ME_LARGE: 0
  ME_LATENCY: 0
  ME_THREADED: 0
  SUMM_CPU: 325.3751708537369
  SUMM_ME: 0
SystemInformation:
  OSName: Ubuntu 18.04.6 LTS
  Kernel: 4.9.337-tegra
  Device: quill
  Processor: ARM Cortex-A57 6 Core 2035 MHz
  NumSockets: 2
  Manufacturer: ARM
  NumCores: 6
  NumLogicals: 6
  CPUFrequency: 2035
  Memory: 7850
Checksum: 0743580832DE3B8216B17540A8598E48C381A3A0