BaselineInfo:
  WebDBID: -1
  TimeStamp: 20240827213851
Version:
  Major: 11
  Minor: 0
  Build: 1002
  SpecialBuildName: ""
  ptArchitecture: aarch64_linux
Results:
  Results Complete: true
  NumTestProcesses: 6
  CPU_INTEGER_MATH: 1667.8846666666666
  CPU_FLOATINGPOINT_MATH: 252.46462308547808
  CPU_PRIME: 0
  CPU_SORTING: 118.61511357641416
  CPU_ENCRYPTION: 0.18642860401847908
  CPU_COMPRESSION: 29.515469918169323
  CPU_SINGLETHREAD: 0
  CPU_PHYSICS: 0
  CPU_MATRIX_MULT_SSE: 32.75316723943596
  CPU_mm: 9.8106891234548552
  CPU_sse: 24.322635539111722
  CPU_fma: 41.183698939760205
  CPU_avx: 0
  CPU_avx512: 0
  m_CPU_enc_SHA: 0
  m_CPU_enc_AES: 30513404.761814311
  m_CPU_enc_ECDSA: 0
  ME_ALLOC_S: 0
  ME_READ_S: 0
  ME_READ_L: 0
  ME_WRITE: 0
  ME_LARGE: 0
  ME_LATENCY: 0
  ME_THREADED: 0
  SUMM_CPU: 0
  SUMM_ME: 0
SystemInformation:
  OSName: Ubuntu 18.04.6 LTS
  Kernel: 4.9.337-tegra
  Device: quill
  Processor: ARM Cortex-A57 6 Core 2035 MHz
  NumSockets: 2
  Manufacturer: ARM
  NumCores: 6
  NumLogicals: 6
  CPUFrequency: 2035
  Memory: 7850
Checksum: A511DC95A76B534A7E820190417DC76A3EA20A00