BaselineInfo:
  WebDBID: -1
  TimeStamp: 20240828121520
Version:
  Major: 11
  Minor: 0
  Build: 1002
  SpecialBuildName: ""
  ptArchitecture: aarch64_linux
Results:
  Results Complete: true
  NumTestProcesses: 6
  CPU_INTEGER_MATH: 6140.6953333333331
  CPU_FLOATINGPOINT_MATH: 1652.7356491104667
  CPU_PRIME: 5.5293466776811178
  CPU_SORTING: 2619.2585818917332
  CPU_ENCRYPTION: 171.09039628458615
  CPU_COMPRESSION: 4286.9789649603872
  CPU_SINGLETHREAD: 215.91332930761513
  CPU_PHYSICS: 96.479175731236325
  CPU_MATRIX_MULT_SSE: 365.3187005025024
  CPU_mm: 109.72360789609408
  CPU_sse: 256.5051867966975
  CPU_fma: 474.13221420830723
  CPU_avx: 0
  CPU_avx512: 0
  m_CPU_enc_SHA: 245261231.78750062
  m_CPU_enc_AES: 133977350.34336281
  m_CPU_enc_ECDSA: 158965267.99265516
  ME_ALLOC_S: 0
  ME_READ_S: 0
  ME_READ_L: 0
  ME_WRITE: 0
  ME_LARGE: 0
  ME_LATENCY: 0
  ME_THREADED: 0
  SUMM_CPU: 635.20152759293035
  SUMM_ME: 0
SystemInformation:
  OSName: Ubuntu 18.04.6 LTS
  Kernel: 4.9.337-tegra
  Device: quill
  Processor: ARM Cortex-A57 6 Core 2035 MHz
  NumSockets: 2
  Manufacturer: ARM
  NumCores: 6
  NumLogicals: 6
  CPUFrequency: 2035
  Memory: 7850
Checksum: F25F6D09B89131E1CC23713B0FE379E18C316C7E