BaselineInfo:
  WebDBID: -1
  TimeStamp: 20240828150804
Version:
  Major: 11
  Minor: 0
  Build: 1002
  SpecialBuildName: ""
  ptArchitecture: aarch64_linux
Results:
  Results Complete: true
  NumTestProcesses: 6
  CPU_INTEGER_MATH: 6678.9226666666664
  CPU_FLOATINGPOINT_MATH: 1240.4013518683475
  CPU_PRIME: 0.57487767610391383
  CPU_SORTING: 537.09205294853984
  CPU_ENCRYPTION: 159.03648827450982
  CPU_COMPRESSION: 3169.357584449348
  CPU_SINGLETHREAD: 191.7087643305421
  CPU_PHYSICS: 10.679278842299068
  CPU_MATRIX_MULT_SSE: 392.48641069233287
  CPU_mm: 121.20167929555225
  CPU_sse: 283.8076814728559
  CPU_fma: 501.16513991180977
  CPU_avx: 0
  CPU_avx512: 0
  m_CPU_enc_SHA: 226976992.47232932
  m_CPU_enc_AES: 132862480.15989529
  m_CPU_enc_ECDSA: 140446061.55457261
  ME_ALLOC_S: 0
  ME_READ_S: 0
  ME_READ_L: 0
  ME_WRITE: 0
  ME_LARGE: 0
  ME_LATENCY: 0
  ME_THREADED: 0
  SUMM_CPU: 366.96406214894006
  SUMM_ME: 0
SystemInformation:
  OSName: Ubuntu 18.04.6 LTS
  Kernel: 4.9.337-tegra
  Device: quill
  Processor: ARM Cortex-A57 6 Core 2035 MHz
  NumSockets: 2
  Manufacturer: ARM
  NumCores: 6
  NumLogicals: 6
  CPUFrequency: 2035
  Memory: 7850
Checksum: 2614C0BBAD4EE761E5A25C0C1D99996A54DC8F0D