BaselineInfo:
  WebDBID: -1
  TimeStamp: 20240828135805
Version:
  Major: 11
  Minor: 0
  Build: 1002
  SpecialBuildName: ""
  ptArchitecture: aarch64_linux
Results:
  Results Complete: true
  NumTestProcesses: 6
  CPU_INTEGER_MATH: 7082.2973333333339
  CPU_FLOATINGPOINT_MATH: 1908.6187255952057
  CPU_PRIME: 6.166877138272107
  CPU_SORTING: 2935.6480138386878
  CPU_ENCRYPTION: 195.82838145140585
  CPU_COMPRESSION: 4849.1330011605796
  CPU_SINGLETHREAD: 248.10679772061701
  CPU_PHYSICS: 102.13413275590044
  CPU_MATRIX_MULT_SSE: 421.82790626049621
  CPU_mm: 126.92581764200249
  CPU_sse: 296.94016531158655
  CPU_fma: 546.7156472094058
  CPU_avx: 0
  CPU_avx512: 0
  m_CPU_enc_SHA: 296627630.64915341
  m_CPU_enc_AES: 156529293.95771214
  m_CPU_enc_ECDSA: 162865898.1195024
  ME_ALLOC_S: 0
  ME_READ_S: 0
  ME_READ_L: 0
  ME_WRITE: 0
  ME_LARGE: 0
  ME_LATENCY: 0
  ME_THREADED: 0
  SUMM_CPU: 723.9485745569649
  SUMM_ME: 0
SystemInformation:
  OSName: Ubuntu 18.04.6 LTS
  Kernel: 4.9.337-tegra
  Device: quill
  Processor: ARM Cortex-A57 6 Core 2035 MHz
  NumSockets: 2
  Manufacturer: ARM
  NumCores: 6
  NumLogicals: 6
  CPUFrequency: 2035
  Memory: 7850
Checksum: F8EEA8D33B16B5E314FD658348D554AF4D78F85C