BaselineInfo:
  WebDBID: -1
  TimeStamp: 20240828160520
Version:
  Major: 11
  Minor: 0
  Build: 1002
  SpecialBuildName: ""
  ptArchitecture: aarch64_linux
Results:
  Results Complete: true
  NumTestProcesses: 6
  CPU_INTEGER_MATH: 7933.6346666666668
  CPU_FLOATINGPOINT_MATH: 2154.4904882179244
  CPU_PRIME: 7.3852119225965787
  CPU_SORTING: 3343.6244662672134
  CPU_ENCRYPTION: 222.53404276963397
  CPU_COMPRESSION: 5680.8386409839577
  CPU_SINGLETHREAD: 278.41847517561183
  CPU_PHYSICS: 122.06404931795558
  CPU_MATRIX_MULT_SSE: 473.90085107002005
  CPU_mm: 141.43267257506747
  CPU_sse: 333.02831900447131
  CPU_fma: 614.77338313556868
  CPU_avx: 0
  CPU_avx512: 0
  m_CPU_enc_SHA: 336824925.9922471
  m_CPU_enc_AES: 175817363.8172535
  m_CPU_enc_ECDSA: 187389279.48413441
  ME_ALLOC_S: 0
  ME_READ_S: 0
  ME_READ_L: 0
  ME_WRITE: 0
  ME_LARGE: 0
  ME_LATENCY: 0
  ME_THREADED: 0
  SUMM_CPU: 829.18067749223871
  SUMM_ME: 0
SystemInformation:
  OSName: Ubuntu 18.04.6 LTS
  Kernel: 4.9.337-tegra
  Device: quill
  Processor: ARM Cortex-A57 6 Core 2035 MHz
  NumSockets: 2
  Manufacturer: ARM
  NumCores: 6
  NumLogicals: 6
  CPUFrequency: 2035
  Memory: 7850
Checksum: DF4B9F958B2D01756AF75A6603334D08F31254CA