BaselineInfo:
  WebDBID: -1
  TimeStamp: 20240828203807
Version:
  Major: 11
  Minor: 0
  Build: 1002
  SpecialBuildName: ""
  ptArchitecture: aarch64_linux
Results:
  Results Complete: true
  NumTestProcesses: 6
  CPU_INTEGER_MATH: 8437.4506666666657
  CPU_FLOATINGPOINT_MATH: 2264.6384571982503
  CPU_PRIME: 7.568962099468119
  CPU_SORTING: 3735.8081089128386
  CPU_ENCRYPTION: 251.51608118135181
  CPU_COMPRESSION: 6386.2791573768181
  CPU_SINGLETHREAD: 319.42260808509997
  CPU_PHYSICS: 123.03846653031934
  CPU_MATRIX_MULT_SSE: 540.23601251123853
  CPU_mm: 162.94068702180411
  CPU_sse: 379.99913912997829
  CPU_fma: 700.47288589249877
  CPU_avx: 0
  CPU_avx512: 0
  m_CPU_enc_SHA: 364164356.99703622
  m_CPU_enc_AES: 203167283.53467402
  m_CPU_enc_ECDSA: 223869538.49074119
  ME_ALLOC_S: 0
  ME_READ_S: 0
  ME_READ_L: 0
  ME_WRITE: 0
  ME_LARGE: 0
  ME_LATENCY: 0
  ME_THREADED: 0
  SUMM_CPU: 922.44371274606226
  SUMM_ME: 0
SystemInformation:
  OSName: Ubuntu 18.04.6 LTS
  Kernel: 4.9.337-tegra
  Device: quill
  Processor: ARM Cortex-A57 6 Core 2035 MHz
  NumSockets: 2
  Manufacturer: ARM
  NumCores: 6
  NumLogicals: 6
  CPUFrequency: 2035
  Memory: 7850
Checksum: 318562045A6627BCCF29CA53894DBECD6949F523