BaselineInfo:
  WebDBID: -1
  TimeStamp: 20240828150412
Version:
  Major: 11
  Minor: 0
  Build: 1002
  SpecialBuildName: ""
  ptArchitecture: aarch64_linux
Results:
  Results Complete: true
  NumTestProcesses: 6
  CPU_INTEGER_MATH: 7143.5939999999991
  CPU_FLOATINGPOINT_MATH: 1935.9782839846812
  CPU_PRIME: 7.3247315072050272
  CPU_SORTING: 3016.6587566887983
  CPU_ENCRYPTION: 197.6104071722547
  CPU_COMPRESSION: 5119.882564857925
  CPU_SINGLETHREAD: 251.70327019302997
  CPU_PHYSICS: 120.07672931584548
  CPU_MATRIX_MULT_SSE: 424.03657339738089
  CPU_mm: 127.3019352963974
  CPU_sse: 298.30198486436217
  CPU_fma: 549.77116193039956
  CPU_avx: 0
  CPU_avx512: 0
  m_CPU_enc_SHA: 292022159.52380198
  m_CPU_enc_AES: 156339379.75000495
  m_CPU_enc_ECDSA: 173267051.65935555
  ME_ALLOC_S: 0
  ME_READ_S: 0
  ME_READ_L: 0
  ME_WRITE: 0
  ME_LARGE: 0
  ME_LATENCY: 0
  ME_THREADED: 0
  SUMM_CPU: 746.50399460899428
  SUMM_ME: 0
SystemInformation:
  OSName: Ubuntu 18.04.6 LTS
  Kernel: 4.9.337-tegra
  Device: quill
  Processor: ARM Cortex-A57 6 Core 2035 MHz
  NumSockets: 2
  Manufacturer: ARM
  NumCores: 6
  NumLogicals: 6
  CPUFrequency: 2035
  Memory: 7850
Checksum: 922BED43E2058A724925A1CE96EC51EDF809C9A5