BaselineInfo:
  WebDBID: -1
  TimeStamp: 20240828181846
Version:
  Major: 11
  Minor: 0
  Build: 1002
  SpecialBuildName: ""
  ptArchitecture: aarch64_linux
Results:
  Results Complete: true
  NumTestProcesses: 6
  CPU_INTEGER_MATH: 9033.8506666666672
  CPU_FLOATINGPOINT_MATH: 2367.6728505501947
  CPU_PRIME: 4.1026986391656868
  CPU_SORTING: 2873.2862607848392
  CPU_ENCRYPTION: 244.86783875178446
  CPU_COMPRESSION: 6062.3388858833732
  CPU_SINGLETHREAD: 305.45794596083164
  CPU_PHYSICS: 66.316101178848527
  CPU_MATRIX_MULT_SSE: 536.27060289846281
  CPU_mm: 162.12819221872019
  CPU_sse: 376.60295291664733
  CPU_fma: 695.93825288027836
  CPU_avx: 0
  CPU_avx512: 0
  m_CPU_enc_SHA: 366626890.09742904
  m_CPU_enc_AES: 191799751.55913231
  m_CPU_enc_ECDSA: 211860975.004412
  ME_ALLOC_S: 0
  ME_READ_S: 0
  ME_READ_L: 0
  ME_WRITE: 0
  ME_LARGE: 0
  ME_LATENCY: 0
  ME_THREADED: 0
  SUMM_CPU: 855.58022150737133
  SUMM_ME: 0
SystemInformation:
  OSName: Ubuntu 18.04.6 LTS
  Kernel: 4.9.337-tegra
  Device: quill
  Processor: ARM Cortex-A57 6 Core 2035 MHz
  NumSockets: 2
  Manufacturer: ARM
  NumCores: 6
  NumLogicals: 6
  CPUFrequency: 2035
  Memory: 7850
Checksum: 2C9F9DBFCC708B37314481DF731B63A4DE83EC22