BaselineInfo:
  WebDBID: -1
  TimeStamp: 20240828152813
Version:
  Major: 11
  Minor: 0
  Build: 1002
  SpecialBuildName: ""
  ptArchitecture: aarch64_linux
Results:
  Results Complete: true
  NumTestProcesses: 6
  CPU_INTEGER_MATH: 7927.2446666666674
  CPU_FLOATINGPOINT_MATH: 2141.9032202190574
  CPU_PRIME: 7.2602229381408687
  CPU_SORTING: 3349.4579694444265
  CPU_ENCRYPTION: 221.6025203026262
  CPU_COMPRESSION: 5596.133870554926
  CPU_SINGLETHREAD: 280.9511649385251
  CPU_PHYSICS: 123.11545937859391
  CPU_MATRIX_MULT_SSE: 471.76708773574711
  CPU_mm: 141.62186722976887
  CPU_sse: 331.85799260217112
  CPU_fma: 611.67618286932304
  CPU_avx: 0
  CPU_avx512: 0
  m_CPU_enc_SHA: 329337589.20745802
  m_CPU_enc_AES: 176262307.53015885
  m_CPU_enc_ECDSA: 191501356.24892297
  ME_ALLOC_S: 0
  ME_READ_S: 0
  ME_READ_L: 0
  ME_WRITE: 0
  ME_LARGE: 0
  ME_LATENCY: 0
  ME_THREADED: 0
  SUMM_CPU: 823.79533374895993
  SUMM_ME: 0
SystemInformation:
  OSName: Ubuntu 18.04.6 LTS
  Kernel: 4.9.337-tegra
  Device: quill
  Processor: ARM Cortex-A57 6 Core 2035 MHz
  NumSockets: 2
  Manufacturer: ARM
  NumCores: 6
  NumLogicals: 6
  CPUFrequency: 2035
  Memory: 7850
Checksum: A268CFBA5D289263AD10969EE97EE426C4C2A771