BaselineInfo:
  WebDBID: -1
  TimeStamp: 20240828145935
Version:
  Major: 11
  Minor: 0
  Build: 1002
  SpecialBuildName: ""
  ptArchitecture: aarch64_linux
Results:
  Results Complete: true
  NumTestProcesses: 6
  CPU_INTEGER_MATH: 7109.3720000000003
  CPU_FLOATINGPOINT_MATH: 1869.0027513210582
  CPU_PRIME: 5.1781791336398335
  CPU_SORTING: 2777.5065189121992
  CPU_ENCRYPTION: 198.2874609035018
  CPU_COMPRESSION: 5058.3567396683684
  CPU_SINGLETHREAD: 247.85749133049467
  CPU_PHYSICS: 84.576537689304047
  CPU_MATRIX_MULT_SSE: 423.04404662172527
  CPU_mm: 126.79326721517123
  CPU_sse: 299.2260287004674
  CPU_fma: 546.86206454298315
  CPU_avx: 0
  CPU_avx512: 0
  m_CPU_enc_SHA: 298226405.210823
  m_CPU_enc_AES: 155678819.09417269
  m_CPU_enc_ECDSA: 169853193.50805527
  ME_ALLOC_S: 0
  ME_READ_S: 0
  ME_READ_L: 0
  ME_WRITE: 0
  ME_LARGE: 0
  ME_LATENCY: 0
  ME_THREADED: 0
  SUMM_CPU: 724.61776493193588
  SUMM_ME: 0
SystemInformation:
  OSName: Ubuntu 18.04.6 LTS
  Kernel: 4.9.337-tegra
  Device: quill
  Processor: ARM Cortex-A57 6 Core 2035 MHz
  NumSockets: 2
  Manufacturer: ARM
  NumCores: 6
  NumLogicals: 6
  CPUFrequency: 2035
  Memory: 7850
Checksum: 85B46A402189264B77DE9DE0A700F25276D26FB7