BaselineInfo:
  WebDBID: -1
  TimeStamp: 20240828183127
Version:
  Major: 11
  Minor: 0
  Build: 1002
  SpecialBuildName: ""
  ptArchitecture: aarch64_linux
Results:
  Results Complete: true
  NumTestProcesses: 6
  CPU_INTEGER_MATH: 9062.866
  CPU_FLOATINGPOINT_MATH: 2419.9164777681813
  CPU_PRIME: 5.5847535598663152
  CPU_SORTING: 3399.735807942825
  CPU_ENCRYPTION: 246.90184071370999
  CPU_COMPRESSION: 6399.0863163212707
  CPU_SINGLETHREAD: 311.92577212417609
  CPU_PHYSICS: 92.695957254190731
  CPU_MATRIX_MULT_SSE: 540.29269851281629
  CPU_mm: 161.77439543347262
  CPU_sse: 380.72946740388483
  CPU_fma: 699.85592962174792
  CPU_avx: 0
  CPU_avx512: 0
  m_CPU_enc_SHA: 367812968.24409288
  m_CPU_enc_AES: 199948540.05004194
  m_CPU_enc_ECDSA: 208924525.29052261
  ME_ALLOC_S: 0
  ME_READ_S: 0
  ME_READ_L: 0
  ME_WRITE: 0
  ME_LARGE: 0
  ME_LATENCY: 0
  ME_THREADED: 0
  SUMM_CPU: 905.1938999418195
  SUMM_ME: 0
SystemInformation:
  OSName: Ubuntu 18.04.6 LTS
  Kernel: 4.9.337-tegra
  Device: quill
  Processor: ARM Cortex-A57 6 Core 2035 MHz
  NumSockets: 2
  Manufacturer: ARM
  NumCores: 6
  NumLogicals: 6
  CPUFrequency: 2035
  Memory: 7850
Checksum: AF0F2B81B8EA09D2650DFDCB0E2AAEA225D6F36D