BaselineInfo:
  WebDBID: -1
  TimeStamp: 20240828045344
Version:
  Major: 11
  Minor: 0
  Build: 1002
  SpecialBuildName: ""
  ptArchitecture: aarch64_linux
Results:
  Results Complete: true
  NumTestProcesses: 6
  CPU_INTEGER_MATH: 4139.3000000000002
  CPU_FLOATINGPOINT_MATH: 1122.4033350226107
  CPU_PRIME: 4.6522742829438002
  CPU_SORTING: 1767.2440822030605
  CPU_ENCRYPTION: 117.69127767086118
  CPU_COMPRESSION: 2869.492323567787
  CPU_SINGLETHREAD: 147.8800020015365
  CPU_PHYSICS: 84.394350528106045
  CPU_MATRIX_MULT_SSE: 246.49939616075216
  CPU_mm: 73.955739654484347
  CPU_sse: 174.24140169370855
  CPU_fma: 318.7573906277957
  CPU_avx: 0
  CPU_avx512: 0
  m_CPU_enc_SHA: 170301182.70304495
  m_CPU_enc_AES: 92557819.235725194
  m_CPU_enc_ECDSA: 107365745.58623263
  ME_ALLOC_S: 0
  ME_READ_S: 0
  ME_READ_L: 0
  ME_WRITE: 0
  ME_LARGE: 0
  ME_LATENCY: 0
  ME_THREADED: 0
  SUMM_CPU: 435.20442608072858
  SUMM_ME: 0
SystemInformation:
  OSName: Ubuntu 18.04.6 LTS
  Kernel: 4.9.337-tegra
  Device: quill
  Processor: ARM Cortex-A57 6 Core 2035 MHz
  NumSockets: 2
  Manufacturer: ARM
  NumCores: 6
  NumLogicals: 6
  CPUFrequency: 2035
  Memory: 7850
Checksum: 7C7F422B61955883BCA05F4F353D266B28405B18