BaselineInfo:
  WebDBID: -1
  TimeStamp: 20240828121220
Version:
  Major: 11
  Minor: 0
  Build: 1002
  SpecialBuildName: ""
  ptArchitecture: aarch64_linux
Results:
  Results Complete: true
  NumTestProcesses: 6
  CPU_INTEGER_MATH: 6113.1473333333333
  CPU_FLOATINGPOINT_MATH: 1586.0914771583521
  CPU_PRIME: 3.6100125191856955
  CPU_SORTING: 2235.4771688145015
  CPU_ENCRYPTION: 169.64687555633188
  CPU_COMPRESSION: 4166.0982564983624
  CPU_SINGLETHREAD: 211.53916003601424
  CPU_PHYSICS: 60.57541530079056
  CPU_MATRIX_MULT_SSE: 363.46389778641236
  CPU_mm: 109.79456531512261
  CPU_sse: 255.87338640725994
  CPU_fma: 471.05440916556483
  CPU_avx: 0
  CPU_avx512: 0
  m_CPU_enc_SHA: 249015562.4697957
  m_CPU_enc_AES: 133374865.81392756
  m_CPU_enc_ECDSA: 151272498.2663455
  ME_ALLOC_S: 0
  ME_READ_S: 0
  ME_READ_L: 0
  ME_WRITE: 0
  ME_LARGE: 0
  ME_LATENCY: 0
  ME_THREADED: 0
  SUMM_CPU: 603.61603214666911
  SUMM_ME: 0
SystemInformation:
  OSName: Ubuntu 18.04.6 LTS
  Kernel: 4.9.337-tegra
  Device: quill
  Processor: ARM Cortex-A57 6 Core 2035 MHz
  NumSockets: 2
  Manufacturer: ARM
  NumCores: 6
  NumLogicals: 6
  CPUFrequency: 2035
  Memory: 7850
Checksum: F55863532C779A22DCEED0C6E02FA4CB55732D03