BaselineInfo:
  WebDBID: -1
  TimeStamp: 20240828135200
Version:
  Major: 11
  Minor: 0
  Build: 1002
  SpecialBuildName: ""
  ptArchitecture: aarch64_linux
Results:
  Results Complete: true
  NumTestProcesses: 6
  CPU_INTEGER_MATH: 6638.7366666666676
  CPU_FLOATINGPOINT_MATH: 1300.6610419019248
  CPU_PRIME: 0.56924957215313465
  CPU_SORTING: 522.89486989079205
  CPU_ENCRYPTION: 154.62200261294313
  CPU_COMPRESSION: 3133.3704253849014
  CPU_SINGLETHREAD: 192.78041884434313
  CPU_PHYSICS: 10.172866200258698
  CPU_MATRIX_MULT_SSE: 378.90699261800449
  CPU_mm: 117.8155042096086
  CPU_sse: 277.53004922141446
  CPU_fma: 480.28393601459459
  CPU_avx: 0
  CPU_avx512: 0
  m_CPU_enc_SHA: 229352231.82218295
  m_CPU_enc_AES: 132827550.33642966
  m_CPU_enc_ECDSA: 124218980.87699577
  ME_ALLOC_S: 0
  ME_READ_S: 0
  ME_READ_L: 0
  ME_WRITE: 0
  ME_LARGE: 0
  ME_LATENCY: 0
  ME_THREADED: 0
  SUMM_CPU: 360.37563297133408
  SUMM_ME: 0
SystemInformation:
  OSName: Ubuntu 18.04.6 LTS
  Kernel: 4.9.337-tegra
  Device: quill
  Processor: ARM Cortex-A57 6 Core 2035 MHz
  NumSockets: 2
  Manufacturer: ARM
  NumCores: 6
  NumLogicals: 6
  CPUFrequency: 2035
  Memory: 7850
Checksum: F70032422CAF82F4164945F6163545ED83CBF5E6