BaselineInfo:
  WebDBID: -1
  TimeStamp: 20240827205518
Version:
  Major: 11
  Minor: 0
  Build: 1002
  SpecialBuildName: ""
  ptArchitecture: aarch64_linux
Results:
  Results Complete: true
  NumTestProcesses: 6
  CPU_INTEGER_MATH: 1845.6686666666669
  CPU_FLOATINGPOINT_MATH: 477.45333235443445
  CPU_PRIME: 2.3127801627190325
  CPU_SORTING: 827.11507535582871
  CPU_ENCRYPTION: 61.470015323667461
  CPU_COMPRESSION: 0
  CPU_SINGLETHREAD: 77.875750020556367
  CPU_PHYSICS: 49.277207953665695
  CPU_MATRIX_MULT_SSE: 127.49032904809114
  CPU_mm: 38.358567164208928
  CPU_sse: 89.950737153666708
  CPU_fma: 165.02992094251564
  CPU_avx: 0
  CPU_avx512: 0
  m_CPU_enc_SHA: 86123960.54767023
  m_CPU_enc_AES: 46778873.239211641
  m_CPU_enc_ECDSA: 60465114.577207923
  ME_ALLOC_S: 0
  ME_READ_S: 0
  ME_READ_L: 0
  ME_WRITE: 0
  ME_LARGE: 0
  ME_LATENCY: 0
  ME_THREADED: 0
  SUMM_CPU: 0
  SUMM_ME: 0
SystemInformation:
  OSName: Ubuntu 18.04.6 LTS
  Kernel: 4.9.337-tegra
  Device: quill
  Processor: ARM Cortex-A57 6 Core 2035 MHz
  NumSockets: 2
  Manufacturer: ARM
  NumCores: 6
  NumLogicals: 6
  CPUFrequency: 2035
  Memory: 7850
Checksum: 2ECCBF239FC5EF9CCC8722F18ED56108D2E501F0