BaselineInfo:
  WebDBID: -1
  TimeStamp: 20240828010507
Version:
  Major: 11
  Minor: 0
  Build: 1002
  SpecialBuildName: ""
  ptArchitecture: aarch64_linux
Results:
  Results Complete: true
  NumTestProcesses: 6
  CPU_INTEGER_MATH: 2534.0846666666666
  CPU_FLOATINGPOINT_MATH: 480.0154201342574
  CPU_PRIME: 0.54409202881042362
  CPU_SORTING: 480.12584857517373
  CPU_ENCRYPTION: 75.436906106121484
  CPU_COMPRESSION: 1587.8622781173672
  CPU_SINGLETHREAD: 96.901151724157643
  CPU_PHYSICS: 10.025533734818763
  CPU_MATRIX_MULT_SSE: 176.04242927329761
  CPU_mm: 53.36135772698124
  CPU_sse: 125.75969753761223
  CPU_fma: 226.32516100898297
  CPU_avx: 0
  CPU_avx512: 0
  m_CPU_enc_SHA: 105128292.11356391
  m_CPU_enc_AES: 62528215.655542225
  m_CPU_enc_ECDSA: 69647480.002291173
  ME_ALLOC_S: 0
  ME_READ_S: 0
  ME_READ_L: 0
  ME_WRITE: 0
  ME_LARGE: 0
  ME_LATENCY: 0
  ME_THREADED: 0
  SUMM_CPU: 211.65771949111891
  SUMM_ME: 0
SystemInformation:
  OSName: Ubuntu 18.04.6 LTS
  Kernel: 4.9.337-tegra
  Device: quill
  Processor: ARM Cortex-A57 6 Core 2035 MHz
  NumSockets: 2
  Manufacturer: ARM
  NumCores: 6
  NumLogicals: 6
  CPUFrequency: 2035
  Memory: 7850
Checksum: 1AE243DA6267A90E2D0F33DAEB60AAB78AB59795