BaselineInfo:
  WebDBID: -1
  TimeStamp: 20240828054058
Version:
  Major: 11
  Minor: 0
  Build: 1002
  SpecialBuildName: ""
  ptArchitecture: aarch64_linux
Results:
  Results Complete: true
  NumTestProcesses: 6
  CPU_INTEGER_MATH: 4142.3293333333331
  CPU_FLOATINGPOINT_MATH: 1122.593902754214
  CPU_PRIME: 4.6705141555950744
  CPU_SORTING: 1746.3238402991017
  CPU_ENCRYPTION: 118.21852764724079
  CPU_COMPRESSION: 2867.4031338591653
  CPU_SINGLETHREAD: 149.44956389141495
  CPU_PHYSICS: 81.998169938320402
  CPU_MATRIX_MULT_SSE: 247.14284118430555
  CPU_mm: 73.709316935579267
  CPU_sse: 173.74278758110751
  CPU_fma: 320.5428947875036
  CPU_avx: 0
  CPU_avx512: 0
  m_CPU_enc_SHA: 180987831.14786333
  m_CPU_enc_AES: 91306204.569030881
  m_CPU_enc_ECDSA: 99589296.821805239
  ME_ALLOC_S: 0
  ME_READ_S: 0
  ME_READ_L: 0
  ME_WRITE: 0
  ME_LARGE: 0
  ME_LATENCY: 0
  ME_THREADED: 0
  SUMM_CPU: 435.61581051104957
  SUMM_ME: 0
SystemInformation:
  OSName: Ubuntu 18.04.6 LTS
  Kernel: 4.9.337-tegra
  Device: quill
  Processor: ARM Cortex-A57 6 Core 2035 MHz
  NumSockets: 2
  Manufacturer: ARM
  NumCores: 6
  NumLogicals: 6
  CPUFrequency: 2035
  Memory: 7850
Checksum: 74BA67EFFCD8ABF2B9E78944725445EB1587ABC9