BaselineInfo:
  WebDBID: -1
  TimeStamp: 20240828065558
Version:
  Major: 11
  Minor: 0
  Build: 1002
  SpecialBuildName: ""
  ptArchitecture: aarch64_linux
Results:
  Results Complete: true
  NumTestProcesses: 6
  CPU_INTEGER_MATH: 5137.9386666666669
  CPU_FLOATINGPOINT_MATH: 1376.9647068301826
  CPU_PRIME: 5.1873398376679081
  CPU_SORTING: 2185.303312274822
  CPU_ENCRYPTION: 141.69340702491311
  CPU_COMPRESSION: 3543.962150194594
  CPU_SINGLETHREAD: 182.11973356894435
  CPU_PHYSICS: 89.038763056263548
  CPU_MATRIX_MULT_SSE: 305.42157938802109
  CPU_mm: 91.755032679181042
  CPU_sse: 215.63767829115875
  CPU_fma: 395.20548048488342
  CPU_avx: 0
  CPU_avx512: 0
  m_CPU_enc_SHA: 209061561.27107373
  m_CPU_enc_AES: 114795520.04846261
  m_CPU_enc_ECDSA: 121871836.57412952
  ME_ALLOC_S: 0
  ME_READ_S: 0
  ME_READ_L: 0
  ME_WRITE: 0
  ME_LARGE: 0
  ME_LATENCY: 0
  ME_THREADED: 0
  SUMM_CPU: 530.64144435416949
  SUMM_ME: 0
SystemInformation:
  OSName: Ubuntu 18.04.6 LTS
  Kernel: 4.9.337-tegra
  Device: quill
  Processor: ARM Cortex-A57 6 Core 2035 MHz
  NumSockets: 2
  Manufacturer: ARM
  NumCores: 6
  NumLogicals: 6
  CPUFrequency: 2035
  Memory: 7850
Checksum: A1D8D4D7E62C7DA61E3312FCF6FBB01106CAEFFF