BaselineInfo:
  WebDBID: -1
  TimeStamp: 20240828105543
Version:
  Major: 11
  Minor: 0
  Build: 1002
  SpecialBuildName: ""
  ptArchitecture: aarch64_linux
Results:
  Results Complete: true
  NumTestProcesses: 6
  CPU_INTEGER_MATH: 6143.5826666666671
  CPU_FLOATINGPOINT_MATH: 1663.2438528771827
  CPU_PRIME: 6.3934347417813022
  CPU_SORTING: 2606.5506045966981
  CPU_ENCRYPTION: 167.46554318639144
  CPU_COMPRESSION: 4241.6581918994634
  CPU_SINGLETHREAD: 216.67640651526841
  CPU_PHYSICS: 103.06999089995273
  CPU_MATRIX_MULT_SSE: 365.56264484895058
  CPU_mm: 110.06489275090554
  CPU_sse: 257.37719858118794
  CPU_fma: 473.74809111671323
  CPU_avx: 0
  CPU_avx512: 0
  m_CPU_enc_SHA: 249243968.65447992
  m_CPU_enc_AES: 134485229.02935219
  m_CPU_enc_ECDSA: 143071850.55280858
  ME_ALLOC_S: 0
  ME_READ_S: 0
  ME_READ_L: 0
  ME_WRITE: 0
  ME_LARGE: 0
  ME_LATENCY: 0
  ME_THREADED: 0
  SUMM_CPU: 633.02802084921711
  SUMM_ME: 0
SystemInformation:
  OSName: Ubuntu 18.04.6 LTS
  Kernel: 4.9.337-tegra
  Device: quill
  Processor: ARM Cortex-A57 6 Core 2035 MHz
  NumSockets: 2
  Manufacturer: ARM
  NumCores: 6
  NumLogicals: 6
  CPUFrequency: 2035
  Memory: 7850
Checksum: 809860B4A5670C5195F555D0692E09BCF5444301