BaselineInfo:
  WebDBID: -1
  TimeStamp: 20240828114634
Version:
  Major: 11
  Minor: 0
  Build: 1002
  SpecialBuildName: ""
  ptArchitecture: aarch64_linux
Results:
  Results Complete: true
  NumTestProcesses: 6
  CPU_INTEGER_MATH: 6138.7546666666667
  CPU_FLOATINGPOINT_MATH: 1643.3914638217434
  CPU_PRIME: 4.791891051463784
  CPU_SORTING: 2484.3484434244419
  CPU_ENCRYPTION: 168.3332370640542
  CPU_COMPRESSION: 4121.6359560540986
  CPU_SINGLETHREAD: 214.61352172715473
  CPU_PHYSICS: 79.838981505055585
  CPU_MATRIX_MULT_SSE: 365.83664102571129
  CPU_mm: 109.66650782861302
  CPU_sse: 256.80910739555827
  CPU_fma: 474.86417465586436
  CPU_avx: 0
  CPU_avx512: 0
  m_CPU_enc_SHA: 248838858.45336172
  m_CPU_enc_AES: 132452885.06722978
  m_CPU_enc_ECDSA: 148238833.64244163
  ME_ALLOC_S: 0
  ME_READ_S: 0
  ME_READ_L: 0
  ME_WRITE: 0
  ME_LARGE: 0
  ME_LATENCY: 0
  ME_THREADED: 0
  SUMM_CPU: 617.80055860155812
  SUMM_ME: 0
SystemInformation:
  OSName: Ubuntu 18.04.6 LTS
  Kernel: 4.9.337-tegra
  Device: quill
  Processor: ARM Cortex-A57 6 Core 2035 MHz
  NumSockets: 2
  Manufacturer: ARM
  NumCores: 6
  NumLogicals: 6
  CPUFrequency: 2035
  Memory: 7850
Checksum: 34CFA8864FAE1091462A0A3C40488831C7125D18