BaselineInfo:
  WebDBID: -1
  TimeStamp: 20240828141839
Version:
  Major: 11
  Minor: 0
  Build: 1002
  SpecialBuildName: ""
  ptArchitecture: aarch64_linux
Results:
  Results Complete: true
  NumTestProcesses: 6
  CPU_INTEGER_MATH: 6849.8433333333332
  CPU_FLOATINGPOINT_MATH: 1499.5106004633526
  CPU_PRIME: 0.95842689208666476
  CPU_SORTING: 854.0550657250094
  CPU_ENCRYPTION: 170.41701262554099
  CPU_COMPRESSION: 3893.5063139279741
  CPU_SINGLETHREAD: 209.61231303287482
  CPU_PHYSICS: 17.262233157978059
  CPU_MATRIX_MULT_SSE: 409.27184376559279
  CPU_mm: 123.77769177130277
  CPU_sse: 286.84056940950109
  CPU_fma: 531.70311812168461
  CPU_avx: 0
  CPU_avx512: 0
  m_CPU_enc_SHA: 255693605.56628174
  m_CPU_enc_AES: 143099861.18068141
  m_CPU_enc_ECDSA: 137292101.54555467
  ME_ALLOC_S: 0
  ME_READ_S: 0
  ME_READ_L: 0
  ME_WRITE: 0
  ME_LARGE: 0
  ME_LATENCY: 0
  ME_THREADED: 0
  SUMM_CPU: 472.51869504670412
  SUMM_ME: 0
SystemInformation:
  OSName: Ubuntu 18.04.6 LTS
  Kernel: 4.9.337-tegra
  Device: quill
  Processor: ARM Cortex-A57 6 Core 2035 MHz
  NumSockets: 2
  Manufacturer: ARM
  NumCores: 6
  NumLogicals: 6
  CPUFrequency: 2035
  Memory: 7850
Checksum: 2B2B14218F6C8F0EA5EEE86CE8285815872017A0