BaselineInfo:
  WebDBID: -1
  TimeStamp: 20240827193232
Version:
  Major: 11
  Minor: 0
  Build: 1002
  SpecialBuildName: ""
  ptArchitecture: aarch64_linux
Results:
  Results Complete: true
  NumTestProcesses: 6
  CPU_INTEGER_MATH: 1798.2406666666668
  CPU_FLOATINGPOINT_MATH: 495.61642147196324
  CPU_PRIME: 2.1211886418263886
  CPU_SORTING: 836.08499295627325
  CPU_ENCRYPTION: 59.765547284518739
  CPU_COMPRESSION: 0
  CPU_SINGLETHREAD: 226.56031155101402
  CPU_PHYSICS: 249.35017231690028
  CPU_MATRIX_MULT_SSE: 106.94567187268039
  CPU_mm: 33.342667660036739
  CPU_sse: 77.903942266011313
  CPU_fma: 135.98740147934944
  CPU_avx: 0
  CPU_avx512: 0
  m_CPU_enc_SHA: 85333959.610171571
  m_CPU_enc_AES: 46977205.899965927
  m_CPU_enc_ECDSA: 55694990.018097073
  ME_ALLOC_S: 0
  ME_READ_S: 0
  ME_READ_L: 0
  ME_WRITE: 0
  ME_LARGE: 0
  ME_LATENCY: 0
  ME_THREADED: 0
  SUMM_CPU: 0
  SUMM_ME: 0
SystemInformation:
  OSName: Ubuntu 18.04.6 LTS
  Kernel: 4.9.337-tegra
  Device: quill
  Processor: ARM Cortex-A57 6 Core 2035 MHz
  NumSockets: 2
  Manufacturer: ARM
  NumCores: 6
  NumLogicals: 6
  CPUFrequency: 2035
  Memory: 7850
Checksum: 8F250365AF55F27A522A1D99B01CF1DFC7090A43