BaselineInfo:
  WebDBID: -1
  TimeStamp: 20240828120455
Version:
  Major: 11
  Minor: 0
  Build: 1002
  SpecialBuildName: ""
  ptArchitecture: aarch64_linux
Results:
  Results Complete: true
  NumTestProcesses: 6
  CPU_INTEGER_MATH: 6133.3586666666661
  CPU_FLOATINGPOINT_MATH: 1664.6349613189855
  CPU_PRIME: 6.6612285725399882
  CPU_SORTING: 2644.6464775763561
  CPU_ENCRYPTION: 167.9230282707382
  CPU_COMPRESSION: 4440.6650598193501
  CPU_SINGLETHREAD: 217.98669923544449
  CPU_PHYSICS: 113.63521207014288
  CPU_MATRIX_MULT_SSE: 366.21943103512058
  CPU_mm: 109.84379016877357
  CPU_sse: 258.56607662891656
  CPU_fma: 473.87278544132454
  CPU_avx: 0
  CPU_avx512: 0
  m_CPU_enc_SHA: 262281039.96688834
  m_CPU_enc_AES: 133215877.04776078
  m_CPU_enc_ECDSA: 132743254.86140363
  ME_ALLOC_S: 0
  ME_READ_S: 0
  ME_READ_L: 0
  ME_WRITE: 0
  ME_LARGE: 0
  ME_LATENCY: 0
  ME_THREADED: 0
  SUMM_CPU: 644.53392622620993
  SUMM_ME: 0
SystemInformation:
  OSName: Ubuntu 18.04.6 LTS
  Kernel: 4.9.337-tegra
  Device: quill
  Processor: ARM Cortex-A57 6 Core 2035 MHz
  NumSockets: 2
  Manufacturer: ARM
  NumCores: 6
  NumLogicals: 6
  CPUFrequency: 2035
  Memory: 7850
Checksum: 28D19ADEFEB67284B25291B6A5B19575A0B33A34