BaselineInfo:
  WebDBID: -1
  TimeStamp: 20240827234659
Version:
  Major: 11
  Minor: 0
  Build: 1002
  SpecialBuildName: ""
  ptArchitecture: aarch64_linux
Results:
  Results Complete: true
  NumTestProcesses: 6
  CPU_INTEGER_MATH: 3134.4606666666664
  CPU_FLOATINGPOINT_MATH: 855.25911935575311
  CPU_PRIME: 4.0517427642875958
  CPU_SORTING: 1334.6720058122628
  CPU_ENCRYPTION: 87.610903851156905
  CPU_COMPRESSION: 2141.7179732155892
  CPU_SINGLETHREAD: 112.83526926815523
  CPU_PHYSICS: 67.564431336924685
  CPU_MATRIX_MULT_SSE: 186.24818376433274
  CPU_mm: 56.311819465871451
  CPU_sse: 132.31307997942554
  CPU_fma: 240.18328754923996
  CPU_avx: 0
  CPU_avx512: 0
  m_CPU_enc_SHA: 123531216.19624862
  m_CPU_enc_AES: 65759654.793647118
  m_CPU_enc_ECDSA: 86309202.359996423
  ME_ALLOC_S: 0
  ME_READ_S: 0
  ME_READ_L: 0
  ME_WRITE: 0
  ME_LARGE: 0
  ME_LATENCY: 0
  ME_THREADED: 0
  SUMM_CPU: 327.95793454362519
  SUMM_ME: 0
SystemInformation:
  OSName: Ubuntu 18.04.6 LTS
  Kernel: 4.9.337-tegra
  Device: quill
  Processor: ARM Cortex-A57 6 Core 2035 MHz
  NumSockets: 2
  Manufacturer: ARM
  NumCores: 6
  NumLogicals: 6
  CPUFrequency: 2035
  Memory: 7850
Checksum: 01FC7F473FA41E6EF3FC6FC9F29D32C0DB2E7E1A