BaselineInfo:
  WebDBID: -1
  TimeStamp: 20240828045455
Version:
  Major: 11
  Minor: 0
  Build: 1002
  SpecialBuildName: ""
  ptArchitecture: aarch64_linux
Results:
  Results Complete: true
  NumTestProcesses: 6
  CPU_INTEGER_MATH: 4143.9859999999999
  CPU_FLOATINGPOINT_MATH: 1126.8007058239905
  CPU_PRIME: 4.7214748537834126
  CPU_SORTING: 1798.8203510910341
  CPU_ENCRYPTION: 116.79002808575743
  CPU_COMPRESSION: 2820.6471173751966
  CPU_SINGLETHREAD: 148.0381821407328
  CPU_PHYSICS: 85.640975183841675
  CPU_MATRIX_MULT_SSE: 247.67909758149952
  CPU_mm: 73.969824469382331
  CPU_sse: 173.71406353601924
  CPU_fma: 321.6441316269798
  CPU_avx: 0
  CPU_avx512: 0
  m_CPU_enc_SHA: 170051429.55202869
  m_CPU_enc_AES: 93114909.21587491
  m_CPU_enc_ECDSA: 104223322.70224988
  ME_ALLOC_S: 0
  ME_READ_S: 0
  ME_READ_L: 0
  ME_WRITE: 0
  ME_LARGE: 0
  ME_LATENCY: 0
  ME_THREADED: 0
  SUMM_CPU: 433.17158296746504
  SUMM_ME: 0
SystemInformation:
  OSName: Ubuntu 18.04.6 LTS
  Kernel: 4.9.337-tegra
  Device: quill
  Processor: ARM Cortex-A57 6 Core 2035 MHz
  NumSockets: 2
  Manufacturer: ARM
  NumCores: 6
  NumLogicals: 6
  CPUFrequency: 2035
  Memory: 7850
Checksum: 5C16557486470777A97BEC7F4AEDB4F07CD52039