BaselineInfo:
  WebDBID: -1
  TimeStamp: 20240827202859
Version:
  Major: 11
  Minor: 0
  Build: 1002
  SpecialBuildName: ""
  ptArchitecture: aarch64_linux
Results:
  Results Complete: true
  NumTestProcesses: 6
  CPU_INTEGER_MATH: 1778.0293333333334
  CPU_FLOATINGPOINT_MATH: 470.03484112500496
  CPU_PRIME: 1.7930900801828766
  CPU_SORTING: 760.74862009855372
  CPU_ENCRYPTION: 58.149342479726521
  CPU_COMPRESSION: 0
  CPU_SINGLETHREAD: 228.95590247680192
  CPU_PHYSICS: 33.850691703858473
  CPU_MATRIX_MULT_SSE: 110.79850644199868
  CPU_mm: 32.575188625950332
  CPU_sse: 76.889443958976315
  CPU_fma: 144.70756892502112
  CPU_avx: 0
  CPU_avx512: 0
  m_CPU_enc_SHA: 85592486.337869301
  m_CPU_enc_AES: 47818676.648881897
  m_CPU_enc_ECDSA: 49510851.833313972
  ME_ALLOC_S: 0
  ME_READ_S: 0
  ME_READ_L: 0
  ME_WRITE: 0
  ME_LARGE: 0
  ME_LATENCY: 0
  ME_THREADED: 0
  SUMM_CPU: 0
  SUMM_ME: 0
SystemInformation:
  OSName: Ubuntu 18.04.6 LTS
  Kernel: 4.9.337-tegra
  Device: quill
  Processor: ARM Cortex-A57 6 Core 2035 MHz
  NumSockets: 2
  Manufacturer: ARM
  NumCores: 6
  NumLogicals: 6
  CPUFrequency: 2035
  Memory: 7850
Checksum: F504B279AA43F8ECE33C9B6A888C5DF0A750D9D2