BaselineInfo:
  WebDBID: -1
  TimeStamp: 20240828042706
Version:
  Major: 11
  Minor: 0
  Build: 1002
  SpecialBuildName: ""
  ptArchitecture: aarch64_linux
Results:
  Results Complete: true
  NumTestProcesses: 6
  CPU_INTEGER_MATH: 3744.4453333333336
  CPU_FLOATINGPOINT_MATH: 520.44582547063749
  CPU_PRIME: 0
  CPU_SORTING: 23.903278869621939
  CPU_ENCRYPTION: 109.42009228380398
  CPU_COMPRESSION: 64.413883643017925
  CPU_SINGLETHREAD: 0
  CPU_PHYSICS: 0
  CPU_MATRIX_MULT_SSE: 51.331771463946559
  CPU_mm: 19.270471384681553
  CPU_sse: 43.311466669074207
  CPU_fma: 59.352076258818911
  CPU_avx: 0
  CPU_avx512: 0
  m_CPU_enc_SHA: 24715646.511555202
  m_CPU_enc_AES: 51151894.852549061
  m_CPU_enc_ECDSA: 0
  ME_ALLOC_S: 0
  ME_READ_S: 0
  ME_READ_L: 0
  ME_WRITE: 0
  ME_LARGE: 0
  ME_LATENCY: 0
  ME_THREADED: 0
  SUMM_CPU: 0
  SUMM_ME: 0
SystemInformation:
  OSName: Ubuntu 18.04.6 LTS
  Kernel: 4.9.337-tegra
  Device: quill
  Processor: ARM Cortex-A57 6 Core 2035 MHz
  NumSockets: 2
  Manufacturer: ARM
  NumCores: 6
  NumLogicals: 6
  CPUFrequency: 2035
  Memory: 7850
Checksum: 28CBB9663069756EA04D0AF1BD51D47C6E6AEC7F