BaselineInfo:
  WebDBID: -1
  TimeStamp: 20240828115131
Version:
  Major: 11
  Minor: 0
  Build: 1002
  SpecialBuildName: ""
  ptArchitecture: aarch64_linux
Results:
  Results Complete: true
  NumTestProcesses: 6
  CPU_INTEGER_MATH: 6147.0380000000005
  CPU_FLOATINGPOINT_MATH: 1676.8164912975244
  CPU_PRIME: 6.7774911605443009
  CPU_SORTING: 2742.142044956659
  CPU_ENCRYPTION: 169.04019711133932
  CPU_COMPRESSION: 4334.8367143499318
  CPU_SINGLETHREAD: 218.53282074510471
  CPU_PHYSICS: 111.96200530088508
  CPU_MATRIX_MULT_SSE: 365.63398366335662
  CPU_mm: 110.22633861026107
  CPU_sse: 255.57622519248784
  CPU_fma: 475.69174213422542
  CPU_avx: 0
  CPU_avx512: 0
  m_CPU_enc_SHA: 255426069.51718873
  m_CPU_enc_AES: 133868864.28129768
  m_CPU_enc_ECDSA: 142459547.38017285
  ME_ALLOC_S: 0
  ME_READ_S: 0
  ME_READ_L: 0
  ME_WRITE: 0
  ME_LARGE: 0
  ME_LATENCY: 0
  ME_THREADED: 0
  SUMM_CPU: 642.81406737349664
  SUMM_ME: 0
SystemInformation:
  OSName: Ubuntu 18.04.6 LTS
  Kernel: 4.9.337-tegra
  Device: quill
  Processor: ARM Cortex-A57 6 Core 2035 MHz
  NumSockets: 2
  Manufacturer: ARM
  NumCores: 6
  NumLogicals: 6
  CPUFrequency: 2035
  Memory: 7850
Checksum: B9344920E3FAC06AF285A1F71DDD3865D5501BCC