BaselineInfo:
  WebDBID: -1
  TimeStamp: 20240828190222
Version:
  Major: 11
  Minor: 0
  Build: 1002
  SpecialBuildName: ""
  ptArchitecture: aarch64_linux
Results:
  Results Complete: true
  NumTestProcesses: 6
  CPU_INTEGER_MATH: 9090.224666666667
  CPU_FLOATINGPOINT_MATH: 2474.208812195131
  CPU_PRIME: 8.0366654122373813
  CPU_SORTING: 3757.5320906807119
  CPU_ENCRYPTION: 244.1183880703058
  CPU_COMPRESSION: 6667.0974413230879
  CPU_SINGLETHREAD: 318.36275291531678
  CPU_PHYSICS: 132.67358253178304
  CPU_MATRIX_MULT_SSE: 542.747121479974
  CPU_mm: 161.44575601771305
  CPU_sse: 381.32140686180344
  CPU_fma: 704.17283609814444
  CPU_avx: 0
  CPU_avx512: 0
  m_CPU_enc_SHA: 364754012.698511
  m_CPU_enc_AES: 192419299.06040317
  m_CPU_enc_ECDSA: 210756736.90871277
  ME_ALLOC_S: 0
  ME_READ_S: 0
  ME_READ_L: 0
  ME_WRITE: 0
  ME_LARGE: 0
  ME_LATENCY: 0
  ME_THREADED: 0
  SUMM_CPU: 941.05254572414105
  SUMM_ME: 0
SystemInformation:
  OSName: Ubuntu 18.04.6 LTS
  Kernel: 4.9.337-tegra
  Device: quill
  Processor: ARM Cortex-A57 6 Core 2035 MHz
  NumSockets: 2
  Manufacturer: ARM
  NumCores: 6
  NumLogicals: 6
  CPUFrequency: 2035
  Memory: 7850
Checksum: 640252402F6ABA8F5FF40FC767EAA24B8BAF19E5