BaselineInfo:
  WebDBID: -1
  TimeStamp: 20240828034601
Version:
  Major: 11
  Minor: 0
  Build: 1002
  SpecialBuildName: ""
  ptArchitecture: aarch64_linux
Results:
  Results Complete: true
  NumTestProcesses: 6
  CPU_INTEGER_MATH: 4115.3966666666665
  CPU_FLOATINGPOINT_MATH: 1085.4241293613741
  CPU_PRIME: 3.0305608656529759
  CPU_SORTING: 1681.3472920647564
  CPU_ENCRYPTION: 115.31088614100129
  CPU_COMPRESSION: 2742.325498962919
  CPU_SINGLETHREAD: 144.49922962019292
  CPU_PHYSICS: 52.727798444396022
  CPU_MATRIX_MULT_SSE: 242.3916137813398
  CPU_mm: 73.501756979503241
  CPU_sse: 174.22208224225201
  CPU_fma: 310.56114532042761
  CPU_avx: 0
  CPU_avx512: 0
  m_CPU_enc_SHA: 180795810.83862889
  m_CPU_enc_AES: 88485507.14182362
  m_CPU_enc_ECDSA: 93455365.258107215
  ME_ALLOC_S: 0
  ME_READ_S: 0
  ME_READ_L: 0
  ME_WRITE: 0
  ME_LARGE: 0
  ME_LATENCY: 0
  ME_THREADED: 0
  SUMM_CPU: 413.76814755054551
  SUMM_ME: 0
SystemInformation:
  OSName: Ubuntu 18.04.6 LTS
  Kernel: 4.9.337-tegra
  Device: quill
  Processor: ARM Cortex-A57 6 Core 2035 MHz
  NumSockets: 2
  Manufacturer: ARM
  NumCores: 6
  NumLogicals: 6
  CPUFrequency: 2035
  Memory: 7850
Checksum: 16BB29F3A40B1B51C744A676ABAA06BED54BBCB9