BaselineInfo:
  WebDBID: -1
  TimeStamp: 20240828203717
Version:
  Major: 11
  Minor: 0
  Build: 1002
  SpecialBuildName: ""
  ptArchitecture: aarch64_linux
Results:
  Results Complete: true
  NumTestProcesses: 6
  CPU_INTEGER_MATH: 9109.6313333333328
  CPU_FLOATINGPOINT_MATH: 2464.2297335595003
  CPU_PRIME: 6.6359650433293114
  CPU_SORTING: 3619.4654755958413
  CPU_ENCRYPTION: 251.36285546477268
  CPU_COMPRESSION: 6262.9742399110728
  CPU_SINGLETHREAD: 317.81423133535594
  CPU_PHYSICS: 109.0449489275797
  CPU_MATRIX_MULT_SSE: 506.05006475150537
  CPU_mm: 151.73244632360951
  CPU_sse: 362.03898438328923
  CPU_fma: 650.06114511972146
  CPU_avx: 0
  CPU_avx512: 0
  m_CPU_enc_SHA: 384359425.13507187
  m_CPU_enc_AES: 193370894.46029311
  m_CPU_enc_ECDSA: 212988853.0001235
  ME_ALLOC_S: 0
  ME_READ_S: 0
  ME_READ_L: 0
  ME_WRITE: 0
  ME_LARGE: 0
  ME_LATENCY: 0
  ME_THREADED: 0
  SUMM_CPU: 910.47200433988144
  SUMM_ME: 0
SystemInformation:
  OSName: Ubuntu 18.04.6 LTS
  Kernel: 4.9.337-tegra
  Device: quill
  Processor: ARM Cortex-A57 6 Core 2035 MHz
  NumSockets: 2
  Manufacturer: ARM
  NumCores: 6
  NumLogicals: 6
  CPUFrequency: 2035
  Memory: 7850
Checksum: B21FABED90A4B5CFE576E42E82206F9082F6A2D8