BaselineInfo:
  WebDBID: -1
  TimeStamp: 20240828103922
Version:
  Major: 11
  Minor: 0
  Build: 1002
  SpecialBuildName: ""
  ptArchitecture: aarch64_linux
Results:
  Results Complete: true
  NumTestProcesses: 6
  CPU_INTEGER_MATH: 6124.1759999999995
  CPU_FLOATINGPOINT_MATH: 1636.5032353206243
  CPU_PRIME: 4.5131688448400951
  CPU_SORTING: 2502.8352060297234
  CPU_ENCRYPTION: 170.51046473542152
  CPU_COMPRESSION: 4314.3098459728626
  CPU_SINGLETHREAD: 214.36976076033713
  CPU_PHYSICS: 82.278444737437709
  CPU_MATRIX_MULT_SSE: 363.59322824068363
  CPU_mm: 110.07951401455725
  CPU_sse: 256.20960652489782
  CPU_fma: 470.97684995646944
  CPU_avx: 0
  CPU_avx512: 0
  m_CPU_enc_SHA: 250907178.26433587
  m_CPU_enc_AES: 134088184.03408223
  m_CPU_enc_ECDSA: 151384180.91280994
  ME_ALLOC_S: 0
  ME_READ_S: 0
  ME_READ_L: 0
  ME_WRITE: 0
  ME_LARGE: 0
  ME_LATENCY: 0
  ME_THREADED: 0
  SUMM_CPU: 626.82121716327356
  SUMM_ME: 0
SystemInformation:
  OSName: Ubuntu 18.04.6 LTS
  Kernel: 4.9.337-tegra
  Device: quill
  Processor: ARM Cortex-A57 6 Core 2035 MHz
  NumSockets: 2
  Manufacturer: ARM
  NumCores: 6
  NumLogicals: 6
  CPUFrequency: 2035
  Memory: 7850
Checksum: 4B18041A68E03E4DA40FBCD01B26BC5F8EFCEDAB