BaselineInfo:
  WebDBID: -1
  TimeStamp: 20240828160959
Version:
  Major: 11
  Minor: 0
  Build: 1002
  SpecialBuildName: ""
  ptArchitecture: aarch64_linux
Results:
  Results Complete: true
  NumTestProcesses: 6
  CPU_INTEGER_MATH: 7441.5100000000002
  CPU_FLOATINGPOINT_MATH: 1502.6030910441982
  CPU_PRIME: 0.58761352777963394
  CPU_SORTING: 486.58723857857478
  CPU_ENCRYPTION: 169.40130920924682
  CPU_COMPRESSION: 3540.800631068058
  CPU_SINGLETHREAD: 209.06776001176812
  CPU_PHYSICS: 10.838872014378184
  CPU_MATRIX_MULT_SSE: 435.56934101240131
  CPU_mm: 136.69967797904329
  CPU_sse: 309.38183744683732
  CPU_fma: 561.75684457796524
  CPU_avx: 0
  CPU_avx512: 0
  m_CPU_enc_SHA: 250849583.99160638
  m_CPU_enc_AES: 147616770.57154194
  m_CPU_enc_ECDSA: 134424087.05303729
  ME_ALLOC_S: 0
  ME_READ_S: 0
  ME_READ_L: 0
  ME_WRITE: 0
  ME_LARGE: 0
  ME_LATENCY: 0
  ME_THREADED: 0
  SUMM_CPU: 387.44734480257057
  SUMM_ME: 0
SystemInformation:
  OSName: Ubuntu 18.04.6 LTS
  Kernel: 4.9.337-tegra
  Device: quill
  Processor: ARM Cortex-A57 6 Core 2035 MHz
  NumSockets: 2
  Manufacturer: ARM
  NumCores: 6
  NumLogicals: 6
  CPUFrequency: 2035
  Memory: 7850
Checksum: A5DDAD49CB677F93646B87C0F75932D62C7491F8