BaselineInfo:
  WebDBID: -1
  TimeStamp: 20240828080536
Version:
  Major: 11
  Minor: 0
  Build: 1002
  SpecialBuildName: ""
  ptArchitecture: aarch64_linux
Results:
  Results Complete: true
  NumTestProcesses: 6
  CPU_INTEGER_MATH: 5126.3419999999996
  CPU_FLOATINGPOINT_MATH: 1371.6910135339399
  CPU_PRIME: 4.403619499388463
  CPU_SORTING: 2118.7467033432767
  CPU_ENCRYPTION: 142.69507681590687
  CPU_COMPRESSION: 3607.0628845774186
  CPU_SINGLETHREAD: 180.84428438325421
  CPU_PHYSICS: 73.75279774399317
  CPU_MATRIX_MULT_SSE: 305.84947965656892
  CPU_mm: 91.608591792261137
  CPU_sse: 215.4130778801586
  CPU_fma: 396.28588143297935
  CPU_avx: 0
  CPU_avx512: 0
  m_CPU_enc_SHA: 214590233.11426428
  m_CPU_enc_AES: 113271092.15683851
  m_CPU_enc_ECDSA: 121018573.33084622
  ME_ALLOC_S: 0
  ME_READ_S: 0
  ME_READ_L: 0
  ME_WRITE: 0
  ME_LARGE: 0
  ME_LATENCY: 0
  ME_THREADED: 0
  SUMM_CPU: 528.74172608767014
  SUMM_ME: 0
SystemInformation:
  OSName: Ubuntu 18.04.6 LTS
  Kernel: 4.9.337-tegra
  Device: quill
  Processor: ARM Cortex-A57 6 Core 2035 MHz
  NumSockets: 2
  Manufacturer: ARM
  NumCores: 6
  NumLogicals: 6
  CPUFrequency: 2035
  Memory: 7850
Checksum: FACC5499282C365E8DF464699A9561CA8EE34492