BaselineInfo:
  WebDBID: -1
  TimeStamp: 20240828152905
Version:
  Major: 11
  Minor: 0
  Build: 1002
  SpecialBuildName: ""
  ptArchitecture: aarch64_linux
Results:
  Results Complete: true
  NumTestProcesses: 6
  CPU_INTEGER_MATH: 7928.1439999999993
  CPU_FLOATINGPOINT_MATH: 2161.132178849844
  CPU_PRIME: 7.6329478293405622
  CPU_SORTING: 3410.8185174825903
  CPU_ENCRYPTION: 220.26077341829796
  CPU_COMPRESSION: 5749.9917531488727
  CPU_SINGLETHREAD: 279.04467796719342
  CPU_PHYSICS: 124.35668363276163
  CPU_MATRIX_MULT_SSE: 472.32953512989656
  CPU_mm: 141.72619439334051
  CPU_sse: 332.75346780438838
  CPU_fma: 611.90560245540473
  CPU_avx: 0
  CPU_avx512: 0
  m_CPU_enc_SHA: 330569427.13647312
  m_CPU_enc_AES: 174853436.19491142
  m_CPU_enc_ECDSA: 187457618.91221109
  ME_ALLOC_S: 0
  ME_READ_S: 0
  ME_READ_L: 0
  ME_WRITE: 0
  ME_LARGE: 0
  ME_LATENCY: 0
  ME_THREADED: 0
  SUMM_CPU: 831.17758867484565
  SUMM_ME: 0
SystemInformation:
  OSName: Ubuntu 18.04.6 LTS
  Kernel: 4.9.337-tegra
  Device: quill
  Processor: ARM Cortex-A57 6 Core 2035 MHz
  NumSockets: 2
  Manufacturer: ARM
  NumCores: 6
  NumLogicals: 6
  CPUFrequency: 2035
  Memory: 7850
Checksum: 65C73C15B78EB1EF66F48A6C256D735FB341D3CB