BaselineInfo:
  WebDBID: -1
  TimeStamp: 20240828195304
Version:
  Major: 11
  Minor: 0
  Build: 1002
  SpecialBuildName: ""
  ptArchitecture: aarch64_linux
Results:
  Results Complete: true
  NumTestProcesses: 6
  CPU_INTEGER_MATH: 8519.8106666666663
  CPU_FLOATINGPOINT_MATH: 1617.8656590362812
  CPU_PRIME: 0.57401587681183253
  CPU_SORTING: 537.35412955725758
  CPU_ENCRYPTION: 192.62355273686728
  CPU_COMPRESSION: 3882.1559515766194
  CPU_SINGLETHREAD: 235.15651552553337
  CPU_PHYSICS: 10.540792859854221
  CPU_MATRIX_MULT_SSE: 508.48289631704728
  CPU_mm: 153.23824294391693
  CPU_sse: 361.6708214977499
  CPU_fma: 655.29497113634454
  CPU_avx: 0
  CPU_avx512: 0
  m_CPU_enc_SHA: 278686260.77406549
  m_CPU_enc_AES: 164076862.46041372
  m_CPU_enc_ECDSA: 163178180.06936085
  ME_ALLOC_S: 0
  ME_READ_S: 0
  ME_READ_L: 0
  ME_WRITE: 0
  ME_LARGE: 0
  ME_LATENCY: 0
  ME_THREADED: 0
  SUMM_CPU: 415.2398426729701
  SUMM_ME: 0
SystemInformation:
  OSName: Ubuntu 18.04.6 LTS
  Kernel: 4.9.337-tegra
  Device: quill
  Processor: ARM Cortex-A57 6 Core 2035 MHz
  NumSockets: 2
  Manufacturer: ARM
  NumCores: 6
  NumLogicals: 6
  CPUFrequency: 2035
  Memory: 7850
Checksum: 2F496AD5759066C8F4FCAF94878D2FC037900A2D