BaselineInfo:
  WebDBID: -1
  TimeStamp: 20240827233516
Version:
  Major: 11
  Minor: 0
  Build: 1002
  SpecialBuildName: ""
  ptArchitecture: aarch64_linux
Results:
  Results Complete: true
  NumTestProcesses: 6
  CPU_INTEGER_MATH: 984.4860000000001
  CPU_FLOATINGPOINT_MATH: 374.1161474197504
  CPU_PRIME: 0.53828155614704809
  CPU_SORTING: 454.25636079237563
  CPU_ENCRYPTION: 75.431203947543253
  CPU_COMPRESSION: 1592.0329375694791
  CPU_SINGLETHREAD: 94.557706230467275
  CPU_PHYSICS: 9.9089294649602913
  CPU_MATRIX_MULT_SSE: 178.93653127196143
  CPU_mm: 53.374583571543035
  CPU_sse: 127.14632039152519
  CPU_fma: 230.72674215239761
  CPU_avx: 0
  CPU_avx512: 0
  m_CPU_enc_SHA: 107178762.08768107
  m_CPU_enc_AES: 60797119.639566272
  m_CPU_enc_ECDSA: 69310168.604250044
  ME_ALLOC_S: 0
  ME_READ_S: 0
  ME_READ_L: 0
  ME_WRITE: 0
  ME_LARGE: 0
  ME_LATENCY: 0
  ME_THREADED: 0
  SUMM_CPU: 193.30209235743021
  SUMM_ME: 0
SystemInformation:
  OSName: Ubuntu 18.04.6 LTS
  Kernel: 4.9.337-tegra
  Device: quill
  Processor: ARM Cortex-A57 6 Core 2035 MHz
  NumSockets: 2
  Manufacturer: ARM
  NumCores: 6
  NumLogicals: 6
  CPUFrequency: 2035
  Memory: 7850
Checksum: 225EF99D047AF43E73B8E64410C58A7E37E21903