BaselineInfo:
  WebDBID: -1
  TimeStamp: 20240828095307
Version:
  Major: 11
  Minor: 0
  Build: 1002
  SpecialBuildName: ""
  ptArchitecture: aarch64_linux
Results:
  Results Complete: true
  NumTestProcesses: 6
  CPU_INTEGER_MATH: 5457.2966666666662
  CPU_FLOATINGPOINT_MATH: 788.54107768993106
  CPU_PRIME: 0
  CPU_SORTING: 50.921202769160288
  CPU_ENCRYPTION: 107.36013681431945
  CPU_COMPRESSION: 1938.8696247824248
  CPU_SINGLETHREAD: 143.57682271899785
  CPU_PHYSICS: 5.2661501770257546
  CPU_MATRIX_MULT_SSE: 313.96600826251444
  CPU_mm: 101.15319904714991
  CPU_sse: 230.86177553429638
  CPU_fma: 397.07024099073249
  CPU_avx: 0
  CPU_avx512: 0
  m_CPU_enc_SHA: 145497038.90828276
  m_CPU_enc_AES: 83738070.179494619
  m_CPU_enc_ECDSA: 69948939.223892421
  ME_ALLOC_S: 0
  ME_READ_S: 0
  ME_READ_L: 0
  ME_WRITE: 0
  ME_LARGE: 0
  ME_LATENCY: 0
  ME_THREADED: 0
  SUMM_CPU: 0
  SUMM_ME: 0
SystemInformation:
  OSName: Ubuntu 18.04.6 LTS
  Kernel: 4.9.337-tegra
  Device: quill
  Processor: ARM Cortex-A57 6 Core 2035 MHz
  NumSockets: 2
  Manufacturer: ARM
  NumCores: 6
  NumLogicals: 6
  CPUFrequency: 2035
  Memory: 7850
Checksum: 22CF8ABDD34685C869E7DBC5F213C62896CD2142