BaselineInfo:
  WebDBID: -1
  TimeStamp: 20240828200451
Version:
  Major: 11
  Minor: 0
  Build: 1002
  SpecialBuildName: ""
  ptArchitecture: aarch64_linux
Results:
  Results Complete: true
  NumTestProcesses: 6
  CPU_INTEGER_MATH: 8555.2160000000003
  CPU_FLOATINGPOINT_MATH: 1595.4903448363616
  CPU_PRIME: 0.59681895619167025
  CPU_SORTING: 523.56650214592207
  CPU_ENCRYPTION: 186.78450447963152
  CPU_COMPRESSION: 3777.3518292084163
  CPU_SINGLETHREAD: 235.70445764718488
  CPU_PHYSICS: 10.695845452156615
  CPU_MATRIX_MULT_SSE: 508.97018859969643
  CPU_mm: 153.70345887212952
  CPU_sse: 361.22817099738461
  CPU_fma: 656.71220620200836
  CPU_avx: 0
  CPU_avx512: 0
  m_CPU_enc_SHA: 264230463.09139732
  m_CPU_enc_AES: 166441951.41976145
  m_CPU_enc_ECDSA: 156900831.19654354
  ME_ALLOC_S: 0
  ME_READ_S: 0
  ME_READ_L: 0
  ME_WRITE: 0
  ME_LARGE: 0
  ME_LATENCY: 0
  ME_THREADED: 0
  SUMM_CPU: 412.50971871423923
  SUMM_ME: 0
SystemInformation:
  OSName: Ubuntu 18.04.6 LTS
  Kernel: 4.9.337-tegra
  Device: quill
  Processor: ARM Cortex-A57 6 Core 2035 MHz
  NumSockets: 2
  Manufacturer: ARM
  NumCores: 6
  NumLogicals: 6
  CPUFrequency: 2035
  Memory: 7850
Checksum: D18C4F158B66C475CD04B63EA66E74050B4EEA24