BaselineInfo:
  WebDBID: -1
  TimeStamp: 20240828124936
Version:
  Major: 11
  Minor: 0
  Build: 1002
  SpecialBuildName: ""
  ptArchitecture: aarch64_linux
Results:
  Results Complete: true
  NumTestProcesses: 6
  CPU_INTEGER_MATH: 6840.7079999999996
  CPU_FLOATINGPOINT_MATH: 1492.5643894653274
  CPU_PRIME: 0.96539676446009826
  CPU_SORTING: 893.46798056023181
  CPU_ENCRYPTION: 172.70019053253696
  CPU_COMPRESSION: 3725.8496426035008
  CPU_SINGLETHREAD: 207.26097347560386
  CPU_PHYSICS: 17.037843822344666
  CPU_MATRIX_MULT_SSE: 401.99514498778376
  CPU_mm: 123.62301234584477
  CPU_sse: 286.38778300334599
  CPU_fma: 517.60250697222159
  CPU_avx: 0
  CPU_avx512: 0
  m_CPU_enc_SHA: 252252972.45613086
  m_CPU_enc_AES: 143351797.85379782
  m_CPU_enc_ECDSA: 147663054.65360785
  ME_ALLOC_S: 0
  ME_READ_S: 0
  ME_READ_L: 0
  ME_WRITE: 0
  ME_LARGE: 0
  ME_LATENCY: 0
  ME_THREADED: 0
  SUMM_CPU: 469.38505045598424
  SUMM_ME: 0
SystemInformation:
  OSName: Ubuntu 18.04.6 LTS
  Kernel: 4.9.337-tegra
  Device: quill
  Processor: ARM Cortex-A57 6 Core 2035 MHz
  NumSockets: 2
  Manufacturer: ARM
  NumCores: 6
  NumLogicals: 6
  CPUFrequency: 2035
  Memory: 7850
Checksum: C452FA4FEE51C5CD506180429725E6BE131AF897