BaselineInfo:
  WebDBID: -1
  TimeStamp: 20240828100110
Version:
  Major: 11
  Minor: 0
  Build: 1002
  SpecialBuildName: ""
  ptArchitecture: aarch64_linux
Results:
  Results Complete: true
  NumTestProcesses: 6
  CPU_INTEGER_MATH: 6139.4173333333338
  CPU_FLOATINGPOINT_MATH: 1649.5705422148021
  CPU_PRIME: 5.5836451520062456
  CPU_SORTING: 2577.6418533714786
  CPU_ENCRYPTION: 170.69698551816361
  CPU_COMPRESSION: 4354.3254653930398
  CPU_SINGLETHREAD: 216.80344001607298
  CPU_PHYSICS: 97.217922187136381
  CPU_MATRIX_MULT_SSE: 365.69703847174418
  CPU_mm: 109.81162166102337
  CPU_sse: 257.72646450717798
  CPU_fma: 473.66761243631049
  CPU_avx: 0
  CPU_avx512: 0
  m_CPU_enc_SHA: 258843984.05987567
  m_CPU_enc_AES: 131130862.77124016
  m_CPU_enc_ECDSA: 146991440.02896601
  ME_ALLOC_S: 0
  ME_READ_S: 0
  ME_READ_L: 0
  ME_WRITE: 0
  ME_LARGE: 0
  ME_LATENCY: 0
  ME_THREADED: 0
  SUMM_CPU: 637.53445675377736
  SUMM_ME: 0
SystemInformation:
  OSName: Ubuntu 18.04.6 LTS
  Kernel: 4.9.337-tegra
  Device: quill
  Processor: ARM Cortex-A57 6 Core 2035 MHz
  NumSockets: 2
  Manufacturer: ARM
  NumCores: 6
  NumLogicals: 6
  CPUFrequency: 2035
  Memory: 7850
Checksum: DC7BAC8CB4B279A1E33A00113F755D223EEDE44F