BaselineInfo:
  WebDBID: -1
  TimeStamp: 20240828120058
Version:
  Major: 11
  Minor: 0
  Build: 1002
  SpecialBuildName: ""
  ptArchitecture: aarch64_linux
Results:
  Results Complete: true
  NumTestProcesses: 6
  CPU_INTEGER_MATH: 6133.264000000001
  CPU_FLOATINGPOINT_MATH: 1654.0670214975501
  CPU_PRIME: 5.0672837145207428
  CPU_SORTING: 2524.7625858750184
  CPU_ENCRYPTION: 168.54769074772435
  CPU_COMPRESSION: 4362.1174703192492
  CPU_SINGLETHREAD: 215.1601367637281
  CPU_PHYSICS: 87.70572167506873
  CPU_MATRIX_MULT_SSE: 365.3144773615287
  CPU_mm: 109.95024636493604
  CPU_sse: 256.99003410116842
  CPU_fma: 473.63892062188904
  CPU_avx: 0
  CPU_avx512: 0
  m_CPU_enc_SHA: 253959747.26520643
  m_CPU_enc_AES: 136164072.20789924
  m_CPU_enc_ECDSA: 140081370.64735168
  ME_ALLOC_S: 0
  ME_READ_S: 0
  ME_READ_L: 0
  ME_WRITE: 0
  ME_LARGE: 0
  ME_LATENCY: 0
  ME_THREADED: 0
  SUMM_CPU: 631.45129157994529
  SUMM_ME: 0
SystemInformation:
  OSName: Ubuntu 18.04.6 LTS
  Kernel: 4.9.337-tegra
  Device: quill
  Processor: ARM Cortex-A57 6 Core 2035 MHz
  NumSockets: 2
  Manufacturer: ARM
  NumCores: 6
  NumLogicals: 6
  CPUFrequency: 2035
  Memory: 7850
Checksum: 8D9B55ED8574BA397D2EE1B1DB4AA299CA94011C