BaselineInfo:
  WebDBID: -1
  TimeStamp: 20240828165731
Version:
  Major: 11
  Minor: 0
  Build: 1002
  SpecialBuildName: ""
  ptArchitecture: aarch64_linux
Results:
  Results Complete: true
  NumTestProcesses: 6
  CPU_INTEGER_MATH: 6975.9393333333337
  CPU_FLOATINGPOINT_MATH: 925.48755673612663
  CPU_PRIME: 0
  CPU_SORTING: 47.008603473883774
  CPU_ENCRYPTION: 109.63364489925871
  CPU_COMPRESSION: 2221.305167601337
  CPU_SINGLETHREAD: 180.14758433397515
  CPU_PHYSICS: 5.3310921937949818
  CPU_MATRIX_MULT_SSE: 403.32860999489674
  CPU_mm: 126.1064740629762
  CPU_sse: 259.50937071112816
  CPU_fma: 547.14784927866538
  CPU_avx: 0
  CPU_avx512: 0
  m_CPU_enc_SHA: 155702511.40125072
  m_CPU_enc_AES: 113760274.81115229
  m_CPU_enc_ECDSA: 17016029.815642431
  ME_ALLOC_S: 0
  ME_READ_S: 0
  ME_READ_L: 0
  ME_WRITE: 0
  ME_LARGE: 0
  ME_LATENCY: 0
  ME_THREADED: 0
  SUMM_CPU: 0
  SUMM_ME: 0
SystemInformation:
  OSName: Ubuntu 18.04.6 LTS
  Kernel: 4.9.337-tegra
  Device: quill
  Processor: ARM Cortex-A57 6 Core 2035 MHz
  NumSockets: 2
  Manufacturer: ARM
  NumCores: 6
  NumLogicals: 6
  CPUFrequency: 2035
  Memory: 7850
Checksum: 257344ACCDC9E82F310CC31D6F589272873ED835