BaselineInfo:
  WebDBID: -1
  TimeStamp: 20240828092045
Version:
  Major: 11
  Minor: 0
  Build: 1002
  SpecialBuildName: ""
  ptArchitecture: aarch64_linux
Results:
  Results Complete: true
  NumTestProcesses: 6
  CPU_INTEGER_MATH: 5146.8846666666668
  CPU_FLOATINGPOINT_MATH: 1397.5750441415948
  CPU_PRIME: 5.3629851392099432
  CPU_SORTING: 2215.4029392326943
  CPU_ENCRYPTION: 142.656439222551
  CPU_COMPRESSION: 3484.8584732288755
  CPU_SINGLETHREAD: 183.0295426101186
  CPU_PHYSICS: 95.061132701515021
  CPU_MATRIX_MULT_SSE: 305.89192264310691
  CPU_mm: 91.980262274434125
  CPU_sse: 216.25401749831227
  CPU_fma: 395.52982778790147
  CPU_avx: 0
  CPU_avx512: 0
  m_CPU_enc_SHA: 213767154.35669267
  m_CPU_enc_AES: 112703514.97761177
  m_CPU_enc_ECDSA: 122287685.90837251
  ME_ALLOC_S: 0
  ME_READ_S: 0
  ME_READ_L: 0
  ME_WRITE: 0
  ME_LARGE: 0
  ME_LATENCY: 0
  ME_THREADED: 0
  SUMM_CPU: 531.56335786741658
  SUMM_ME: 0
SystemInformation:
  OSName: Ubuntu 18.04.6 LTS
  Kernel: 4.9.337-tegra
  Device: quill
  Processor: ARM Cortex-A57 6 Core 2035 MHz
  NumSockets: 2
  Manufacturer: ARM
  NumCores: 6
  NumLogicals: 6
  CPUFrequency: 2035
  Memory: 7850
Checksum: 7237F4678F13F3D62CACEFA6D015ACB201F32048