BaselineInfo:
  WebDBID: -1
  TimeStamp: 20240827202559
Version:
  Major: 11
  Minor: 0
  Build: 1002
  SpecialBuildName: ""
  ptArchitecture: aarch64_linux
Results:
  Results Complete: true
  NumTestProcesses: 6
  CPU_INTEGER_MATH: 1780.7746666666667
  CPU_FLOATINGPOINT_MATH: 429.03933211818583
  CPU_PRIME: 0.81773896979526517
  CPU_SORTING: 637.08290508129198
  CPU_ENCRYPTION: 52.860721825696878
  CPU_COMPRESSION: 0
  CPU_SINGLETHREAD: 199.6262451909223
  CPU_PHYSICS: 12.55689520984572
  CPU_MATRIX_MULT_SSE: 107.32683703900132
  CPU_mm: 32.297200954304344
  CPU_sse: 76.296799057140035
  CPU_fma: 138.35687502086262
  CPU_avx: 0
  CPU_avx512: 0
  m_CPU_enc_SHA: 72208795.815289825
  m_CPU_enc_AES: 45576608.956138469
  m_CPU_enc_ECDSA: 48500047.975877501
  ME_ALLOC_S: 0
  ME_READ_S: 0
  ME_READ_L: 0
  ME_WRITE: 0
  ME_LARGE: 0
  ME_LATENCY: 0
  ME_THREADED: 0
  SUMM_CPU: 0
  SUMM_ME: 0
SystemInformation:
  OSName: Ubuntu 18.04.6 LTS
  Kernel: 4.9.337-tegra
  Device: quill
  Processor: ARM Cortex-A57 6 Core 2035 MHz
  NumSockets: 2
  Manufacturer: ARM
  NumCores: 6
  NumLogicals: 6
  CPUFrequency: 2035
  Memory: 7850
Checksum: E25122BA50E5B062F10BFCCD1BBF071F98945EA0