BaselineInfo:
  WebDBID: -1
  TimeStamp: 20240828142423
Version:
  Major: 11
  Minor: 0
  Build: 1002
  SpecialBuildName: ""
  ptArchitecture: aarch64_linux
Results:
  Results Complete: true
  NumTestProcesses: 6
  CPU_INTEGER_MATH: 7140.7540000000008
  CPU_FLOATINGPOINT_MATH: 1927.3967439290145
  CPU_PRIME: 6.7586556949421865
  CPU_SORTING: 2951.1429422221108
  CPU_ENCRYPTION: 194.85491435354373
  CPU_COMPRESSION: 4891.2480612137406
  CPU_SINGLETHREAD: 250.13850505710113
  CPU_PHYSICS: 111.18906035360321
  CPU_MATRIX_MULT_SSE: 423.89965249000306
  CPU_mm: 128.10335219723183
  CPU_sse: 297.58349797266771
  CPU_fma: 550.2158070073383
  CPU_avx: 0
  CPU_avx512: 0
  m_CPU_enc_SHA: 288473436.25369114
  m_CPU_enc_AES: 154767603.51305249
  m_CPU_enc_ECDSA: 169719520.25280082
  ME_ALLOC_S: 0
  ME_READ_S: 0
  ME_READ_L: 0
  ME_WRITE: 0
  ME_LARGE: 0
  ME_LATENCY: 0
  ME_THREADED: 0
  SUMM_CPU: 729.90656468625662
  SUMM_ME: 0
SystemInformation:
  OSName: Ubuntu 18.04.6 LTS
  Kernel: 4.9.337-tegra
  Device: quill
  Processor: ARM Cortex-A57 6 Core 2035 MHz
  NumSockets: 2
  Manufacturer: ARM
  NumCores: 6
  NumLogicals: 6
  CPUFrequency: 2035
  Memory: 7850
Checksum: 2CBD06F7CC4E41E59464EEA6C85752312BD62A13