BaselineInfo:
  WebDBID: -1
  TimeStamp: 20240828123944
Version:
  Major: 11
  Minor: 0
  Build: 1002
  SpecialBuildName: ""
  ptArchitecture: aarch64_linux
Results:
  Results Complete: true
  NumTestProcesses: 6
  CPU_INTEGER_MATH: 7084.6639999999998
  CPU_FLOATINGPOINT_MATH: 1895.4595136089863
  CPU_PRIME: 4.8971020675244539
  CPU_SORTING: 2689.1364131622568
  CPU_ENCRYPTION: 193.10759119925922
  CPU_COMPRESSION: 4840.1170904336941
  CPU_SINGLETHREAD: 248.57401028666874
  CPU_PHYSICS: 85.690608878275739
  CPU_MATRIX_MULT_SSE: 422.50347016870853
  CPU_mm: 122.18060272851845
  CPU_sse: 295.47972204969113
  CPU_fma: 549.52721828772587
  CPU_avx: 0
  CPU_avx512: 0
  m_CPU_enc_SHA: 284081326.31050187
  m_CPU_enc_AES: 156547950.16936204
  m_CPU_enc_ECDSA: 166834680.16819933
  ME_ALLOC_S: 0
  ME_READ_S: 0
  ME_READ_L: 0
  ME_WRITE: 0
  ME_LARGE: 0
  ME_LATENCY: 0
  ME_THREADED: 0
  SUMM_CPU: 709.19926102925979
  SUMM_ME: 0
SystemInformation:
  OSName: Ubuntu 18.04.6 LTS
  Kernel: 4.9.337-tegra
  Device: quill
  Processor: ARM Cortex-A57 6 Core 2035 MHz
  NumSockets: 2
  Manufacturer: ARM
  NumCores: 6
  NumLogicals: 6
  CPUFrequency: 2035
  Memory: 7850
Checksum: 72331BE4CD4E69648A93427BE29EAD53EB604E53