BaselineInfo:
  WebDBID: -1
  TimeStamp: 20240828073435
Version:
  Major: 11
  Minor: 0
  Build: 1002
  SpecialBuildName: ""
  ptArchitecture: aarch64_linux
Results:
  Results Complete: true
  NumTestProcesses: 6
  CPU_INTEGER_MATH: 5067.3646666666664
  CPU_FLOATINGPOINT_MATH: 1282.3367404420599
  CPU_PRIME: 1.9351153894697568
  CPU_SORTING: 1467.9034194811113
  CPU_ENCRYPTION: 136.02467373318439
  CPU_COMPRESSION: 3354.3795957136417
  CPU_SINGLETHREAD: 170.99021070649982
  CPU_PHYSICS: 34.277977993627005
  CPU_MATRIX_MULT_SSE: 300.74975791504608
  CPU_mm: 90.741861981528402
  CPU_sse: 213.96302106611913
  CPU_fma: 387.53649476397311
  CPU_avx: 0
  CPU_avx512: 0
  m_CPU_enc_SHA: 198164649.93272394
  m_CPU_enc_AES: 108875938.99607149
  m_CPU_enc_ECDSA: 120856035.92454718
  ME_ALLOC_S: 0
  ME_READ_S: 0
  ME_READ_L: 0
  ME_WRITE: 0
  ME_LARGE: 0
  ME_LATENCY: 0
  ME_THREADED: 0
  SUMM_CPU: 466.93726841950701
  SUMM_ME: 0
SystemInformation:
  OSName: Ubuntu 18.04.6 LTS
  Kernel: 4.9.337-tegra
  Device: quill
  Processor: ARM Cortex-A57 6 Core 2035 MHz
  NumSockets: 2
  Manufacturer: ARM
  NumCores: 6
  NumLogicals: 6
  CPUFrequency: 2035
  Memory: 7850
Checksum: C366B2A4EA72FBF630BF9DFE104429606D909715