BaselineInfo:
  WebDBID: -1
  TimeStamp: 20240828185250
Version:
  Major: 11
  Minor: 0
  Build: 1002
  SpecialBuildName: ""
  ptArchitecture: aarch64_linux
Results:
  Results Complete: true
  NumTestProcesses: 6
  CPU_INTEGER_MATH: 8087.6573333333326
  CPU_FLOATINGPOINT_MATH: 935.01539452896839
  CPU_PRIME: 0
  CPU_SORTING: 95.978232122992921
  CPU_ENCRYPTION: 121.84677358920143
  CPU_COMPRESSION: 2192.534281382771
  CPU_SINGLETHREAD: 206.77782897607392
  CPU_PHYSICS: 5.1535055663731555
  CPU_MATRIX_MULT_SSE: 467.15928130829343
  CPU_mm: 150.18868431827747
  CPU_sse: 350.96334563040978
  CPU_fma: 583.35521698617697
  CPU_avx: 0
  CPU_avx512: 0
  m_CPU_enc_SHA: 161174301.58268198
  m_CPU_enc_AES: 122033374.89106238
  m_CPU_enc_ECDSA: 100089130.9154671
  ME_ALLOC_S: 0
  ME_READ_S: 0
  ME_READ_L: 0
  ME_WRITE: 0
  ME_LARGE: 0
  ME_LATENCY: 0
  ME_THREADED: 0
  SUMM_CPU: 0
  SUMM_ME: 0
SystemInformation:
  OSName: Ubuntu 18.04.6 LTS
  Kernel: 4.9.337-tegra
  Device: quill
  Processor: ARM Cortex-A57 6 Core 2035 MHz
  NumSockets: 2
  Manufacturer: ARM
  NumCores: 6
  NumLogicals: 6
  CPUFrequency: 2035
  Memory: 7850
Checksum: AAEF1722A904EB9E4F312DAACB1C2CD1C63D84ED