BaselineInfo:
  WebDBID: -1
  TimeStamp: 20240827230609
Version:
  Major: 11
  Minor: 0
  Build: 1002
  SpecialBuildName: ""
  ptArchitecture: aarch64_linux
Results:
  Results Complete: true
  NumTestProcesses: 6
  CPU_INTEGER_MATH: 1803.826
  CPU_FLOATINGPOINT_MATH: 482.40650550926011
  CPU_PRIME: 2.1574728526980289
  CPU_SORTING: 864.49194247788
  CPU_ENCRYPTION: 60.187585344603839
  CPU_COMPRESSION: 0
  CPU_SINGLETHREAD: 236.40797772888007
  CPU_PHYSICS: 41.067589124330617
  CPU_MATRIX_MULT_SSE: 106.50944667555463
  CPU_mm: 33.196551770655056
  CPU_sse: 79.60106133496933
  CPU_fma: 133.41783201613993
  CPU_avx: 0
  CPU_avx512: 0
  m_CPU_enc_SHA: 91663410.655592293
  m_CPU_enc_AES: 47392949.911150068
  m_CPU_enc_ECDSA: 50277411.904167593
  ME_ALLOC_S: 0
  ME_READ_S: 0
  ME_READ_L: 0
  ME_WRITE: 0
  ME_LARGE: 0
  ME_LATENCY: 0
  ME_THREADED: 0
  SUMM_CPU: 0
  SUMM_ME: 0
SystemInformation:
  OSName: Ubuntu 18.04.6 LTS
  Kernel: 4.9.337-tegra
  Device: quill
  Processor: ARM Cortex-A57 6 Core 2035 MHz
  NumSockets: 2
  Manufacturer: ARM
  NumCores: 6
  NumLogicals: 6
  CPUFrequency: 2035
  Memory: 7850
Checksum: 32F4CF1A1CC3CC56A9C468DB3A7D1F84FB4042B7