BaselineInfo:
  WebDBID: -1
  TimeStamp: 20240828003050
Version:
  Major: 11
  Minor: 0
  Build: 1002
  SpecialBuildName: ""
  ptArchitecture: aarch64_linux
Results:
  Results Complete: true
  NumTestProcesses: 6
  CPU_INTEGER_MATH: 3046.1840000000002
  CPU_FLOATINGPOINT_MATH: 712.56222814966679
  CPU_PRIME: 0.86676932249071181
  CPU_SORTING: 765.81115282418591
  CPU_ENCRYPTION: 77.431303431693394
  CPU_COMPRESSION: 1752.2744129237351
  CPU_SINGLETHREAD: 101.81762528146328
  CPU_PHYSICS: 15.998871633990566
  CPU_MATRIX_MULT_SSE: 182.79098046158541
  CPU_mm: 54.454254091516553
  CPU_sse: 128.62060331909146
  CPU_fma: 236.96135760407935
  CPU_avx: 0
  CPU_avx512: 0
  m_CPU_enc_SHA: 116086981.60221055
  m_CPU_enc_AES: 63135299.571442239
  m_CPU_enc_ECDSA: 64355538.107921205
  ME_ALLOC_S: 0
  ME_READ_S: 0
  ME_READ_L: 0
  ME_WRITE: 0
  ME_LARGE: 0
  ME_LATENCY: 0
  ME_THREADED: 0
  SUMM_CPU: 254.40521407311294
  SUMM_ME: 0
SystemInformation:
  OSName: Ubuntu 18.04.6 LTS
  Kernel: 4.9.337-tegra
  Device: quill
  Processor: ARM Cortex-A57 6 Core 2035 MHz
  NumSockets: 2
  Manufacturer: ARM
  NumCores: 6
  NumLogicals: 6
  CPUFrequency: 2035
  Memory: 7850
Checksum: CA1A79A5CA695E283835EE01E3E2511FAB408262