BaselineInfo:
  WebDBID: -1
  TimeStamp: 20240828140050
Version:
  Major: 11
  Minor: 0
  Build: 1002
  SpecialBuildName: ""
  ptArchitecture: aarch64_linux
Results:
  Results Complete: true
  NumTestProcesses: 6
  CPU_INTEGER_MATH: 7098.7693333333336
  CPU_FLOATINGPOINT_MATH: 1926.4139392843799
  CPU_PRIME: 7.1485550066331722
  CPU_SORTING: 3000.0292844801347
  CPU_ENCRYPTION: 194.99833035203508
  CPU_COMPRESSION: 5060.9901123784812
  CPU_SINGLETHREAD: 249.58375081125664
  CPU_PHYSICS: 118.66880222495526
  CPU_MATRIX_MULT_SSE: 421.00036528486112
  CPU_mm: 124.8333578499431
  CPU_sse: 296.89219170501354
  CPU_fma: 545.10853886470875
  CPU_avx: 0
  CPU_avx512: 0
  m_CPU_enc_SHA: 286254678.42407107
  m_CPU_enc_AES: 155730752.00874263
  m_CPU_enc_ECDSA: 171426277.30883291
  ME_ALLOC_S: 0
  ME_READ_S: 0
  ME_READ_L: 0
  ME_WRITE: 0
  ME_LARGE: 0
  ME_LATENCY: 0
  ME_THREADED: 0
  SUMM_CPU: 738.7577575310404
  SUMM_ME: 0
SystemInformation:
  OSName: Ubuntu 18.04.6 LTS
  Kernel: 4.9.337-tegra
  Device: quill
  Processor: ARM Cortex-A57 6 Core 2035 MHz
  NumSockets: 2
  Manufacturer: ARM
  NumCores: 6
  NumLogicals: 6
  CPUFrequency: 2035
  Memory: 7850
Checksum: C5B807F2A161E91119F88463920E6E2A129C8872