BaselineInfo:
  WebDBID: -1
  TimeStamp: 20240828201637
Version:
  Major: 11
  Minor: 0
  Build: 1002
  SpecialBuildName: ""
  ptArchitecture: aarch64_linux
Results:
  Results Complete: true
  NumTestProcesses: 6
  CPU_INTEGER_MATH: 8533.1113333333342
  CPU_FLOATINGPOINT_MATH: 1663.3316083400105
  CPU_PRIME: 0.59384915718969156
  CPU_SORTING: 540.0528699123837
  CPU_ENCRYPTION: 190.37427242581057
  CPU_COMPRESSION: 4013.9155049708879
  CPU_SINGLETHREAD: 237.24384366563433
  CPU_PHYSICS: 10.809197158815682
  CPU_MATRIX_MULT_SSE: 505.54930123196772
  CPU_mm: 155.1873893971966
  CPU_sse: 354.43363270984946
  CPU_fma: 656.66496975408586
  CPU_avx: 0
  CPU_avx512: 0
  m_CPU_enc_SHA: 284893787.46240616
  m_CPU_enc_AES: 162176569.9523918
  m_CPU_enc_ECDSA: 151795321.83470231
  ME_ALLOC_S: 0
  ME_READ_S: 0
  ME_READ_L: 0
  ME_WRITE: 0
  ME_LARGE: 0
  ME_LATENCY: 0
  ME_THREADED: 0
  SUMM_CPU: 422.08832905731458
  SUMM_ME: 0
SystemInformation:
  OSName: Ubuntu 18.04.6 LTS
  Kernel: 4.9.337-tegra
  Device: quill
  Processor: ARM Cortex-A57 6 Core 2035 MHz
  NumSockets: 2
  Manufacturer: ARM
  NumCores: 6
  NumLogicals: 6
  CPUFrequency: 2035
  Memory: 7850
Checksum: 8EBB523893673FE6A88874EDB0309C3B311FDFBD