BaselineInfo:
  WebDBID: -1
  TimeStamp: 20240828141724
Version:
  Major: 11
  Minor: 0
  Build: 1002
  SpecialBuildName: ""
  ptArchitecture: aarch64_linux
Results:
  Results Complete: true
  NumTestProcesses: 6
  CPU_INTEGER_MATH: 6596.8940000000002
  CPU_FLOATINGPOINT_MATH: 1283.9976426650214
  CPU_PRIME: 0.5860241190217137
  CPU_SORTING: 527.04120709955748
  CPU_ENCRYPTION: 153.76052088007131
  CPU_COMPRESSION: 3151.6818563736069
  CPU_SINGLETHREAD: 184.15007278389248
  CPU_PHYSICS: 10.321918311092592
  CPU_MATRIX_MULT_SSE: 398.03333597124026
  CPU_mm: 119.99805333599009
  CPU_sse: 284.51220701377156
  CPU_fma: 511.55446492870902
  CPU_avx: 0
  CPU_avx512: 0
  m_CPU_enc_SHA: 228473930.04826379
  m_CPU_enc_AES: 133078725.0897232
  m_CPU_enc_ECDSA: 122136120.68903798
  ME_ALLOC_S: 0
  ME_READ_S: 0
  ME_READ_L: 0
  ME_WRITE: 0
  ME_LARGE: 0
  ME_LATENCY: 0
  ME_THREADED: 0
  SUMM_CPU: 363.67610143155764
  SUMM_ME: 0
SystemInformation:
  OSName: Ubuntu 18.04.6 LTS
  Kernel: 4.9.337-tegra
  Device: quill
  Processor: ARM Cortex-A57 6 Core 2035 MHz
  NumSockets: 2
  Manufacturer: ARM
  NumCores: 6
  NumLogicals: 6
  CPUFrequency: 2035
  Memory: 7850
Checksum: F79B53153F90F6ACBDCD68A86EC2BC035B90CC45