BaselineInfo:
  WebDBID: -1
  TimeStamp: 20240828025611
Version:
  Major: 11
  Minor: 0
  Build: 1002
  SpecialBuildName: ""
  ptArchitecture: aarch64_linux
Results:
  Results Complete: true
  NumTestProcesses: 6
  CPU_INTEGER_MATH: 3101.5639999999999
  CPU_FLOATINGPOINT_MATH: 780.69026985601693
  CPU_PRIME: 1.6140065840397559
  CPU_SORTING: 1106.6802820028763
  CPU_ENCRYPTION: 84.971693501904809
  CPU_COMPRESSION: 2031.0186417684517
  CPU_SINGLETHREAD: 108.4245600504667
  CPU_PHYSICS: 28.676557930105659
  CPU_MATRIX_MULT_SSE: 183.69619049390801
  CPU_mm: 56.102913475152889
  CPU_sse: 129.26444783966062
  CPU_fma: 238.12793314815542
  CPU_avx: 0
  CPU_avx512: 0
  m_CPU_enc_SHA: 127153184.26103577
  m_CPU_enc_AES: 63751061.128354304
  m_CPU_enc_ECDSA: 76393590.066969916
  ME_ALLOC_S: 0
  ME_READ_S: 0
  ME_READ_L: 0
  ME_WRITE: 0
  ME_LARGE: 0
  ME_LATENCY: 0
  ME_THREADED: 0
  SUMM_CPU: 298.21137597675857
  SUMM_ME: 0
SystemInformation:
  OSName: Ubuntu 18.04.6 LTS
  Kernel: 4.9.337-tegra
  Device: quill
  Processor: ARM Cortex-A57 6 Core 2035 MHz
  NumSockets: 2
  Manufacturer: ARM
  NumCores: 6
  NumLogicals: 6
  CPUFrequency: 2035
  Memory: 7850
Checksum: D93CE98385BF5D49564508AC3A3C4B623F33F3FC