BaselineInfo:
  WebDBID: -1
  TimeStamp: 20240828192138
Version:
  Major: 11
  Minor: 0
  Build: 1002
  SpecialBuildName: ""
  ptArchitecture: aarch64_linux
Results:
  Results Complete: true
  NumTestProcesses: 6
  CPU_INTEGER_MATH: 9081.0420000000013
  CPU_FLOATINGPOINT_MATH: 2423.3149891073899
  CPU_PRIME: 5.4197953995775459
  CPU_SORTING: 3375.0624812903161
  CPU_ENCRYPTION: 247.49291056477421
  CPU_COMPRESSION: 6557.0470635140628
  CPU_SINGLETHREAD: 312.35707085463713
  CPU_PHYSICS: 93.42559918236789
  CPU_MATRIX_MULT_SSE: 541.18977352292927
  CPU_mm: 161.66211289390216
  CPU_sse: 380.36803020990709
  CPU_fma: 702.01151683595128
  CPU_avx: 0
  CPU_avx512: 0
  m_CPU_enc_SHA: 368844008.46656549
  m_CPU_enc_AES: 192550023.37404728
  m_CPU_enc_ECDSA: 217151346.72449329
  ME_ALLOC_S: 0
  ME_READ_S: 0
  ME_READ_L: 0
  ME_WRITE: 0
  ME_LARGE: 0
  ME_LATENCY: 0
  ME_THREADED: 0
  SUMM_CPU: 911.19795603568775
  SUMM_ME: 0
SystemInformation:
  OSName: Ubuntu 18.04.6 LTS
  Kernel: 4.9.337-tegra
  Device: quill
  Processor: ARM Cortex-A57 6 Core 2035 MHz
  NumSockets: 2
  Manufacturer: ARM
  NumCores: 6
  NumLogicals: 6
  CPUFrequency: 2035
  Memory: 7850
Checksum: AA2C28C7D6BDD03BE4CC6F88FA2F6091EC30226B