BaselineInfo:
  WebDBID: -1
  TimeStamp: 20240827205809
Version:
  Major: 11
  Minor: 0
  Build: 1002
  SpecialBuildName: ""
  ptArchitecture: aarch64_linux
Results:
  Results Complete: true
  NumTestProcesses: 6
  CPU_INTEGER_MATH: 1846.6626666666666
  CPU_FLOATINGPOINT_MATH: 456.89804175071151
  CPU_PRIME: 2.3860678868474325
  CPU_SORTING: 873.3626943488523
  CPU_ENCRYPTION: 58.999670009071053
  CPU_COMPRESSION: 0
  CPU_SINGLETHREAD: 238.34317308058374
  CPU_PHYSICS: 46.079309440503224
  CPU_MATRIX_MULT_SSE: 111.59320696671658
  CPU_mm: 31.587858097830747
  CPU_sse: 78.242168143475354
  CPU_fma: 144.94424578995782
  CPU_avx: 0
  CPU_avx512: 0
  m_CPU_enc_SHA: 83666021.036710128
  m_CPU_enc_AES: 48488682.491238855
  m_CPU_enc_ECDSA: 53442210.410346106
  ME_ALLOC_S: 0
  ME_READ_S: 0
  ME_READ_L: 0
  ME_WRITE: 0
  ME_LARGE: 0
  ME_LATENCY: 0
  ME_THREADED: 0
  SUMM_CPU: 0
  SUMM_ME: 0
SystemInformation:
  OSName: Ubuntu 18.04.6 LTS
  Kernel: 4.9.337-tegra
  Device: quill
  Processor: ARM Cortex-A57 6 Core 2035 MHz
  NumSockets: 2
  Manufacturer: ARM
  NumCores: 6
  NumLogicals: 6
  CPUFrequency: 2035
  Memory: 7850
Checksum: 98188FBF5DE1C08CF00FA326FE97C13F2D4F2F8A