BaselineInfo:
  WebDBID: -1
  TimeStamp: 20240828100011
Version:
  Major: 11
  Minor: 0
  Build: 1002
  SpecialBuildName: ""
  ptArchitecture: aarch64_linux
Results:
  Results Complete: true
  NumTestProcesses: 6
  CPU_INTEGER_MATH: 6129.6666666666661
  CPU_FLOATINGPOINT_MATH: 1654.1122651730291
  CPU_PRIME: 5.207819283116339
  CPU_SORTING: 2457.6416606907005
  CPU_ENCRYPTION: 168.39181393234506
  CPU_COMPRESSION: 4201.207835221262
  CPU_SINGLETHREAD: 217.07758421998841
  CPU_PHYSICS: 89.851898967384003
  CPU_MATRIX_MULT_SSE: 365.77123563066471
  CPU_mm: 109.64759394781603
  CPU_sse: 258.88511526317325
  CPU_fma: 472.65735599815616
  CPU_avx: 0
  CPU_avx512: 0
  m_CPU_enc_SHA: 245690118.50669825
  m_CPU_enc_AES: 136008605.5390034
  m_CPU_enc_ECDSA: 148016120.01206627
  ME_ALLOC_S: 0
  ME_READ_S: 0
  ME_READ_L: 0
  ME_WRITE: 0
  ME_LARGE: 0
  ME_LATENCY: 0
  ME_THREADED: 0
  SUMM_CPU: 625.08898928753206
  SUMM_ME: 0
SystemInformation:
  OSName: Ubuntu 18.04.6 LTS
  Kernel: 4.9.337-tegra
  Device: quill
  Processor: ARM Cortex-A57 6 Core 2035 MHz
  NumSockets: 2
  Manufacturer: ARM
  NumCores: 6
  NumLogicals: 6
  CPUFrequency: 2035
  Memory: 7850
Checksum: 1FC86C6618B09BC22EFEE21071A3C44C24E32660