BaselineInfo:
  WebDBID: -1
  TimeStamp: 20240828103719
Version:
  Major: 11
  Minor: 0
  Build: 1002
  SpecialBuildName: ""
  ptArchitecture: aarch64_linux
Results:
  Results Complete: true
  NumTestProcesses: 6
  CPU_INTEGER_MATH: 6050.478000000001
  CPU_FLOATINGPOINT_MATH: 1512.0746873050596
  CPU_PRIME: 1.9433649331638518
  CPU_SORTING: 1603.5182167229009
  CPU_ENCRYPTION: 161.41446426326877
  CPU_COMPRESSION: 3843.7221973054834
  CPU_SINGLETHREAD: 202.45935280411823
  CPU_PHYSICS: 35.630843121712005
  CPU_MATRIX_MULT_SSE: 357.20443788853248
  CPU_mm: 108.66038573279522
  CPU_sse: 255.62461671550119
  CPU_fma: 458.78425906156377
  CPU_avx: 0
  CPU_avx512: 0
  m_CPU_enc_SHA: 239506910.33667123
  m_CPU_enc_AES: 131375053.76043321
  m_CPU_enc_ECDSA: 136884035.74085954
  ME_ALLOC_S: 0
  ME_READ_S: 0
  ME_READ_L: 0
  ME_WRITE: 0
  ME_LARGE: 0
  ME_LATENCY: 0
  ME_THREADED: 0
  SUMM_CPU: 537.02606689193908
  SUMM_ME: 0
SystemInformation:
  OSName: Ubuntu 18.04.6 LTS
  Kernel: 4.9.337-tegra
  Device: quill
  Processor: ARM Cortex-A57 6 Core 2035 MHz
  NumSockets: 2
  Manufacturer: ARM
  NumCores: 6
  NumLogicals: 6
  CPUFrequency: 2035
  Memory: 7850
Checksum: 6594523986CEB22404B09A358387E8BF6EBBEC64