BaselineInfo:
  WebDBID: -1
  TimeStamp: 20240827212250
Version:
  Major: 11
  Minor: 0
  Build: 1002
  SpecialBuildName: ""
  ptArchitecture: aarch64_linux
Results:
  Results Complete: true
  NumTestProcesses: 6
  CPU_INTEGER_MATH: 1778.3606666666667
  CPU_FLOATINGPOINT_MATH: 340.3954181740196
  CPU_PRIME: 0.47926888968730857
  CPU_SORTING: 443.53674110643306
  CPU_ENCRYPTION: 50.403842516888467
  CPU_COMPRESSION: 0
  CPU_SINGLETHREAD: 174.98591761631309
  CPU_PHYSICS: 8.1220645806569181
  CPU_MATRIX_MULT_SSE: 105.36356607015422
  CPU_mm: 30.63467580990244
  CPU_sse: 75.240039768225415
  CPU_fma: 135.48709237208303
  CPU_avx: 0
  CPU_avx512: 0
  m_CPU_enc_SHA: 72412309.651101202
  m_CPU_enc_AES: 45007575.833402902
  m_CPU_enc_ECDSA: 41136893.22846242
  ME_ALLOC_S: 0
  ME_READ_S: 0
  ME_READ_L: 0
  ME_WRITE: 0
  ME_LARGE: 0
  ME_LATENCY: 0
  ME_THREADED: 0
  SUMM_CPU: 0
  SUMM_ME: 0
SystemInformation:
  OSName: Ubuntu 18.04.6 LTS
  Kernel: 4.9.337-tegra
  Device: quill
  Processor: ARM Cortex-A57 6 Core 2035 MHz
  NumSockets: 2
  Manufacturer: ARM
  NumCores: 6
  NumLogicals: 6
  CPUFrequency: 2035
  Memory: 7850
Checksum: D609C25232B37AA9AE052F01850AECB2717E9118