BaselineInfo:
  WebDBID: -1
  TimeStamp: 20240828054320
Version:
  Major: 11
  Minor: 0
  Build: 1002
  SpecialBuildName: ""
  ptArchitecture: aarch64_linux
Results:
  Results Complete: true
  NumTestProcesses: 6
  CPU_INTEGER_MATH: 4130.6379999999999
  CPU_FLOATINGPOINT_MATH: 1124.5686860690485
  CPU_PRIME: 4.8784780770943916
  CPU_SORTING: 1831.6340718991182
  CPU_ENCRYPTION: 120.80988660898169
  CPU_COMPRESSION: 2898.3710402183092
  CPU_SINGLETHREAD: 147.2488847579414
  CPU_PHYSICS: 88.32332963173053
  CPU_MATRIX_MULT_SSE: 247.36986994661723
  CPU_mm: 73.986232410915477
  CPU_sse: 174.60341231435342
  CPU_fma: 320.13632757888109
  CPU_avx: 0
  CPU_avx512: 0
  m_CPU_enc_SHA: 181083302.73790032
  m_CPU_enc_AES: 93628205.207070187
  m_CPU_enc_ECDSA: 105323535.03772821
  ME_ALLOC_S: 0
  ME_READ_S: 0
  ME_READ_L: 0
  ME_WRITE: 0
  ME_LARGE: 0
  ME_LATENCY: 0
  ME_THREADED: 0
  SUMM_CPU: 441.4042121782997
  SUMM_ME: 0
SystemInformation:
  OSName: Ubuntu 18.04.6 LTS
  Kernel: 4.9.337-tegra
  Device: quill
  Processor: ARM Cortex-A57 6 Core 2035 MHz
  NumSockets: 2
  Manufacturer: ARM
  NumCores: 6
  NumLogicals: 6
  CPUFrequency: 2035
  Memory: 7850
Checksum: 0B566EDFF6DC7B6D84A4B5FBC26950688A4C9871