BaselineInfo:
  WebDBID: -1
  TimeStamp: 20240828093942
Version:
  Major: 11
  Minor: 0
  Build: 1002
  SpecialBuildName: ""
  ptArchitecture: aarch64_linux
Results:
  Results Complete: true
  NumTestProcesses: 6
  CPU_INTEGER_MATH: 5505.7186666666676
  CPU_FLOATINGPOINT_MATH: 676.71345261453291
  CPU_PRIME: 0
  CPU_SORTING: 93.749218087028595
  CPU_ENCRYPTION: 112.37377526840461
  CPU_COMPRESSION: 1967.5075342471118
  CPU_SINGLETHREAD: 140.32677052158868
  CPU_PHYSICS: 5.1614004138106733
  CPU_MATRIX_MULT_SSE: 323.53196322657379
  CPU_mm: 101.09802506291403
  CPU_sse: 222.63938315284238
  CPU_fma: 424.42454330030517
  CPU_avx: 0
  CPU_avx512: 0
  m_CPU_enc_SHA: 151153268.71911284
  m_CPU_enc_AES: 94119798.979316562
  m_CPU_enc_ECDSA: 74086118.593784273
  ME_ALLOC_S: 0
  ME_READ_S: 0
  ME_READ_L: 0
  ME_WRITE: 0
  ME_LARGE: 0
  ME_LATENCY: 0
  ME_THREADED: 0
  SUMM_CPU: 0
  SUMM_ME: 0
SystemInformation:
  OSName: Ubuntu 18.04.6 LTS
  Kernel: 4.9.337-tegra
  Device: quill
  Processor: ARM Cortex-A57 6 Core 2035 MHz
  NumSockets: 2
  Manufacturer: ARM
  NumCores: 6
  NumLogicals: 6
  CPUFrequency: 2035
  Memory: 7850
Checksum: 7E2E0A8921EE74E463873ED2B6CB90814A8239A1