BaselineInfo:
  WebDBID: -1
  TimeStamp: 20240828113105
Version:
  Major: 11
  Minor: 0
  Build: 1002
  SpecialBuildName: ""
  ptArchitecture: aarch64_linux
Results:
  Results Complete: true
  NumTestProcesses: 6
  CPU_INTEGER_MATH: 6042.7626666666674
  CPU_FLOATINGPOINT_MATH: 1533.8575085241573
  CPU_PRIME: 1.944669040474275
  CPU_SORTING: 1578.1333758348419
  CPU_ENCRYPTION: 161.45297596551217
  CPU_COMPRESSION: 3810.5064800709451
  CPU_SINGLETHREAD: 203.05084615791262
  CPU_PHYSICS: 35.544640809338254
  CPU_MATRIX_MULT_SSE: 359.38752210477679
  CPU_mm: 108.35313252573296
  CPU_sse: 253.95675282157103
  CPU_fma: 464.81829138798253
  CPU_avx: 0
  CPU_avx512: 0
  m_CPU_enc_SHA: 239706385.46849009
  m_CPU_enc_AES: 131848351.77844223
  m_CPU_enc_ECDSA: 136332409.93110627
  ME_ALLOC_S: 0
  ME_READ_S: 0
  ME_READ_L: 0
  ME_WRITE: 0
  ME_LARGE: 0
  ME_LATENCY: 0
  ME_THREADED: 0
  SUMM_CPU: 536.38911099956545
  SUMM_ME: 0
SystemInformation:
  OSName: Ubuntu 18.04.6 LTS
  Kernel: 4.9.337-tegra
  Device: quill
  Processor: ARM Cortex-A57 6 Core 2035 MHz
  NumSockets: 2
  Manufacturer: ARM
  NumCores: 6
  NumLogicals: 6
  CPUFrequency: 2035
  Memory: 7850
Checksum: 56BEA9B7E332BC19C707C7E8A4E674A10470E529