BaselineInfo:
  WebDBID: -1
  TimeStamp: 20240828111639
Version:
  Major: 11
  Minor: 0
  Build: 1002
  SpecialBuildName: ""
  ptArchitecture: aarch64_linux
Results:
  Results Complete: true
  NumTestProcesses: 6
  CPU_INTEGER_MATH: 5794.4520000000002
  CPU_FLOATINGPOINT_MATH: 1261.3454113891012
  CPU_PRIME: 0.91952622949497476
  CPU_SORTING: 841.20183553080346
  CPU_ENCRYPTION: 146.5040611070178
  CPU_COMPRESSION: 3202.9781432334798
  CPU_SINGLETHREAD: 166.00195446163613
  CPU_PHYSICS: 16.280309924023527
  CPU_MATRIX_MULT_SSE: 342.15514413661742
  CPU_mm: 104.32651214837747
  CPU_sse: 240.56885969037518
  CPU_fma: 443.74142858285973
  CPU_avx: 0
  CPU_avx512: 0
  m_CPU_enc_SHA: 220573295.98009568
  m_CPU_enc_AES: 120322517.02668723
  m_CPU_enc_ECDSA: 119966114.13127397
  ME_ALLOC_S: 0
  ME_READ_S: 0
  ME_READ_L: 0
  ME_WRITE: 0
  ME_LARGE: 0
  ME_LATENCY: 0
  ME_THREADED: 0
  SUMM_CPU: 412.22805082164058
  SUMM_ME: 0
SystemInformation:
  OSName: Ubuntu 18.04.6 LTS
  Kernel: 4.9.337-tegra
  Device: quill
  Processor: ARM Cortex-A57 6 Core 2035 MHz
  NumSockets: 2
  Manufacturer: ARM
  NumCores: 6
  NumLogicals: 6
  CPUFrequency: 2035
  Memory: 7850
Checksum: 481E3EB09C848C2D934A75963955DA36A7E80393