BaselineInfo:
  WebDBID: -1
  TimeStamp: 20240828164646
Version:
  Major: 11
  Minor: 0
  Build: 1002
  SpecialBuildName: ""
  ptArchitecture: aarch64_linux
Results:
  Results Complete: true
  NumTestProcesses: 6
  CPU_INTEGER_MATH: 7462.1946666666663
  CPU_FLOATINGPOINT_MATH: 1397.4145093000852
  CPU_PRIME: 0.5761386957732445
  CPU_SORTING: 526.0378155193572
  CPU_ENCRYPTION: 166.33412322396902
  CPU_COMPRESSION: 3470.2484199528262
  CPU_SINGLETHREAD: 205.92451531456021
  CPU_PHYSICS: 10.352488641344744
  CPU_MATRIX_MULT_SSE: 444.82463659913952
  CPU_mm: 134.06398182524217
  CPU_sse: 306.06426478133028
  CPU_fma: 583.58500841694877
  CPU_avx: 0
  CPU_avx512: 0
  m_CPU_enc_SHA: 240831874.02958024
  m_CPU_enc_AES: 140632593.23741826
  m_CPU_enc_ECDSA: 141777441.51409107
  ME_ALLOC_S: 0
  ME_READ_S: 0
  ME_READ_L: 0
  ME_WRITE: 0
  ME_LARGE: 0
  ME_LATENCY: 0
  ME_THREADED: 0
  SUMM_CPU: 383.57207085489324
  SUMM_ME: 0
SystemInformation:
  OSName: Ubuntu 18.04.6 LTS
  Kernel: 4.9.337-tegra
  Device: quill
  Processor: ARM Cortex-A57 6 Core 2035 MHz
  NumSockets: 2
  Manufacturer: ARM
  NumCores: 6
  NumLogicals: 6
  CPUFrequency: 2035
  Memory: 7850
Checksum: 978C64883A0C82279127BA2808A1F7FC37BF8879