BaselineInfo:
  WebDBID: -1
  TimeStamp: 20240828083738
Version:
  Major: 11
  Minor: 0
  Build: 1002
  SpecialBuildName: ""
  ptArchitecture: aarch64_linux
Results:
  Results Complete: true
  NumTestProcesses: 6
  CPU_INTEGER_MATH: 5143.855333333333
  CPU_FLOATINGPOINT_MATH: 1392.8970519327206
  CPU_PRIME: 5.5662213080433309
  CPU_SORTING: 2119.2041924283158
  CPU_ENCRYPTION: 145.81715882010596
  CPU_COMPRESSION: 3613.6346287755496
  CPU_SINGLETHREAD: 182.20974335312033
  CPU_PHYSICS: 92.311929281254692
  CPU_MATRIX_MULT_SSE: 306.61388491023968
  CPU_mm: 91.767589834224935
  CPU_sse: 216.37410276146954
  CPU_fma: 396.85366705900987
  CPU_avx: 0
  CPU_avx512: 0
  m_CPU_enc_SHA: 221401736.91525382
  m_CPU_enc_AES: 112875254.12430117
  m_CPU_enc_ECDSA: 124424128.34129924
  ME_ALLOC_S: 0
  ME_READ_S: 0
  ME_READ_L: 0
  ME_WRITE: 0
  ME_LARGE: 0
  ME_LATENCY: 0
  ME_THREADED: 0
  SUMM_CPU: 539.56767314592616
  SUMM_ME: 0
SystemInformation:
  OSName: Ubuntu 18.04.6 LTS
  Kernel: 4.9.337-tegra
  Device: quill
  Processor: ARM Cortex-A57 6 Core 2035 MHz
  NumSockets: 2
  Manufacturer: ARM
  NumCores: 6
  NumLogicals: 6
  CPUFrequency: 2035
  Memory: 7850
Checksum: 9E5E7B520046B0DB9CE21F4E62981B75444CD250