BaselineInfo:
  WebDBID: -1
  TimeStamp: 20240828144751
Version:
  Major: 11
  Minor: 0
  Build: 1002
  SpecialBuildName: ""
  ptArchitecture: aarch64_linux
Results:
  Results Complete: true
  NumTestProcesses: 6
  CPU_INTEGER_MATH: 7134.1746666666659
  CPU_FLOATINGPOINT_MATH: 1902.4408574285062
  CPU_PRIME: 5.6175194953872891
  CPU_SORTING: 2885.1429009894146
  CPU_ENCRYPTION: 197.35322542202692
  CPU_COMPRESSION: 5087.7909955636978
  CPU_SINGLETHREAD: 248.82658512583174
  CPU_PHYSICS: 92.565942215429715
  CPU_MATRIX_MULT_SSE: 425.07913880399622
  CPU_mm: 127.19008677054538
  CPU_sse: 299.55204177455249
  CPU_fma: 550.60623583344
  CPU_avx: 0
  CPU_avx512: 0
  m_CPU_enc_SHA: 294036441.32312685
  m_CPU_enc_AES: 159853839.36262429
  m_CPU_enc_ECDSA: 166929286.41463074
  ME_ALLOC_S: 0
  ME_READ_S: 0
  ME_READ_L: 0
  ME_WRITE: 0
  ME_LARGE: 0
  ME_LATENCY: 0
  ME_THREADED: 0
  SUMM_CPU: 731.9049227573031
  SUMM_ME: 0
SystemInformation:
  OSName: Ubuntu 18.04.6 LTS
  Kernel: 4.9.337-tegra
  Device: quill
  Processor: ARM Cortex-A57 6 Core 2035 MHz
  NumSockets: 2
  Manufacturer: ARM
  NumCores: 6
  NumLogicals: 6
  CPUFrequency: 2035
  Memory: 7850
Checksum: E4AC1E88FEE9340558A7C4F6AC00DE1546DA89E6