BaselineInfo:
  WebDBID: -1
  TimeStamp: 20240828071023
Version:
  Major: 11
  Minor: 0
  Build: 1002
  SpecialBuildName: ""
  ptArchitecture: aarch64_linux
Results:
  Results Complete: true
  NumTestProcesses: 6
  CPU_INTEGER_MATH: 5131.217333333333
  CPU_FLOATINGPOINT_MATH: 1391.3743465392777
  CPU_PRIME: 4.9156878958230932
  CPU_SORTING: 2146.0843222118451
  CPU_ENCRYPTION: 143.051109850979
  CPU_COMPRESSION: 3717.598369587693
  CPU_SINGLETHREAD: 182.23650355575407
  CPU_PHYSICS: 88.133775072053567
  CPU_MATRIX_MULT_SSE: 305.77022856214478
  CPU_mm: 91.649389144783072
  CPU_sse: 216.0043206156318
  CPU_fma: 395.53613650865765
  CPU_avx: 0
  CPU_avx512: 0
  m_CPU_enc_SHA: 215149834.15849906
  m_CPU_enc_AES: 112148623.14719474
  m_CPU_enc_ECDSA: 122701424.38360667
  ME_ALLOC_S: 0
  ME_READ_S: 0
  ME_READ_L: 0
  ME_WRITE: 0
  ME_LARGE: 0
  ME_LATENCY: 0
  ME_THREADED: 0
  SUMM_CPU: 538.74946491516073
  SUMM_ME: 0
SystemInformation:
  OSName: Ubuntu 18.04.6 LTS
  Kernel: 4.9.337-tegra
  Device: quill
  Processor: ARM Cortex-A57 6 Core 2035 MHz
  NumSockets: 2
  Manufacturer: ARM
  NumCores: 6
  NumLogicals: 6
  CPUFrequency: 2035
  Memory: 7850
Checksum: EEFFAB6877ECB3512B593680A5742B9F494511A9