BaselineInfo:
  WebDBID: -1
  TimeStamp: 20240828105444
Version:
  Major: 11
  Minor: 0
  Build: 1002
  SpecialBuildName: ""
  ptArchitecture: aarch64_linux
Results:
  Results Complete: true
  NumTestProcesses: 6
  CPU_INTEGER_MATH: 6135.583333333333
  CPU_FLOATINGPOINT_MATH: 1658.706921712361
  CPU_PRIME: 5.7247785943838139
  CPU_SORTING: 2525.7731603894008
  CPU_ENCRYPTION: 169.61684082983982
  CPU_COMPRESSION: 4373.6700011863031
  CPU_SINGLETHREAD: 215.09648845347286
  CPU_PHYSICS: 97.418441592813508
  CPU_MATRIX_MULT_SSE: 366.06821339113935
  CPU_mm: 109.94064685544251
  CPU_sse: 256.54514773616035
  CPU_fma: 475.59127904611847
  CPU_avx: 0
  CPU_avx512: 0
  m_CPU_enc_SHA: 252929804.79466435
  m_CPU_enc_AES: 136036412.02217561
  m_CPU_enc_ECDSA: 144602228.65313038
  ME_ALLOC_S: 0
  ME_READ_S: 0
  ME_READ_L: 0
  ME_WRITE: 0
  ME_LARGE: 0
  ME_LATENCY: 0
  ME_THREADED: 0
  SUMM_CPU: 637.26366795380579
  SUMM_ME: 0
SystemInformation:
  OSName: Ubuntu 18.04.6 LTS
  Kernel: 4.9.337-tegra
  Device: quill
  Processor: ARM Cortex-A57 6 Core 2035 MHz
  NumSockets: 2
  Manufacturer: ARM
  NumCores: 6
  NumLogicals: 6
  CPUFrequency: 2035
  Memory: 7850
Checksum: 3B61C9FEF9567C20930EC3199FEF69BE9BB668B7