BaselineInfo:
  WebDBID: -1
  TimeStamp: 20240828060146
Version:
  Major: 11
  Minor: 0
  Build: 1002
  SpecialBuildName: ""
  ptArchitecture: aarch64_linux
Results:
  Results Complete: true
  NumTestProcesses: 6
  CPU_INTEGER_MATH: 3745.0606666666663
  CPU_FLOATINGPOINT_MATH: 557.7865808872416
  CPU_PRIME: 0
  CPU_SORTING: 117.12880542790373
  CPU_ENCRYPTION: 84.067181727018308
  CPU_COMPRESSION: 0
  CPU_SINGLETHREAD: 97.281001810896385
  CPU_PHYSICS: 5.3057700915658339
  CPU_MATRIX_MULT_SSE: 172.45518529674769
  CPU_mm: 64.588311139969647
  CPU_sse: 110.17235204290661
  CPU_fma: 234.73801855058872
  CPU_avx: 0
  CPU_avx512: 0
  m_CPU_enc_SHA: 122927276.23594497
  m_CPU_enc_AES: 70020603.785756126
  m_CPU_enc_ECDSA: 71504607.418068752
  ME_ALLOC_S: 0
  ME_READ_S: 0
  ME_READ_L: 0
  ME_WRITE: 0
  ME_LARGE: 0
  ME_LATENCY: 0
  ME_THREADED: 0
  SUMM_CPU: 0
  SUMM_ME: 0
SystemInformation:
  OSName: Ubuntu 18.04.6 LTS
  Kernel: 4.9.337-tegra
  Device: quill
  Processor: ARM Cortex-A57 6 Core 2035 MHz
  NumSockets: 2
  Manufacturer: ARM
  NumCores: 6
  NumLogicals: 6
  CPUFrequency: 2035
  Memory: 7850
Checksum: CE75D37DA32933D26FDBA1E32C92390243AA9BB2