BaselineInfo:
  WebDBID: -1
  TimeStamp: 20240828195604
Version:
  Major: 11
  Minor: 0
  Build: 1002
  SpecialBuildName: ""
  ptArchitecture: aarch64_linux
Results:
  Results Complete: true
  NumTestProcesses: 6
  CPU_INTEGER_MATH: 9037.1166666666668
  CPU_FLOATINGPOINT_MATH: 2373.6617299249224
  CPU_PRIME: 4.1634881530971635
  CPU_SORTING: 2822.0404519867757
  CPU_ENCRYPTION: 245.85445259771976
  CPU_COMPRESSION: 6104.839062252091
  CPU_SINGLETHREAD: 305.80460358914394
  CPU_PHYSICS: 67.085798919070271
  CPU_MATRIX_MULT_SSE: 538.54232947471394
  CPU_mm: 161.39946811839931
  CPU_sse: 378.03270424027409
  CPU_fma: 699.05195470915362
  CPU_avx: 0
  CPU_avx512: 0
  m_CPU_enc_SHA: 362252328.49147332
  m_CPU_enc_AES: 198564655.53042537
  m_CPU_enc_ECDSA: 212574251.43942121
  ME_ALLOC_S: 0
  ME_READ_S: 0
  ME_READ_L: 0
  ME_WRITE: 0
  ME_LARGE: 0
  ME_LATENCY: 0
  ME_THREADED: 0
  SUMM_CPU: 859.16754426465229
  SUMM_ME: 0
SystemInformation:
  OSName: Ubuntu 18.04.6 LTS
  Kernel: 4.9.337-tegra
  Device: quill
  Processor: ARM Cortex-A57 6 Core 2035 MHz
  NumSockets: 2
  Manufacturer: ARM
  NumCores: 6
  NumLogicals: 6
  CPUFrequency: 2035
  Memory: 7850
Checksum: 46A5268C1A0E719C43A30206C720D55D6FC6A64B