BaselineInfo:
  WebDBID: -1
  TimeStamp: 20240828024107
Version:
  Major: 11
  Minor: 0
  Build: 1002
  SpecialBuildName: ""
  ptArchitecture: aarch64_linux
Results:
  Results Complete: true
  NumTestProcesses: 6
  CPU_INTEGER_MATH: 3135.5966666666668
  CPU_FLOATINGPOINT_MATH: 818.50505840121752
  CPU_PRIME: 3.2908965681226907
  CPU_SORTING: 1315.790024359374
  CPU_ENCRYPTION: 88.669823345232999
  CPU_COMPRESSION: 2093.30706462335
  CPU_SINGLETHREAD: 112.06352512464601
  CPU_PHYSICS: 55.844267709776105
  CPU_MATRIX_MULT_SSE: 187.17994190268459
  CPU_mm: 56.040787369123663
  CPU_sse: 132.13102510854901
  CPU_fma: 242.22885869682017
  CPU_avx: 0
  CPU_avx512: 0
  m_CPU_enc_SHA: 126561225.59698418
  m_CPU_enc_AES: 67311193.335817784
  m_CPU_enc_ECDSA: 85058727.119351104
  ME_ALLOC_S: 0
  ME_READ_S: 0
  ME_READ_L: 0
  ME_WRITE: 0
  ME_LARGE: 0
  ME_LATENCY: 0
  ME_THREADED: 0
  SUMM_CPU: 322.84140296011287
  SUMM_ME: 0
SystemInformation:
  OSName: Ubuntu 18.04.6 LTS
  Kernel: 4.9.337-tegra
  Device: quill
  Processor: ARM Cortex-A57 6 Core 2035 MHz
  NumSockets: 2
  Manufacturer: ARM
  NumCores: 6
  NumLogicals: 6
  CPUFrequency: 2035
  Memory: 7850
Checksum: 0824019D14B6093151B46D995705976580B735FB