BaselineInfo:
  WebDBID: -1
  TimeStamp: 20240828202259
Version:
  Major: 11
  Minor: 0
  Build: 1002
  SpecialBuildName: ""
  ptArchitecture: aarch64_linux
Results:
  Results Complete: true
  NumTestProcesses: 6
  CPU_INTEGER_MATH: 9085.1599999999999
  CPU_FLOATINGPOINT_MATH: 2440.8119872740208
  CPU_PRIME: 7.5865450362915823
  CPU_SORTING: 3739.7840289105279
  CPU_ENCRYPTION: 255.23009657634859
  CPU_COMPRESSION: 6504.0846447205604
  CPU_SINGLETHREAD: 317.599530885793
  CPU_PHYSICS: 121.7133144206248
  CPU_MATRIX_MULT_SSE: 542.5342671070083
  CPU_mm: 162.68635208256609
  CPU_sse: 380.170245373189
  CPU_fma: 704.8982888408276
  CPU_avx: 0
  CPU_avx512: 0
  m_CPU_enc_SHA: 363892762.04865217
  m_CPU_enc_AES: 203027475.73744935
  m_CPU_enc_ECDSA: 235964223.45682237
  ME_ALLOC_S: 0
  ME_READ_S: 0
  ME_READ_L: 0
  ME_WRITE: 0
  ME_LARGE: 0
  ME_LATENCY: 0
  ME_THREADED: 0
  SUMM_CPU: 941.43479015694743
  SUMM_ME: 0
SystemInformation:
  OSName: Ubuntu 18.04.6 LTS
  Kernel: 4.9.337-tegra
  Device: quill
  Processor: ARM Cortex-A57 6 Core 2035 MHz
  NumSockets: 2
  Manufacturer: ARM
  NumCores: 6
  NumLogicals: 6
  CPUFrequency: 2035
  Memory: 7850
Checksum: 8C8FB30346DFD71DC404E6932DB68AD61C597F8F