BaselineInfo:
  WebDBID: -1
  TimeStamp: 20240828165512
Version:
  Major: 11
  Minor: 0
  Build: 1002
  SpecialBuildName: ""
  ptArchitecture: aarch64_linux
Results:
  Results Complete: true
  NumTestProcesses: 6
  CPU_INTEGER_MATH: 7922.3693333333322
  CPU_FLOATINGPOINT_MATH: 2151.4079529035398
  CPU_PRIME: 7.6003641751334738
  CPU_SORTING: 3298.14084039298
  CPU_ENCRYPTION: 215.47639455132762
  CPU_COMPRESSION: 5808.9116061509712
  CPU_SINGLETHREAD: 278.5387031875901
  CPU_PHYSICS: 125.77347145234947
  CPU_MATRIX_MULT_SSE: 472.77346290604947
  CPU_mm: 141.31121832010865
  CPU_sse: 332.86224298583613
  CPU_fma: 612.68468282626282
  CPU_avx: 0
  CPU_avx512: 0
  m_CPU_enc_SHA: 319811671.03579217
  m_CPU_enc_AES: 177591914.40339574
  m_CPU_enc_ECDSA: 180426542.23997089
  ME_ALLOC_S: 0
  ME_READ_S: 0
  ME_READ_L: 0
  ME_WRITE: 0
  ME_LARGE: 0
  ME_LATENCY: 0
  ME_THREADED: 0
  SUMM_CPU: 826.83109659854438
  SUMM_ME: 0
SystemInformation:
  OSName: Ubuntu 18.04.6 LTS
  Kernel: 4.9.337-tegra
  Device: quill
  Processor: ARM Cortex-A57 6 Core 2035 MHz
  NumSockets: 2
  Manufacturer: ARM
  NumCores: 6
  NumLogicals: 6
  CPUFrequency: 2035
  Memory: 7850
Checksum: 503ABB2AB55FF95CA7C226969CA01EC3A3B50386