BaselineInfo:
  WebDBID: -1
  TimeStamp: 20240828032038
Version:
  Major: 11
  Minor: 0
  Build: 1002
  SpecialBuildName: ""
  ptArchitecture: aarch64_linux
Results:
  Results Complete: true
  NumTestProcesses: 6
  CPU_INTEGER_MATH: 4135.6553333333341
  CPU_FLOATINGPOINT_MATH: 1123.9071481910055
  CPU_PRIME: 4.963038754911965
  CPU_SORTING: 1799.9991260443749
  CPU_ENCRYPTION: 116.14702328924287
  CPU_COMPRESSION: 2817.398244763539
  CPU_SINGLETHREAD: 147.57007209380239
  CPU_PHYSICS: 84.45154040380018
  CPU_MATRIX_MULT_SSE: 246.78176903022182
  CPU_mm: 74.015239741801793
  CPU_sse: 173.54775922749326
  CPU_fma: 320.01577883295045
  CPU_avx: 0
  CPU_avx512: 0
  m_CPU_enc_SHA: 160129081.39801642
  m_CPU_enc_AES: 93874350.223880202
  m_CPU_enc_ECDSA: 111363511.65572675
  ME_ALLOC_S: 0
  ME_READ_S: 0
  ME_READ_L: 0
  ME_WRITE: 0
  ME_LARGE: 0
  ME_LATENCY: 0
  ME_THREADED: 0
  SUMM_CPU: 432.23023653240199
  SUMM_ME: 0
SystemInformation:
  OSName: Ubuntu 18.04.6 LTS
  Kernel: 4.9.337-tegra
  Device: quill
  Processor: ARM Cortex-A57 6 Core 2035 MHz
  NumSockets: 2
  Manufacturer: ARM
  NumCores: 6
  NumLogicals: 6
  CPUFrequency: 2035
  Memory: 7850
Checksum: 5A51874473A27A8F3CEF8261E467DAC9C7B22242