BaselineInfo:
  WebDBID: -1
  TimeStamp: 20240828123140
Version:
  Major: 11
  Minor: 0
  Build: 1002
  SpecialBuildName: ""
  ptArchitecture: aarch64_linux
Results:
  Results Complete: true
  NumTestProcesses: 6
  CPU_INTEGER_MATH: 6143.8666666666659
  CPU_FLOATINGPOINT_MATH: 1671.7605627411026
  CPU_PRIME: 6.7375753729232084
  CPU_SORTING: 2639.5985967969928
  CPU_ENCRYPTION: 172.22260958771847
  CPU_COMPRESSION: 4276.04537967949
  CPU_SINGLETHREAD: 218.96955599915745
  CPU_PHYSICS: 108.95950695848236
  CPU_MATRIX_MULT_SSE: 366.04703049354185
  CPU_mm: 110.09076315825196
  CPU_sse: 256.73119483412813
  CPU_fma: 475.36286615295558
  CPU_avx: 0
  CPU_avx512: 0
  m_CPU_enc_SHA: 257555074.95739412
  m_CPU_enc_AES: 133607703.08150885
  m_CPU_enc_ECDSA: 150602707.1742515
  ME_ALLOC_S: 0
  ME_READ_S: 0
  ME_READ_L: 0
  ME_WRITE: 0
  ME_LARGE: 0
  ME_LATENCY: 0
  ME_THREADED: 0
  SUMM_CPU: 642.25342660097101
  SUMM_ME: 0
SystemInformation:
  OSName: Ubuntu 18.04.6 LTS
  Kernel: 4.9.337-tegra
  Device: quill
  Processor: ARM Cortex-A57 6 Core 2035 MHz
  NumSockets: 2
  Manufacturer: ARM
  NumCores: 6
  NumLogicals: 6
  CPUFrequency: 2035
  Memory: 7850
Checksum: 811A1A6C44C47FD0A138E6FF075BC390F75B88B4