BaselineInfo:
  WebDBID: -1
  TimeStamp: 20240828002003
Version:
  Major: 11
  Minor: 0
  Build: 1002
  SpecialBuildName: ""
  ptArchitecture: aarch64_linux
Results:
  Results Complete: true
  NumTestProcesses: 6
  CPU_INTEGER_MATH: 3137.2533333333331
  CPU_FLOATINGPOINT_MATH: 850.3238678495062
  CPU_PRIME: 3.7285333453822052
  CPU_SORTING: 1351.6089391078742
  CPU_ENCRYPTION: 83.745640314684437
  CPU_COMPRESSION: 2161.7051713091005
  CPU_SINGLETHREAD: 112.85018035775559
  CPU_PHYSICS: 62.704164240092076
  CPU_MATRIX_MULT_SSE: 186.5314566275112
  CPU_mm: 56.182326243425074
  CPU_sse: 132.32789447662384
  CPU_fma: 240.73501877839863
  CPU_avx: 0
  CPU_avx512: 0
  m_CPU_enc_SHA: 119950439.42279692
  m_CPU_enc_AES: 69770598.938370824
  m_CPU_enc_ECDSA: 73719967.254663885
  ME_ALLOC_S: 0
  ME_READ_S: 0
  ME_READ_L: 0
  ME_WRITE: 0
  ME_LARGE: 0
  ME_LATENCY: 0
  ME_THREADED: 0
  SUMM_CPU: 323.65299615033626
  SUMM_ME: 0
SystemInformation:
  OSName: Ubuntu 18.04.6 LTS
  Kernel: 4.9.337-tegra
  Device: quill
  Processor: ARM Cortex-A57 6 Core 2035 MHz
  NumSockets: 2
  Manufacturer: ARM
  NumCores: 6
  NumLogicals: 6
  CPUFrequency: 2035
  Memory: 7850
Checksum: 8A569FF4A801CB5E83DBB5B37A680296240E9E09