BaselineInfo:
  WebDBID: -1
  TimeStamp: 20240828081639
Version:
  Major: 11
  Minor: 0
  Build: 1002
  SpecialBuildName: ""
  ptArchitecture: aarch64_linux
Results:
  Results Complete: true
  NumTestProcesses: 6
  CPU_INTEGER_MATH: 4973.644666666667
  CPU_FLOATINGPOINT_MATH: 1129.2085915376726
  CPU_PRIME: 0.9172024931914039
  CPU_SORTING: 869.62653565592518
  CPU_ENCRYPTION: 128.46122087238388
  CPU_COMPRESSION: 2923.8345947202192
  CPU_SINGLETHREAD: 158.72079176838338
  CPU_PHYSICS: 16.005410960701084
  CPU_MATRIX_MULT_SSE: 294.67178241176453
  CPU_mm: 89.899845768132536
  CPU_sse: 209.7595649623984
  CPU_fma: 379.58399986113056
  CPU_avx: 0
  CPU_avx512: 0
  m_CPU_enc_SHA: 190482909.25154883
  m_CPU_enc_AES: 105502068.64132421
  m_CPU_enc_ECDSA: 108119081.51956937
  ME_ALLOC_S: 0
  ME_READ_S: 0
  ME_READ_L: 0
  ME_WRITE: 0
  ME_LARGE: 0
  ME_LATENCY: 0
  ME_THREADED: 0
  SUMM_CPU: 379.31589876101265
  SUMM_ME: 0
SystemInformation:
  OSName: Ubuntu 18.04.6 LTS
  Kernel: 4.9.337-tegra
  Device: quill
  Processor: ARM Cortex-A57 6 Core 2035 MHz
  NumSockets: 2
  Manufacturer: ARM
  NumCores: 6
  NumLogicals: 6
  CPUFrequency: 2035
  Memory: 7850
Checksum: CEDCA16B91C27FF6A8FA984B231D0AD99A7BF44F