BaselineInfo:
  WebDBID: -1
  TimeStamp: 20240828101332
Version:
  Major: 11
  Minor: 0
  Build: 1002
  SpecialBuildName: ""
  ptArchitecture: aarch64_linux
Results:
  Results Complete: true
  NumTestProcesses: 6
  CPU_INTEGER_MATH: 6128.6253333333334
  CPU_FLOATINGPOINT_MATH: 1650.6414007156438
  CPU_PRIME: 4.8997144795152296
  CPU_SORTING: 2515.0489100661453
  CPU_ENCRYPTION: 172.96819817225932
  CPU_COMPRESSION: 4178.0181828164232
  CPU_SINGLETHREAD: 216.20717394470464
  CPU_PHYSICS: 86.472855518927119
  CPU_MATRIX_MULT_SSE: 366.5448342711278
  CPU_mm: 109.36200954969773
  CPU_sse: 257.63493299599048
  CPU_fma: 475.45473554626523
  CPU_avx: 0
  CPU_avx512: 0
  m_CPU_enc_SHA: 250682118.78288671
  m_CPU_enc_AES: 135521481.52510795
  m_CPU_enc_ECDSA: 157907303.79203027
  ME_ALLOC_S: 0
  ME_READ_S: 0
  ME_READ_L: 0
  ME_WRITE: 0
  ME_LARGE: 0
  ME_LATENCY: 0
  ME_THREADED: 0
  SUMM_CPU: 627.70220448709824
  SUMM_ME: 0
SystemInformation:
  OSName: Ubuntu 18.04.6 LTS
  Kernel: 4.9.337-tegra
  Device: quill
  Processor: ARM Cortex-A57 6 Core 2035 MHz
  NumSockets: 2
  Manufacturer: ARM
  NumCores: 6
  NumLogicals: 6
  CPUFrequency: 2035
  Memory: 7850
Checksum: 428D78FBDB118EB3BFA27380D0DD052011CB7B99