BaselineInfo:
  WebDBID: -1
  TimeStamp: 20240828185419
Version:
  Major: 11
  Minor: 0
  Build: 1002
  SpecialBuildName: ""
  ptArchitecture: aarch64_linux
Results:
  Results Complete: true
  NumTestProcesses: 6
  CPU_INTEGER_MATH: 8524.9700000000012
  CPU_FLOATINGPOINT_MATH: 1336.1083846184972
  CPU_PRIME: 0.58617777075690281
  CPU_SORTING: 524.73327388208031
  CPU_ENCRYPTION: 195.46519674211106
  CPU_COMPRESSION: 3868.8679385030023
  CPU_SINGLETHREAD: 232.37110579766863
  CPU_PHYSICS: 10.788304883841739
  CPU_MATRIX_MULT_SSE: 509.16701222287372
  CPU_mm: 153.58665724397051
  CPU_sse: 360.72812427812096
  CPU_fma: 657.60590016762671
  CPU_avx: 0
  CPU_avx512: 0
  m_CPU_enc_SHA: 283340975.0482825
  m_CPU_enc_AES: 163121291.2651293
  m_CPU_enc_ECDSA: 168418076.10375571
  ME_ALLOC_S: 0
  ME_READ_S: 0
  ME_READ_L: 0
  ME_WRITE: 0
  ME_LARGE: 0
  ME_LATENCY: 0
  ME_THREADED: 0
  SUMM_CPU: 411.83164771033847
  SUMM_ME: 0
SystemInformation:
  OSName: Ubuntu 18.04.6 LTS
  Kernel: 4.9.337-tegra
  Device: quill
  Processor: ARM Cortex-A57 6 Core 2035 MHz
  NumSockets: 2
  Manufacturer: ARM
  NumCores: 6
  NumLogicals: 6
  CPUFrequency: 2035
  Memory: 7850
Checksum: 042395524D28F32D9F9C1183F1329FB5E2426B37