BaselineInfo:
  WebDBID: -1
  TimeStamp: 20240827220427
Version:
  Major: 11
  Minor: 0
  Build: 1002
  SpecialBuildName: ""
  ptArchitecture: aarch64_linux
Results:
  Results Complete: true
  NumTestProcesses: 6
  CPU_INTEGER_MATH: 1717.1113333333333
  CPU_FLOATINGPOINT_MATH: 455.95735142704694
  CPU_PRIME: 1.2389295636843527
  CPU_SORTING: 767.55045090161957
  CPU_ENCRYPTION: 56.500311867992174
  CPU_COMPRESSION: 0
  CPU_SINGLETHREAD: 231.06312767803797
  CPU_PHYSICS: 21.84293455930051
  CPU_MATRIX_MULT_SSE: 109.38995972488827
  CPU_mm: 32.751099676505248
  CPU_sse: 76.960084783444017
  CPU_fma: 141.8198346663325
  CPU_avx: 0
  CPU_avx512: 0
  m_CPU_enc_SHA: 83055579.655808374
  m_CPU_enc_AES: 46707224.871787809
  m_CPU_enc_ECDSA: 47971808.524279095
  ME_ALLOC_S: 0
  ME_READ_S: 0
  ME_READ_L: 0
  ME_WRITE: 0
  ME_LARGE: 0
  ME_LATENCY: 0
  ME_THREADED: 0
  SUMM_CPU: 0
  SUMM_ME: 0
SystemInformation:
  OSName: Ubuntu 18.04.6 LTS
  Kernel: 4.9.337-tegra
  Device: quill
  Processor: ARM Cortex-A57 6 Core 2035 MHz
  NumSockets: 2
  Manufacturer: ARM
  NumCores: 6
  NumLogicals: 6
  CPUFrequency: 2035
  Memory: 7850
Checksum: 9CDDF72E4EEADD80BC61A549B1024EE25F34E541