BaselineInfo:
  WebDBID: -1
  TimeStamp: 20240828003220
Version:
  Major: 11
  Minor: 0
  Build: 1002
  SpecialBuildName: ""
  ptArchitecture: aarch64_linux
Results:
  Results Complete: true
  NumTestProcesses: 6
  CPU_INTEGER_MATH: 3110.9833333333336
  CPU_FLOATINGPOINT_MATH: 757.57878195466708
  CPU_PRIME: 1.6874912653134093
  CPU_SORTING: 1124.9808528120016
  CPU_ENCRYPTION: 84.226272956171428
  CPU_COMPRESSION: 1982.88988966393
  CPU_SINGLETHREAD: 108.27120577100241
  CPU_PHYSICS: 29.567986197168199
  CPU_MATRIX_MULT_SSE: 185.79685292288542
  CPU_mm: 55.550303963958122
  CPU_sse: 130.74973784277771
  CPU_fma: 240.84396800299311
  CPU_avx: 0
  CPU_avx512: 0
  m_CPU_enc_SHA: 125697618.97289711
  m_CPU_enc_AES: 66159743.395495072
  m_CPU_enc_ECDSA: 73095582.80547905
  ME_ALLOC_S: 0
  ME_READ_S: 0
  ME_READ_L: 0
  ME_WRITE: 0
  ME_LARGE: 0
  ME_LATENCY: 0
  ME_THREADED: 0
  SUMM_CPU: 296.23650993234725
  SUMM_ME: 0
SystemInformation:
  OSName: Ubuntu 18.04.6 LTS
  Kernel: 4.9.337-tegra
  Device: quill
  Processor: ARM Cortex-A57 6 Core 2035 MHz
  NumSockets: 2
  Manufacturer: ARM
  NumCores: 6
  NumLogicals: 6
  CPUFrequency: 2035
  Memory: 7850
Checksum: EEAE2AD4A2DAE5C57CF8EFF14F2BB2DE621015BE