BaselineInfo:
  WebDBID: -1
  TimeStamp: 20240828104815
Version:
  Major: 11
  Minor: 0
  Build: 1002
  SpecialBuildName: ""
  ptArchitecture: aarch64_linux
Results:
  Results Complete: true
  NumTestProcesses: 6
  CPU_INTEGER_MATH: 5771.3533333333335
  CPU_FLOATINGPOINT_MATH: 1035.8223917365297
  CPU_PRIME: 0.58075242220931989
  CPU_SORTING: 544.61370080754739
  CPU_ENCRYPTION: 136.05286771377092
  CPU_COMPRESSION: 2903.0363909663611
  CPU_SINGLETHREAD: 166.12917155873762
  CPU_PHYSICS: 10.431373344761971
  CPU_MATRIX_MULT_SSE: 338.9106940572899
  CPU_mm: 105.48352135301086
  CPU_sse: 244.2972993257938
  CPU_fma: 433.52408878878595
  CPU_avx: 0
  CPU_avx512: 0
  m_CPU_enc_SHA: 197767090.90964454
  m_CPU_enc_AES: 117010994.74859093
  m_CPU_enc_ECDSA: 113207229.78926966
  ME_ALLOC_S: 0
  ME_READ_S: 0
  ME_READ_L: 0
  ME_WRITE: 0
  ME_LARGE: 0
  ME_LATENCY: 0
  ME_THREADED: 0
  SUMM_CPU: 337.91468318284336
  SUMM_ME: 0
SystemInformation:
  OSName: Ubuntu 18.04.6 LTS
  Kernel: 4.9.337-tegra
  Device: quill
  Processor: ARM Cortex-A57 6 Core 2035 MHz
  NumSockets: 2
  Manufacturer: ARM
  NumCores: 6
  NumLogicals: 6
  CPUFrequency: 2035
  Memory: 7850
Checksum: 5F9769FF232C3CF7CD24D03C4DE17DB3BD2FF664