BaselineInfo:
  WebDBID: -1
  TimeStamp: 20240827204732
Version:
  Major: 11
  Minor: 0
  Build: 1002
  SpecialBuildName: ""
  ptArchitecture: aarch64_linux
Results:
  Results Complete: true
  NumTestProcesses: 6
  CPU_INTEGER_MATH: 1830.4746666666667
  CPU_FLOATINGPOINT_MATH: 442.79708476357655
  CPU_PRIME: 1.2433495990565431
  CPU_SORTING: 817.64843583053994
  CPU_ENCRYPTION: 60.168662679795936
  CPU_COMPRESSION: 0
  CPU_SINGLETHREAD: 64.297094566418139
  CPU_PHYSICS: 26.717200936682623
  CPU_MATRIX_MULT_SSE: 125.66109087507232
  CPU_mm: 37.865471221022773
  CPU_sse: 88.427093157535978
  CPU_fma: 162.89508859260863
  CPU_avx: 0
  CPU_avx512: 0
  m_CPU_enc_SHA: 84361771.794934884
  m_CPU_enc_AES: 47102342.114041664
  m_CPU_enc_ECDSA: 57810133.005412556
  ME_ALLOC_S: 0
  ME_READ_S: 0
  ME_READ_L: 0
  ME_WRITE: 0
  ME_LARGE: 0
  ME_LATENCY: 0
  ME_THREADED: 0
  SUMM_CPU: 0
  SUMM_ME: 0
SystemInformation:
  OSName: Ubuntu 18.04.6 LTS
  Kernel: 4.9.337-tegra
  Device: quill
  Processor: ARM Cortex-A57 6 Core 2035 MHz
  NumSockets: 2
  Manufacturer: ARM
  NumCores: 6
  NumLogicals: 6
  CPUFrequency: 2035
  Memory: 7850
Checksum: CD201F5AE3D0FEB88643862860CF526D54E493BB