BaselineInfo:
  WebDBID: -1
  TimeStamp: 20240828115958
Version:
  Major: 11
  Minor: 0
  Build: 1002
  SpecialBuildName: ""
  ptArchitecture: aarch64_linux
Results:
  Results Complete: true
  NumTestProcesses: 6
  CPU_INTEGER_MATH: 6112.7686666666668
  CPU_FLOATINGPOINT_MATH: 1634.6616583810317
  CPU_PRIME: 4.5065675544441914
  CPU_SORTING: 2471.4121555331476
  CPU_ENCRYPTION: 169.92369984836094
  CPU_COMPRESSION: 3884.1794775694834
  CPU_SINGLETHREAD: 210.55336939438985
  CPU_PHYSICS: 82.296229512050189
  CPU_MATRIX_MULT_SSE: 365.10420389470312
  CPU_mm: 109.52774161166695
  CPU_sse: 257.24333397926335
  CPU_fma: 472.965073810143
  CPU_avx: 0
  CPU_avx512: 0
  m_CPU_enc_SHA: 255941148.79506308
  m_CPU_enc_AES: 134014637.52817108
  m_CPU_enc_ECDSA: 144577954.15335056
  ME_ALLOC_S: 0
  ME_READ_S: 0
  ME_READ_L: 0
  ME_WRITE: 0
  ME_LARGE: 0
  ME_LATENCY: 0
  ME_THREADED: 0
  SUMM_CPU: 606.89645925578372
  SUMM_ME: 0
SystemInformation:
  OSName: Ubuntu 18.04.6 LTS
  Kernel: 4.9.337-tegra
  Device: quill
  Processor: ARM Cortex-A57 6 Core 2035 MHz
  NumSockets: 2
  Manufacturer: ARM
  NumCores: 6
  NumLogicals: 6
  CPUFrequency: 2035
  Memory: 7850
Checksum: 3EC883B4E01CA200F010A358D6E00BEF46130CED