BaselineInfo:
  WebDBID: -1
  TimeStamp: 20240828021656
Version:
  Major: 11
  Minor: 0
  Build: 1002
  SpecialBuildName: ""
  ptArchitecture: aarch64_linux
Results:
  Results Complete: true
  NumTestProcesses: 6
  CPU_INTEGER_MATH: 2600.0200000000004
  CPU_FLOATINGPOINT_MATH: 468.4988260929548
  CPU_PRIME: 0.54198633084730863
  CPU_SORTING: 414.04077060987936
  CPU_ENCRYPTION: 75.975923211088016
  CPU_COMPRESSION: 1609.0983312107051
  CPU_SINGLETHREAD: 97.034462205318306
  CPU_PHYSICS: 9.9172036923524978
  CPU_MATRIX_MULT_SSE: 179.71607982925633
  CPU_mm: 53.899994088894999
  CPU_sse: 125.04726586532425
  CPU_fma: 234.38489379318844
  CPU_avx: 0
  CPU_avx512: 0
  m_CPU_enc_SHA: 108769234.56703027
  m_CPU_enc_AES: 62206239.132406846
  m_CPU_enc_ECDSA: 68024115.271532357
  ME_ALLOC_S: 0
  ME_READ_S: 0
  ME_READ_L: 0
  ME_WRITE: 0
  ME_LARGE: 0
  ME_LATENCY: 0
  ME_THREADED: 0
  SUMM_CPU: 210.00162118518514
  SUMM_ME: 0
SystemInformation:
  OSName: Ubuntu 18.04.6 LTS
  Kernel: 4.9.337-tegra
  Device: quill
  Processor: ARM Cortex-A57 6 Core 2035 MHz
  NumSockets: 2
  Manufacturer: ARM
  NumCores: 6
  NumLogicals: 6
  CPUFrequency: 2035
  Memory: 7850
Checksum: 25801456D19BB513AD4E64985BCF153B53A214C2