BaselineInfo:
  WebDBID: -1
  TimeStamp: 20240827220845
Version:
  Major: 11
  Minor: 0
  Build: 1002
  SpecialBuildName: ""
  ptArchitecture: aarch64_linux
Results:
  Results Complete: true
  NumTestProcesses: 6
  CPU_INTEGER_MATH: 1758.2913333333333
  CPU_FLOATINGPOINT_MATH: 467.19741197961741
  CPU_PRIME: 2.1359292095663207
  CPU_SORTING: 875.25762164168191
  CPU_ENCRYPTION: 57.324631686497689
  CPU_COMPRESSION: 0
  CPU_SINGLETHREAD: 242.33141091311325
  CPU_PHYSICS: 41.247528515496768
  CPU_MATRIX_MULT_SSE: 104.12173750012398
  CPU_mm: 33.246656830477818
  CPU_sse: 68.596297993797577
  CPU_fma: 139.64717700645039
  CPU_avx: 0
  CPU_avx512: 0
  m_CPU_enc_SHA: 81021323.750105277
  m_CPU_enc_AES: 48684446.402989268
  m_CPU_enc_ECDSA: 50621928.83280848
  ME_ALLOC_S: 0
  ME_READ_S: 0
  ME_READ_L: 0
  ME_WRITE: 0
  ME_LARGE: 0
  ME_LATENCY: 0
  ME_THREADED: 0
  SUMM_CPU: 0
  SUMM_ME: 0
SystemInformation:
  OSName: Ubuntu 18.04.6 LTS
  Kernel: 4.9.337-tegra
  Device: quill
  Processor: ARM Cortex-A57 6 Core 2035 MHz
  NumSockets: 2
  Manufacturer: ARM
  NumCores: 6
  NumLogicals: 6
  CPUFrequency: 2035
  Memory: 7850
Checksum: 5B716FE7B43895B1B0D306512A27DBD35B85DD33