BaselineInfo:
  WebDBID: -1
  TimeStamp: 20240827222807
Version:
  Major: 11
  Minor: 0
  Build: 1002
  SpecialBuildName: ""
  ptArchitecture: aarch64_linux
Results:
  Results Complete: true
  NumTestProcesses: 6
  CPU_INTEGER_MATH: 1866.4480000000001
  CPU_FLOATINGPOINT_MATH: 480.34102102172955
  CPU_PRIME: 2.2140293568010692
  CPU_SORTING: 788.45928768401427
  CPU_ENCRYPTION: 62.133953394770259
  CPU_COMPRESSION: 0
  CPU_SINGLETHREAD: 237.89563716038174
  CPU_PHYSICS: 41.634687092868582
  CPU_MATRIX_MULT_SSE: 109.01409545752799
  CPU_mm: 33.703012334527244
  CPU_sse: 75.636464620878428
  CPU_fma: 142.39172629417752
  CPU_avx: 0
  CPU_avx512: 0
  m_CPU_enc_SHA: 85654260.489288896
  m_CPU_enc_AES: 47125787.844969079
  m_CPU_enc_ECDSA: 62676468.610365868
  ME_ALLOC_S: 0
  ME_READ_S: 0
  ME_READ_L: 0
  ME_WRITE: 0
  ME_LARGE: 0
  ME_LATENCY: 0
  ME_THREADED: 0
  SUMM_CPU: 0
  SUMM_ME: 0
SystemInformation:
  OSName: Ubuntu 18.04.6 LTS
  Kernel: 4.9.337-tegra
  Device: quill
  Processor: ARM Cortex-A57 6 Core 2035 MHz
  NumSockets: 2
  Manufacturer: ARM
  NumCores: 6
  NumLogicals: 6
  CPUFrequency: 2035
  Memory: 7850
Checksum: C54DCDB9C9CCA70886249B70417C6E65893D841F