BaselineInfo:
  WebDBID: -1
  TimeStamp: 20240828121120
Version:
  Major: 11
  Minor: 0
  Build: 1002
  SpecialBuildName: ""
  ptArchitecture: aarch64_linux
Results:
  Results Complete: true
  NumTestProcesses: 6
  CPU_INTEGER_MATH: 6050.7620000000006
  CPU_FLOATINGPOINT_MATH: 1416.3303689684944
  CPU_PRIME: 1.9780321891389603
  CPU_SORTING: 1633.4308362892771
  CPU_ENCRYPTION: 162.46873469053739
  CPU_COMPRESSION: 3753.2718218920509
  CPU_SINGLETHREAD: 202.60360868209045
  CPU_PHYSICS: 33.741473969731288
  CPU_MATRIX_MULT_SSE: 359.55819727664658
  CPU_mm: 108.65616310076794
  CPU_sse: 254.80455175366887
  CPU_fma: 464.31184279962412
  CPU_avx: 0
  CPU_avx512: 0
  m_CPU_enc_SHA: 248882513.7466993
  m_CPU_enc_AES: 131236256.24603258
  m_CPU_enc_ECDSA: 130963677.84786287
  ME_ALLOC_S: 0
  ME_READ_S: 0
  ME_READ_L: 0
  ME_WRITE: 0
  ME_LARGE: 0
  ME_LATENCY: 0
  ME_THREADED: 0
  SUMM_CPU: 531.2258899044881
  SUMM_ME: 0
SystemInformation:
  OSName: Ubuntu 18.04.6 LTS
  Kernel: 4.9.337-tegra
  Device: quill
  Processor: ARM Cortex-A57 6 Core 2035 MHz
  NumSockets: 2
  Manufacturer: ARM
  NumCores: 6
  NumLogicals: 6
  CPUFrequency: 2035
  Memory: 7850
Checksum: C67459CF0F7979FD90CCF845134B6EEE0A4E1674