BaselineInfo:
  WebDBID: -1
  TimeStamp: 20240828175301
Version:
  Major: 11
  Minor: 0
  Build: 1002
  SpecialBuildName: ""
  ptArchitecture: aarch64_linux
Results:
  Results Complete: true
  NumTestProcesses: 6
  CPU_INTEGER_MATH: 7943.9533333333329
  CPU_FLOATINGPOINT_MATH: 2135.6003486024624
  CPU_PRIME: 5.5733411711754677
  CPU_SORTING: 3119.8341710753562
  CPU_ENCRYPTION: 220.88917851906936
  CPU_COMPRESSION: 5629.5319976525243
  CPU_SINGLETHREAD: 275.90513743026492
  CPU_PHYSICS: 96.478110573226843
  CPU_MATRIX_MULT_SSE: 474.88998223628391
  CPU_mm: 142.20277017802513
  CPU_sse: 333.23398816196436
  CPU_fma: 616.54597631060346
  CPU_avx: 0
  CPU_avx512: 0
  m_CPU_enc_SHA: 332164363.68451005
  m_CPU_enc_AES: 177109863.15322185
  m_CPU_enc_ECDSA: 185583046.92670324
  ME_ALLOC_S: 0
  ME_READ_S: 0
  ME_READ_L: 0
  ME_WRITE: 0
  ME_LARGE: 0
  ME_LATENCY: 0
  ME_THREADED: 0
  SUMM_CPU: 809.99553818647428
  SUMM_ME: 0
SystemInformation:
  OSName: Ubuntu 18.04.6 LTS
  Kernel: 4.9.337-tegra
  Device: quill
  Processor: ARM Cortex-A57 6 Core 2035 MHz
  NumSockets: 2
  Manufacturer: ARM
  NumCores: 6
  NumLogicals: 6
  CPUFrequency: 2035
  Memory: 7850
Checksum: CBA8EA767BB1DD15C2EBEB575D653DA70DD802C2