BaselineInfo:
  WebDBID: -1
  TimeStamp: 20240828052620
Version:
  Major: 11
  Minor: 0
  Build: 1002
  SpecialBuildName: ""
  ptArchitecture: aarch64_linux
Results:
  Results Complete: true
  NumTestProcesses: 6
  CPU_INTEGER_MATH: 4140.9093333333331
  CPU_FLOATINGPOINT_MATH: 1123.3144369466609
  CPU_PRIME: 4.7031946543967544
  CPU_SORTING: 1801.777406765729
  CPU_ENCRYPTION: 115.99570481554804
  CPU_COMPRESSION: 2836.8343721865108
  CPU_SINGLETHREAD: 147.67483780139784
  CPU_PHYSICS: 85.606543260470673
  CPU_MATRIX_MULT_SSE: 246.97365085682804
  CPU_mm: 74.053338253873278
  CPU_sse: 173.46959999156977
  CPU_fma: 320.47770172208629
  CPU_avx: 0
  CPU_avx512: 0
  m_CPU_enc_SHA: 182538677.79508936
  m_CPU_enc_AES: 88078130.077882528
  m_CPU_enc_ECDSA: 94274128.645032391
  ME_ALLOC_S: 0
  ME_READ_S: 0
  ME_READ_L: 0
  ME_WRITE: 0
  ME_LARGE: 0
  ME_LATENCY: 0
  ME_THREADED: 0
  SUMM_CPU: 432.67057470804735
  SUMM_ME: 0
SystemInformation:
  OSName: Ubuntu 18.04.6 LTS
  Kernel: 4.9.337-tegra
  Device: quill
  Processor: ARM Cortex-A57 6 Core 2035 MHz
  NumSockets: 2
  Manufacturer: ARM
  NumCores: 6
  NumLogicals: 6
  CPUFrequency: 2035
  Memory: 7850
Checksum: 850AB3D785900919BA1CC6788133D9BDE654DA4A