BaselineInfo:
  WebDBID: -1
  TimeStamp: 20240827233835
Version:
  Major: 11
  Minor: 0
  Build: 1002
  SpecialBuildName: ""
  ptArchitecture: aarch64_linux
Results:
  Results Complete: true
  NumTestProcesses: 6
  CPU_INTEGER_MATH: 3103.8833333333337
  CPU_FLOATINGPOINT_MATH: 785.65534687367483
  CPU_PRIME: 1.684804680908889
  CPU_SORTING: 1054.0697638395707
  CPU_ENCRYPTION: 81.073267397401139
  CPU_COMPRESSION: 1990.371587161773
  CPU_SINGLETHREAD: 108.41520598701607
  CPU_PHYSICS: 30.989606681607945
  CPU_MATRIX_MULT_SSE: 184.08500379042027
  CPU_mm: 55.674795516262108
  CPU_sse: 131.59906072052661
  CPU_fma: 236.57094686031394
  CPU_avx: 0
  CPU_avx512: 0
  m_CPU_enc_SHA: 119980822.11548756
  m_CPU_enc_AES: 68288652.174875706
  m_CPU_enc_ECDSA: 66764973.013128586
  ME_ALLOC_S: 0
  ME_READ_S: 0
  ME_READ_L: 0
  ME_WRITE: 0
  ME_LARGE: 0
  ME_LATENCY: 0
  ME_THREADED: 0
  SUMM_CPU: 293.68456013399287
  SUMM_ME: 0
SystemInformation:
  OSName: Ubuntu 18.04.6 LTS
  Kernel: 4.9.337-tegra
  Device: quill
  Processor: ARM Cortex-A57 6 Core 2035 MHz
  NumSockets: 2
  Manufacturer: ARM
  NumCores: 6
  NumLogicals: 6
  CPUFrequency: 2035
  Memory: 7850
Checksum: 2FC6404AE5F8B5B422182A61A0F55DBAE8BAA56A