BaselineInfo:
  WebDBID: -1
  TimeStamp: 20240828065703
Version:
  Major: 11
  Minor: 0
  Build: 1002
  SpecialBuildName: ""
  ptArchitecture: aarch64_linux
Results:
  Results Complete: true
  NumTestProcesses: 6
  CPU_INTEGER_MATH: 5142.2459999999992
  CPU_FLOATINGPOINT_MATH: 1381.230592158505
  CPU_PRIME: 5.4656725663252068
  CPU_SORTING: 2169.0024447293272
  CPU_ENCRYPTION: 141.47464604178674
  CPU_COMPRESSION: 3449.3264405840891
  CPU_SINGLETHREAD: 185.01206719830805
  CPU_PHYSICS: 92.757633393848678
  CPU_MATRIX_MULT_SSE: 306.21823180383791
  CPU_mm: 92.096699102725566
  CPU_sse: 215.14103006106205
  CPU_fma: 397.29543354661376
  CPU_avx: 0
  CPU_avx512: 0
  m_CPU_enc_SHA: 207257185.55796862
  m_CPU_enc_AES: 114760186.55781889
  m_CPU_enc_ECDSA: 123023383.22795025
  ME_ALLOC_S: 0
  ME_READ_S: 0
  ME_READ_L: 0
  ME_WRITE: 0
  ME_LARGE: 0
  ME_LATENCY: 0
  ME_THREADED: 0
  SUMM_CPU: 527.88559074109196
  SUMM_ME: 0
SystemInformation:
  OSName: Ubuntu 18.04.6 LTS
  Kernel: 4.9.337-tegra
  Device: quill
  Processor: ARM Cortex-A57 6 Core 2035 MHz
  NumSockets: 2
  Manufacturer: ARM
  NumCores: 6
  NumLogicals: 6
  CPUFrequency: 2035
  Memory: 7850
Checksum: C5D94FD6CEFFE16567D7FCC1AFD31FD9E31B835C