BaselineInfo:
  WebDBID: -1
  TimeStamp: 20240828070602
Version:
  Major: 11
  Minor: 0
  Build: 1002
  SpecialBuildName: ""
  ptArchitecture: aarch64_linux
Results:
  Results Complete: true
  NumTestProcesses: 6
  CPU_INTEGER_MATH: 5052.880666666666
  CPU_FLOATINGPOINT_MATH: 1251.5864877206091
  CPU_PRIME: 1.8968531881844308
  CPU_SORTING: 1455.6674316432711
  CPU_ENCRYPTION: 135.95904215777094
  CPU_COMPRESSION: 3273.3985285239974
  CPU_SINGLETHREAD: 171.76131111857165
  CPU_PHYSICS: 32.617510136191179
  CPU_MATRIX_MULT_SSE: 303.00220573312686
  CPU_mm: 89.224187756986495
  CPU_sse: 212.27784218469731
  CPU_fma: 393.72656928155641
  CPU_avx: 0
  CPU_avx512: 0
  m_CPU_enc_SHA: 209326758.28267843
  m_CPU_enc_AES: 110736222.1203481
  m_CPU_enc_ECDSA: 107627185.36585392
  ME_ALLOC_S: 0
  ME_READ_S: 0
  ME_READ_L: 0
  ME_WRITE: 0
  ME_LARGE: 0
  ME_LATENCY: 0
  ME_THREADED: 0
  SUMM_CPU: 461.35849631001594
  SUMM_ME: 0
SystemInformation:
  OSName: Ubuntu 18.04.6 LTS
  Kernel: 4.9.337-tegra
  Device: quill
  Processor: ARM Cortex-A57 6 Core 2035 MHz
  NumSockets: 2
  Manufacturer: ARM
  NumCores: 6
  NumLogicals: 6
  CPUFrequency: 2035
  Memory: 7850
Checksum: 6D947CF9718F77249438F4DBEBECB4DDC5EC0E4A