BaselineInfo:
  WebDBID: -1
  TimeStamp: 20240828155210
Version:
  Major: 11
  Minor: 0
  Build: 1002
  SpecialBuildName: ""
  ptArchitecture: aarch64_linux
Results:
  Results Complete: true
  NumTestProcesses: 6
  CPU_INTEGER_MATH: 7935.2913333333336
  CPU_FLOATINGPOINT_MATH: 2144.5836979734086
  CPU_PRIME: 7.2514027766064668
  CPU_SORTING: 3302.0813478639793
  CPU_ENCRYPTION: 219.87893609153863
  CPU_COMPRESSION: 5676.393042900866
  CPU_SINGLETHREAD: 278.43252723821865
  CPU_PHYSICS: 121.15619207342711
  CPU_MATRIX_MULT_SSE: 471.81437178345573
  CPU_mm: 141.82982055161727
  CPU_sse: 332.31055447806494
  CPU_fma: 611.31818908884657
  CPU_avx: 0
  CPU_avx512: 0
  m_CPU_enc_SHA: 334990477.62018943
  m_CPU_enc_AES: 175373941.65164837
  m_CPU_enc_ECDSA: 181314906.60152578
  ME_ALLOC_S: 0
  ME_READ_S: 0
  ME_READ_L: 0
  ME_WRITE: 0
  ME_LARGE: 0
  ME_LATENCY: 0
  ME_THREADED: 0
  SUMM_CPU: 824.24226511182826
  SUMM_ME: 0
SystemInformation:
  OSName: Ubuntu 18.04.6 LTS
  Kernel: 4.9.337-tegra
  Device: quill
  Processor: ARM Cortex-A57 6 Core 2035 MHz
  NumSockets: 2
  Manufacturer: ARM
  NumCores: 6
  NumLogicals: 6
  CPUFrequency: 2035
  Memory: 7850
Checksum: 4CB3C0338B5A43503AE80C6AB4E761611DB25F5E