BaselineInfo:
  WebDBID: -1
  TimeStamp: 20240828092831
Version:
  Major: 11
  Minor: 0
  Build: 1002
  SpecialBuildName: ""
  ptArchitecture: aarch64_linux
Results:
  Results Complete: true
  NumTestProcesses: 6
  CPU_INTEGER_MATH: 4987.2293333333337
  CPU_FLOATINGPOINT_MATH: 1114.3127502225052
  CPU_PRIME: 0.92107923332476715
  CPU_SORTING: 849.12046762393993
  CPU_ENCRYPTION: 125.4674977445741
  CPU_COMPRESSION: 2879.5256702315514
  CPU_SINGLETHREAD: 158.71720964336072
  CPU_PHYSICS: 16.47498141224753
  CPU_MATRIX_MULT_SSE: 295.47496487186487
  CPU_mm: 88.674162988942086
  CPU_sse: 210.37124708601033
  CPU_fma: 380.57868265771947
  CPU_avx: 0
  CPU_avx512: 0
  m_CPU_enc_SHA: 186070122.40018412
  m_CPU_enc_AES: 106076786.76078422
  m_CPU_enc_ECDSA: 102539711.58407524
  ME_ALLOC_S: 0
  ME_READ_S: 0
  ME_READ_L: 0
  ME_WRITE: 0
  ME_LARGE: 0
  ME_LATENCY: 0
  ME_THREADED: 0
  SUMM_CPU: 375.99728638711434
  SUMM_ME: 0
SystemInformation:
  OSName: Ubuntu 18.04.6 LTS
  Kernel: 4.9.337-tegra
  Device: quill
  Processor: ARM Cortex-A57 6 Core 2035 MHz
  NumSockets: 2
  Manufacturer: ARM
  NumCores: 6
  NumLogicals: 6
  CPUFrequency: 2035
  Memory: 7850
Checksum: 3A6B6FD09943E021D646CE23DBF05143368FCDF9