BaselineInfo:
  WebDBID: -1
  TimeStamp: 20240828083843
Version:
  Major: 11
  Minor: 0
  Build: 1002
  SpecialBuildName: ""
  ptArchitecture: aarch64_linux
Results:
  Results Complete: true
  NumTestProcesses: 6
  CPU_INTEGER_MATH: 5147.3106666666672
  CPU_FLOATINGPOINT_MATH: 1401.3253436725595
  CPU_PRIME: 5.6388051355045556
  CPU_SORTING: 2235.4808799702691
  CPU_ENCRYPTION: 143.25035669510791
  CPU_COMPRESSION: 3557.5769212461237
  CPU_SINGLETHREAD: 182.28223939836857
  CPU_PHYSICS: 95.992274971531884
  CPU_MATRIX_MULT_SSE: 306.00144908446583
  CPU_mm: 92.112366751155136
  CPU_sse: 215.15639716601621
  CPU_fma: 396.84650100291549
  CPU_avx: 0
  CPU_avx512: 0
  m_CPU_enc_SHA: 218355732.31642526
  m_CPU_enc_AES: 111810431.98193812
  m_CPU_enc_ECDSA: 120460493.76742503
  ME_ALLOC_S: 0
  ME_READ_S: 0
  ME_READ_L: 0
  ME_WRITE: 0
  ME_LARGE: 0
  ME_LATENCY: 0
  ME_THREADED: 0
  SUMM_CPU: 536.39961834701921
  SUMM_ME: 0
SystemInformation:
  OSName: Ubuntu 18.04.6 LTS
  Kernel: 4.9.337-tegra
  Device: quill
  Processor: ARM Cortex-A57 6 Core 2035 MHz
  NumSockets: 2
  Manufacturer: ARM
  NumCores: 6
  NumLogicals: 6
  CPUFrequency: 2035
  Memory: 7850
Checksum: DDC519791E86A1318B4243CC85B029747500FA34