BaselineInfo:
  WebDBID: -1
  TimeStamp: 20240828033248
Version:
  Major: 11
  Minor: 0
  Build: 1002
  SpecialBuildName: ""
  ptArchitecture: aarch64_linux
Results:
  Results Complete: true
  NumTestProcesses: 6
  CPU_INTEGER_MATH: 4127.2300000000005
  CPU_FLOATINGPOINT_MATH: 1111.5861897572513
  CPU_PRIME: 4.3977221664173687
  CPU_SORTING: 1758.5048931120675
  CPU_ENCRYPTION: 115.06426061387191
  CPU_COMPRESSION: 2840.2162060126493
  CPU_SINGLETHREAD: 146.68971909108558
  CPU_PHYSICS: 72.918413297534713
  CPU_MATRIX_MULT_SSE: 246.34296104373388
  CPU_mm: 73.574323468354635
  CPU_sse: 173.74776431776772
  CPU_fma: 318.93815776970007
  CPU_avx: 0
  CPU_avx512: 0
  m_CPU_enc_SHA: 162905089.87630469
  m_CPU_enc_AES: 94015807.698294193
  m_CPU_enc_ECDSA: 105039968.8377552
  ME_ALLOC_S: 0
  ME_READ_S: 0
  ME_READ_L: 0
  ME_WRITE: 0
  ME_LARGE: 0
  ME_LATENCY: 0
  ME_THREADED: 0
  SUMM_CPU: 428.5590683725315
  SUMM_ME: 0
SystemInformation:
  OSName: Ubuntu 18.04.6 LTS
  Kernel: 4.9.337-tegra
  Device: quill
  Processor: ARM Cortex-A57 6 Core 2035 MHz
  NumSockets: 2
  Manufacturer: ARM
  NumCores: 6
  NumLogicals: 6
  CPUFrequency: 2035
  Memory: 7850
Checksum: 2A9EAED5D0222F3D1992DF4892847CD70FB0E978