BaselineInfo:
  WebDBID: -1
  TimeStamp: 20240828145741
Version:
  Major: 11
  Minor: 0
  Build: 1002
  SpecialBuildName: ""
  ptArchitecture: aarch64_linux
Results:
  Results Complete: true
  NumTestProcesses: 6
  CPU_INTEGER_MATH: 7030.8459999999995
  CPU_FLOATINGPOINT_MATH: 1745.4751983637486
  CPU_PRIME: 1.9732610755731081
  CPU_SORTING: 1726.3042696434513
  CPU_ENCRYPTION: 188.58656113889958
  CPU_COMPRESSION: 4562.1523371251942
  CPU_SINGLETHREAD: 232.378795453224
  CPU_PHYSICS: 35.585742397246769
  CPU_MATRIX_MULT_SSE: 419.95366950048822
  CPU_mm: 125.6577023389776
  CPU_sse: 295.09476238732543
  CPU_fma: 544.812576613651
  CPU_avx: 0
  CPU_avx512: 0
  m_CPU_enc_SHA: 285838958.47752094
  m_CPU_enc_AES: 149739403.16951612
  m_CPU_enc_ECDSA: 157663664.15131122
  ME_ALLOC_S: 0
  ME_READ_S: 0
  ME_READ_L: 0
  ME_WRITE: 0
  ME_LARGE: 0
  ME_LATENCY: 0
  ME_THREADED: 0
  SUMM_CPU: 614.56362701789965
  SUMM_ME: 0
SystemInformation:
  OSName: Ubuntu 18.04.6 LTS
  Kernel: 4.9.337-tegra
  Device: quill
  Processor: ARM Cortex-A57 6 Core 2035 MHz
  NumSockets: 2
  Manufacturer: ARM
  NumCores: 6
  NumLogicals: 6
  CPUFrequency: 2035
  Memory: 7850
Checksum: 580AF341789644708839A0F87F0A261EC2ECF0D1