BaselineInfo:
  WebDBID: -1
  TimeStamp: 20240828150127
Version:
  Major: 11
  Minor: 0
  Build: 1002
  SpecialBuildName: ""
  ptArchitecture: aarch64_linux
Results:
  Results Complete: true
  NumTestProcesses: 6
  CPU_INTEGER_MATH: 7132.2339999999995
  CPU_FLOATINGPOINT_MATH: 1923.500805730451
  CPU_PRIME: 6.114546102786063
  CPU_SORTING: 2903.4994664947594
  CPU_ENCRYPTION: 194.22163137227497
  CPU_COMPRESSION: 4909.6668466258407
  CPU_SINGLETHREAD: 249.64923143763704
  CPU_PHYSICS: 103.69321445948746
  CPU_MATRIX_MULT_SSE: 425.55287337581717
  CPU_mm: 127.42792641185315
  CPU_sse: 299.13378498243543
  CPU_fma: 551.97196176919897
  CPU_avx: 0
  CPU_avx512: 0
  m_CPU_enc_SHA: 281579393.08549017
  m_CPU_enc_AES: 159071717.7571604
  m_CPU_enc_ECDSA: 170317313.17079324
  ME_ALLOC_S: 0
  ME_READ_S: 0
  ME_READ_L: 0
  ME_WRITE: 0
  ME_LARGE: 0
  ME_LATENCY: 0
  ME_THREADED: 0
  SUMM_CPU: 726.5160360866696
  SUMM_ME: 0
SystemInformation:
  OSName: Ubuntu 18.04.6 LTS
  Kernel: 4.9.337-tegra
  Device: quill
  Processor: ARM Cortex-A57 6 Core 2035 MHz
  NumSockets: 2
  Manufacturer: ARM
  NumCores: 6
  NumLogicals: 6
  CPUFrequency: 2035
  Memory: 7850
Checksum: 063A73258131049E4A17A5FD17306F594FF5C98C