BaselineInfo:
  WebDBID: -1
  TimeStamp: 20240828040408
Version:
  Major: 11
  Minor: 0
  Build: 1002
  SpecialBuildName: ""
  ptArchitecture: aarch64_linux
Results:
  Results Complete: true
  NumTestProcesses: 6
  CPU_INTEGER_MATH: 4128.7920000000004
  CPU_FLOATINGPOINT_MATH: 1117.6490398152102
  CPU_PRIME: 4.3508850208814058
  CPU_SORTING: 1776.7250394986263
  CPU_ENCRYPTION: 111.79335918529081
  CPU_COMPRESSION: 2857.4742380542489
  CPU_SINGLETHREAD: 147.04294363596776
  CPU_PHYSICS: 71.662963610965306
  CPU_MATRIX_MULT_SSE: 245.81700586806679
  CPU_mm: 74.140505804722764
  CPU_sse: 172.89473088973614
  CPU_fma: 318.73928084639743
  CPU_avx: 0
  CPU_avx512: 0
  m_CPU_enc_SHA: 167548031.3713634
  m_CPU_enc_AES: 93631981.123958781
  m_CPU_enc_ECDSA: 90491487.707904324
  ME_ALLOC_S: 0
  ME_READ_S: 0
  ME_READ_L: 0
  ME_WRITE: 0
  ME_LARGE: 0
  ME_LATENCY: 0
  ME_THREADED: 0
  SUMM_CPU: 425.78646919067819
  SUMM_ME: 0
SystemInformation:
  OSName: Ubuntu 18.04.6 LTS
  Kernel: 4.9.337-tegra
  Device: quill
  Processor: ARM Cortex-A57 6 Core 2035 MHz
  NumSockets: 2
  Manufacturer: ARM
  NumCores: 6
  NumLogicals: 6
  CPUFrequency: 2035
  Memory: 7850
Checksum: 8670006B796952C040CC8A204B7E75FE58C3187D