BaselineInfo:
  WebDBID: -1
  TimeStamp: 20240828120719
Version:
  Major: 11
  Minor: 0
  Build: 1002
  SpecialBuildName: ""
  ptArchitecture: aarch64_linux
Results:
  Results Complete: true
  NumTestProcesses: 6
  CPU_INTEGER_MATH: 5223.1386666666667
  CPU_FLOATINGPOINT_MATH: 697.54678190064988
  CPU_PRIME: 0
  CPU_SORTING: 115.68205591229992
  CPU_ENCRYPTION: 109.38013620219041
  CPU_COMPRESSION: 1919.5580367869402
  CPU_SINGLETHREAD: 144.86780939462383
  CPU_PHYSICS: 5.1958577996764577
  CPU_MATRIX_MULT_SSE: 318.92969067300021
  CPU_mm: 97.902580631873434
  CPU_sse: 230.08824796281542
  CPU_fma: 407.77113338318492
  CPU_avx: 0
  CPU_avx512: 0
  m_CPU_enc_SHA: 145430649.012265
  m_CPU_enc_AES: 94875902.149228603
  m_CPU_enc_ECDSA: 69225646.639063165
  ME_ALLOC_S: 0
  ME_READ_S: 0
  ME_READ_L: 0
  ME_WRITE: 0
  ME_LARGE: 0
  ME_LATENCY: 0
  ME_THREADED: 0
  SUMM_CPU: 0
  SUMM_ME: 0
SystemInformation:
  OSName: Ubuntu 18.04.6 LTS
  Kernel: 4.9.337-tegra
  Device: quill
  Processor: ARM Cortex-A57 6 Core 2035 MHz
  NumSockets: 2
  Manufacturer: ARM
  NumCores: 6
  NumLogicals: 6
  CPUFrequency: 2035
  Memory: 7850
Checksum: 754D258B9942189878475C68874D0CF91526820D