BaselineInfo:
  WebDBID: -1
  TimeStamp: 20240828201204
Version:
  Major: 11
  Minor: 0
  Build: 1002
  SpecialBuildName: ""
  ptArchitecture: aarch64_linux
Results:
  Results Complete: true
  NumTestProcesses: 6
  CPU_INTEGER_MATH: 9106.1759999999995
  CPU_FLOATINGPOINT_MATH: 2478.5717969497778
  CPU_PRIME: 7.5802099330393009
  CPU_SORTING: 3775.5877938788326
  CPU_ENCRYPTION: 249.66280057320157
  CPU_COMPRESSION: 6563.8607255233019
  CPU_SINGLETHREAD: 317.61537033250539
  CPU_PHYSICS: 129.12785637753447
  CPU_MATRIX_MULT_SSE: 541.63335403507369
  CPU_mm: 162.58812278300212
  CPU_sse: 380.98406581587477
  CPU_fma: 702.28264225427279
  CPU_avx: 0
  CPU_avx512: 0
  m_CPU_enc_SHA: 366079330.91347706
  m_CPU_enc_AES: 200953256.80953193
  m_CPU_enc_ECDSA: 218338674.59852725
  ME_ALLOC_S: 0
  ME_READ_S: 0
  ME_READ_L: 0
  ME_WRITE: 0
  ME_LARGE: 0
  ME_LATENCY: 0
  ME_THREADED: 0
  SUMM_CPU: 941.05580784520134
  SUMM_ME: 0
SystemInformation:
  OSName: Ubuntu 18.04.6 LTS
  Kernel: 4.9.337-tegra
  Device: quill
  Processor: ARM Cortex-A57 6 Core 2035 MHz
  NumSockets: 2
  Manufacturer: ARM
  NumCores: 6
  NumLogicals: 6
  CPUFrequency: 2035
  Memory: 7850
Checksum: 487F7D1C9BEFE748255D49B5D8CC761183552384