BaselineInfo:
  WebDBID: -1
  TimeStamp: 20240828115650
Version:
  Major: 11
  Minor: 0
  Build: 1002
  SpecialBuildName: ""
  ptArchitecture: aarch64_linux
Results:
  Results Complete: true
  NumTestProcesses: 6
  CPU_INTEGER_MATH: 5906.1586666666662
  CPU_FLOATINGPOINT_MATH: 1348.8180330276616
  CPU_PRIME: 0.94851578053189134
  CPU_SORTING: 852.79702098300822
  CPU_ENCRYPTION: 148.29972191443568
  CPU_COMPRESSION: 3328.6814988027613
  CPU_SINGLETHREAD: 184.54397656313418
  CPU_PHYSICS: 17.356938200178867
  CPU_MATRIX_MULT_SSE: 354.34125839890129
  CPU_mm: 106.27194981802958
  CPU_sse: 248.35498914825132
  CPU_fma: 460.32752764955126
  CPU_avx: 0
  CPU_avx512: 0
  m_CPU_enc_SHA: 228675095.88631162
  m_CPU_enc_AES: 117539229.05337042
  m_CPU_enc_ECDSA: 120296262.67877196
  ME_ALLOC_S: 0
  ME_READ_S: 0
  ME_READ_L: 0
  ME_WRITE: 0
  ME_LARGE: 0
  ME_LATENCY: 0
  ME_THREADED: 0
  SUMM_CPU: 427.2416272597236
  SUMM_ME: 0
SystemInformation:
  OSName: Ubuntu 18.04.6 LTS
  Kernel: 4.9.337-tegra
  Device: quill
  Processor: ARM Cortex-A57 6 Core 2035 MHz
  NumSockets: 2
  Manufacturer: ARM
  NumCores: 6
  NumLogicals: 6
  CPUFrequency: 2035
  Memory: 7850
Checksum: 3E5E7A93590C2A7F8E97BBF09A202C89E80C5FB6