BaselineInfo:
  WebDBID: -1
  TimeStamp: 20240827232849
Version:
  Major: 11
  Minor: 0
  Build: 1002
  SpecialBuildName: ""
  ptArchitecture: aarch64_linux
Results:
  Results Complete: true
  NumTestProcesses: 6
  CPU_INTEGER_MATH: 3131.384
  CPU_FLOATINGPOINT_MATH: 852.24047391817294
  CPU_PRIME: 4.0404634047817449
  CPU_SORTING: 1308.9306561063927
  CPU_ENCRYPTION: 89.420083952362475
  CPU_COMPRESSION: 2182.8794377991449
  CPU_SINGLETHREAD: 113.65565927528414
  CPU_PHYSICS: 69.339679496939112
  CPU_MATRIX_MULT_SSE: 187.518813908612
  CPU_mm: 56.170938118834094
  CPU_sse: 131.77416503469635
  CPU_fma: 243.26346278252757
  CPU_avx: 0
  CPU_avx512: 0
  m_CPU_enc_SHA: 130674829.07089704
  m_CPU_enc_AES: 66854233.267196149
  m_CPU_enc_ECDSA: 83762199.513204113
  ME_ALLOC_S: 0
  ME_READ_S: 0
  ME_READ_L: 0
  ME_WRITE: 0
  ME_LARGE: 0
  ME_LATENCY: 0
  ME_THREADED: 0
  SUMM_CPU: 331.9177563914256
  SUMM_ME: 0
SystemInformation:
  OSName: Ubuntu 18.04.6 LTS
  Kernel: 4.9.337-tegra
  Device: quill
  Processor: ARM Cortex-A57 6 Core 2035 MHz
  NumSockets: 2
  Manufacturer: ARM
  NumCores: 6
  NumLogicals: 6
  CPUFrequency: 2035
  Memory: 7850
Checksum: 0ED7518434DE5F75991F79CF0EBF0D5D3AC2CEC8