BaselineInfo:
  WebDBID: -1
  TimeStamp: 20240828082317
Version:
  Major: 11
  Minor: 0
  Build: 1002
  SpecialBuildName: ""
  ptArchitecture: aarch64_linux
Results:
  Results Complete: true
  NumTestProcesses: 6
  CPU_INTEGER_MATH: 5143.3346666666675
  CPU_FLOATINGPOINT_MATH: 1354.6813186460124
  CPU_PRIME: 5.4143753499490543
  CPU_SORTING: 2215.7973731161596
  CPU_ENCRYPTION: 141.97660582687419
  CPU_COMPRESSION: 3632.4143242650762
  CPU_SINGLETHREAD: 182.53589437682865
  CPU_PHYSICS: 92.95009127608246
  CPU_MATRIX_MULT_SSE: 306.50244181436119
  CPU_mm: 91.701088361480089
  CPU_sse: 215.60779987957503
  CPU_fma: 397.39708374914733
  CPU_avx: 0
  CPU_avx512: 0
  m_CPU_enc_SHA: 204082518.17762631
  m_CPU_enc_AES: 115772058.48349567
  m_CPU_enc_ECDSA: 126765207.6334393
  ME_ALLOC_S: 0
  ME_READ_S: 0
  ME_READ_L: 0
  ME_WRITE: 0
  ME_LARGE: 0
  ME_LATENCY: 0
  ME_THREADED: 0
  SUMM_CPU: 535.56982412596926
  SUMM_ME: 0
SystemInformation:
  OSName: Ubuntu 18.04.6 LTS
  Kernel: 4.9.337-tegra
  Device: quill
  Processor: ARM Cortex-A57 6 Core 2035 MHz
  NumSockets: 2
  Manufacturer: ARM
  NumCores: 6
  NumLogicals: 6
  CPUFrequency: 2035
  Memory: 7850
Checksum: DE62E5FFBEEF494AF3428168DD92A39214CB3A15