BaselineInfo:
  WebDBID: -1
  TimeStamp: 20240828050700
Version:
  Major: 11
  Minor: 0
  Build: 1002
  SpecialBuildName: ""
  ptArchitecture: aarch64_linux
Results:
  Results Complete: true
  NumTestProcesses: 6
  CPU_INTEGER_MATH: 4126.6620000000003
  CPU_FLOATINGPOINT_MATH: 1118.5623043331093
  CPU_PRIME: 4.2940595951198741
  CPU_SORTING: 1763.3112139007185
  CPU_ENCRYPTION: 115.70812551532265
  CPU_COMPRESSION: 2812.6378467265904
  CPU_SINGLETHREAD: 148.37093226295721
  CPU_PHYSICS: 71.91885929742439
  CPU_MATRIX_MULT_SSE: 244.87582256097161
  CPU_mm: 73.431068122216658
  CPU_sse: 173.01231633272846
  CPU_fma: 316.73932878921477
  CPU_avx: 0
  CPU_avx512: 0
  m_CPU_enc_SHA: 171009486.32300711
  m_CPU_enc_AES: 93845067.71960108
  m_CPU_enc_ECDSA: 99131736.218456626
  ME_ALLOC_S: 0
  ME_READ_S: 0
  ME_READ_L: 0
  ME_WRITE: 0
  ME_LARGE: 0
  ME_LATENCY: 0
  ME_THREADED: 0
  SUMM_CPU: 427.76024248768937
  SUMM_ME: 0
SystemInformation:
  OSName: Ubuntu 18.04.6 LTS
  Kernel: 4.9.337-tegra
  Device: quill
  Processor: ARM Cortex-A57 6 Core 2035 MHz
  NumSockets: 2
  Manufacturer: ARM
  NumCores: 6
  NumLogicals: 6
  CPUFrequency: 2035
  Memory: 7850
Checksum: C56244059F86B108FE7CA85B431BF72B29AF2A81