BaselineInfo:
  WebDBID: -1
  TimeStamp: 20240828175447
Version:
  Major: 11
  Minor: 0
  Build: 1002
  SpecialBuildName: ""
  ptArchitecture: aarch64_linux
Results:
  Results Complete: true
  NumTestProcesses: 6
  CPU_INTEGER_MATH: 7997.5346666666665
  CPU_FLOATINGPOINT_MATH: 2144.8683048976359
  CPU_PRIME: 7.0250789529297704
  CPU_SORTING: 3355.7371722858607
  CPU_ENCRYPTION: 224.99361530562771
  CPU_COMPRESSION: 5604.9357534349165
  CPU_SINGLETHREAD: 280.04914663388712
  CPU_PHYSICS: 116.79901339085843
  CPU_MATRIX_MULT_SSE: 475.81733595086985
  CPU_mm: 142.31847134790692
  CPU_sse: 335.12258454607729
  CPU_fma: 616.51208735566229
  CPU_avx: 0
  CPU_avx512: 0
  m_CPU_enc_SHA: 336041156.26308697
  m_CPU_enc_AES: 178256763.01983231
  m_CPU_enc_ECDSA: 193470796.20522228
  ME_ALLOC_S: 0
  ME_READ_S: 0
  ME_READ_L: 0
  ME_WRITE: 0
  ME_LARGE: 0
  ME_LATENCY: 0
  ME_THREADED: 0
  SUMM_CPU: 827.37927369606552
  SUMM_ME: 0
SystemInformation:
  OSName: Ubuntu 18.04.6 LTS
  Kernel: 4.9.337-tegra
  Device: quill
  Processor: ARM Cortex-A57 6 Core 2035 MHz
  NumSockets: 2
  Manufacturer: ARM
  NumCores: 6
  NumLogicals: 6
  CPUFrequency: 2035
  Memory: 7850
Checksum: FA149EEFD1B8C44DCA3CAC305CC7074B2B1ED452