BaselineInfo:
  WebDBID: -1
  TimeStamp: 20240828041455
Version:
  Major: 11
  Minor: 0
  Build: 1002
  SpecialBuildName: ""
  ptArchitecture: aarch64_linux
Results:
  Results Complete: true
  NumTestProcesses: 6
  CPU_INTEGER_MATH: 3991.0046666666672
  CPU_FLOATINGPOINT_MATH: 906.6328796014825
  CPU_PRIME: 0.91219866805580185
  CPU_SORTING: 819.57402784308783
  CPU_ENCRYPTION: 101.65615808366169
  CPU_COMPRESSION: 2294.4270388822433
  CPU_SINGLETHREAD: 131.18399879152838
  CPU_PHYSICS: 16.145051628545836
  CPU_MATRIX_MULT_SSE: 239.30642309982534
  CPU_mm: 71.262355611710944
  CPU_sse: 169.18226209677005
  CPU_fma: 309.43058410288063
  CPU_avx: 0
  CPU_avx512: 0
  m_CPU_enc_SHA: 150433240.74203262
  m_CPU_enc_AES: 85407279.323250622
  m_CPU_enc_ECDSA: 83942102.790917695
  ME_ALLOC_S: 0
  ME_READ_S: 0
  ME_READ_L: 0
  ME_WRITE: 0
  ME_LARGE: 0
  ME_LATENCY: 0
  ME_THREADED: 0
  SUMM_CPU: 317.43870416889581
  SUMM_ME: 0
SystemInformation:
  OSName: Ubuntu 18.04.6 LTS
  Kernel: 4.9.337-tegra
  Device: quill
  Processor: ARM Cortex-A57 6 Core 2035 MHz
  NumSockets: 2
  Manufacturer: ARM
  NumCores: 6
  NumLogicals: 6
  CPUFrequency: 2035
  Memory: 7850
Checksum: C06213A12820A1645FE3E67A36C712AE12AE41A6