BaselineInfo:
  WebDBID: -1
  TimeStamp: 20240828143415
Version:
  Major: 11
  Minor: 0
  Build: 1002
  SpecialBuildName: ""
  ptArchitecture: aarch64_linux
Results:
  Results Complete: true
  NumTestProcesses: 6
  CPU_INTEGER_MATH: 7122.4833333333336
  CPU_FLOATINGPOINT_MATH: 1893.3181636407367
  CPU_PRIME: 5.0588264171403381
  CPU_SORTING: 2805.5635484697855
  CPU_ENCRYPTION: 192.99520180002489
  CPU_COMPRESSION: 4981.9856092646978
  CPU_SINGLETHREAD: 247.55538141592899
  CPU_PHYSICS: 86.897857651697677
  CPU_MATRIX_MULT_SSE: 423.55081603022433
  CPU_mm: 127.37646556848105
  CPU_sse: 299.25473787830106
  CPU_fma: 547.84689418214759
  CPU_avx: 0
  CPU_avx512: 0
  m_CPU_enc_SHA: 286340594.37671864
  m_CPU_enc_AES: 154582971.23213592
  m_CPU_enc_ECDSA: 166186844.55913413
  ME_ALLOC_S: 0
  ME_READ_S: 0
  ME_READ_L: 0
  ME_WRITE: 0
  ME_LARGE: 0
  ME_LATENCY: 0
  ME_THREADED: 0
  SUMM_CPU: 717.50713891590283
  SUMM_ME: 0
SystemInformation:
  OSName: Ubuntu 18.04.6 LTS
  Kernel: 4.9.337-tegra
  Device: quill
  Processor: ARM Cortex-A57 6 Core 2035 MHz
  NumSockets: 2
  Manufacturer: ARM
  NumCores: 6
  NumLogicals: 6
  CPUFrequency: 2035
  Memory: 7850
Checksum: D23006987057FD6489852FB634F56924FB296248