BaselineInfo:
  WebDBID: -1
  TimeStamp: 20240828045231
Version:
  Major: 11
  Minor: 0
  Build: 1002
  SpecialBuildName: ""
  ptArchitecture: aarch64_linux
Results:
  Results Complete: true
  NumTestProcesses: 6
  CPU_INTEGER_MATH: 4139.7260000000006
  CPU_FLOATINGPOINT_MATH: 1062.9404203623865
  CPU_PRIME: 4.7050324958389638
  CPU_SORTING: 1665.6686947486471
  CPU_ENCRYPTION: 114.01866691097308
  CPU_COMPRESSION: 2825.0339451028699
  CPU_SINGLETHREAD: 147.14980389139478
  CPU_PHYSICS: 80.827746528809499
  CPU_MATRIX_MULT_SSE: 246.94001113401865
  CPU_mm: 74.07086745000484
  CPU_sse: 173.9877773240365
  CPU_fma: 319.89224494400071
  CPU_avx: 0
  CPU_avx512: 0
  m_CPU_enc_SHA: 168657684.75338963
  m_CPU_enc_AES: 94047669.625134468
  m_CPU_enc_ECDSA: 95966358.64599739
  ME_ALLOC_S: 0
  ME_READ_S: 0
  ME_READ_L: 0
  ME_WRITE: 0
  ME_LARGE: 0
  ME_LATENCY: 0
  ME_THREADED: 0
  SUMM_CPU: 425.73436864063603
  SUMM_ME: 0
SystemInformation:
  OSName: Ubuntu 18.04.6 LTS
  Kernel: 4.9.337-tegra
  Device: quill
  Processor: ARM Cortex-A57 6 Core 2035 MHz
  NumSockets: 2
  Manufacturer: ARM
  NumCores: 6
  NumLogicals: 6
  CPUFrequency: 2035
  Memory: 7850
Checksum: E89D18A857A79584ADF7ABCC90C93299BC39C6DE