BaselineInfo:
  WebDBID: -1
  TimeStamp: 20240827211721
Version:
  Major: 11
  Minor: 0
  Build: 1002
  SpecialBuildName: ""
  ptArchitecture: aarch64_linux
Results:
  Results Complete: true
  NumTestProcesses: 6
  CPU_INTEGER_MATH: 1845.8106666666667
  CPU_FLOATINGPOINT_MATH: 500.63786671207725
  CPU_PRIME: 2.4475307952154566
  CPU_SORTING: 773.37973099181374
  CPU_ENCRYPTION: 61.413765205700649
  CPU_COMPRESSION: 0
  CPU_SINGLETHREAD: 246.44037227418849
  CPU_PHYSICS: 45.662986831281202
  CPU_MATRIX_MULT_SSE: 110.49613309255626
  CPU_mm: 31.355951106951704
  CPU_sse: 77.855346736479234
  CPU_fma: 143.13691944863325
  CPU_avx: 0
  CPU_avx512: 0
  m_CPU_enc_SHA: 84506294.501075551
  m_CPU_enc_AES: 47511491.986927703
  m_CPU_enc_ECDSA: 61173214.304995045
  ME_ALLOC_S: 0
  ME_READ_S: 0
  ME_READ_L: 0
  ME_WRITE: 0
  ME_LARGE: 0
  ME_LATENCY: 0
  ME_THREADED: 0
  SUMM_CPU: 0
  SUMM_ME: 0
SystemInformation:
  OSName: Ubuntu 18.04.6 LTS
  Kernel: 4.9.337-tegra
  Device: quill
  Processor: ARM Cortex-A57 6 Core 2035 MHz
  NumSockets: 2
  Manufacturer: ARM
  NumCores: 6
  NumLogicals: 6
  CPUFrequency: 2035
  Memory: 7850
Checksum: ABF6E986BEB746BCF2F227195FA738E9D8A9DFE0