BaselineInfo:
  WebDBID: -1
  TimeStamp: 20240828190810
Version:
  Major: 11
  Minor: 0
  Build: 1002
  SpecialBuildName: ""
  ptArchitecture: aarch64_linux
Results:
  Results Complete: true
  NumTestProcesses: 6
  CPU_INTEGER_MATH: 8936.8646666666664
  CPU_FLOATINGPOINT_MATH: 2132.5219403133779
  CPU_PRIME: 2.0815003962520939
  CPU_SORTING: 1776.2378493145468
  CPU_ENCRYPTION: 232.67641385363785
  CPU_COMPRESSION: 5723.1720371596384
  CPU_SINGLETHREAD: 289.70100364977975
  CPU_PHYSICS: 37.307535501907232
  CPU_MATRIX_MULT_SSE: 531.8104525945464
  CPU_mm: 160.50292485513418
  CPU_sse: 374.6301717999014
  CPU_fma: 688.99073338919129
  CPU_avx: 0
  CPU_avx512: 0
  m_CPU_enc_SHA: 344751183.3487882
  m_CPU_enc_AES: 190235243.89357215
  m_CPU_enc_ECDSA: 196950282.7566162
  ME_ALLOC_S: 0
  ME_READ_S: 0
  ME_READ_L: 0
  ME_WRITE: 0
  ME_LARGE: 0
  ME_LATENCY: 0
  ME_THREADED: 0
  SUMM_CPU: 738.00145487238638
  SUMM_ME: 0
SystemInformation:
  OSName: Ubuntu 18.04.6 LTS
  Kernel: 4.9.337-tegra
  Device: quill
  Processor: ARM Cortex-A57 6 Core 2035 MHz
  NumSockets: 2
  Manufacturer: ARM
  NumCores: 6
  NumLogicals: 6
  CPUFrequency: 2035
  Memory: 7850
Checksum: C61DE60E45A2F4581149C2417E8F415AB9667884