BaselineInfo:
  WebDBID: -1
  TimeStamp: 20240828122544
Version:
  Major: 11
  Minor: 0
  Build: 1002
  SpecialBuildName: ""
  ptArchitecture: aarch64_linux
Results:
  Results Complete: true
  NumTestProcesses: 6
  CPU_INTEGER_MATH: 6106.047333333333
  CPU_FLOATINGPOINT_MATH: 1625.4341108130391
  CPU_PRIME: 3.6835255559885809
  CPU_SORTING: 2254.6206304209522
  CPU_ENCRYPTION: 170.50780947403538
  CPU_COMPRESSION: 4107.3637226916753
  CPU_SINGLETHREAD: 211.24713487349197
  CPU_PHYSICS: 61.277710855376654
  CPU_MATRIX_MULT_SSE: 363.02683816577468
  CPU_mm: 109.40137930084077
  CPU_sse: 257.13594000967908
  CPU_fma: 468.91773632187034
  CPU_avx: 0
  CPU_avx512: 0
  m_CPU_enc_SHA: 258913416.65433204
  m_CPU_enc_AES: 126836386.11258687
  m_CPU_enc_ECDSA: 150621387.71421948
  ME_ALLOC_S: 0
  ME_READ_S: 0
  ME_READ_L: 0
  ME_WRITE: 0
  ME_LARGE: 0
  ME_LATENCY: 0
  ME_THREADED: 0
  SUMM_CPU: 604.2062987263123
  SUMM_ME: 0
SystemInformation:
  OSName: Ubuntu 18.04.6 LTS
  Kernel: 4.9.337-tegra
  Device: quill
  Processor: ARM Cortex-A57 6 Core 2035 MHz
  NumSockets: 2
  Manufacturer: ARM
  NumCores: 6
  NumLogicals: 6
  CPUFrequency: 2035
  Memory: 7850
Checksum: E25E5F8DFFFD473002A286F5292A2858E9798C8E