BaselineInfo:
  WebDBID: -1
  TimeStamp: 20240828000859
Version:
  Major: 11
  Minor: 0
  Build: 1002
  SpecialBuildName: ""
  ptArchitecture: aarch64_linux
Results:
  Results Complete: true
  NumTestProcesses: 6
  CPU_INTEGER_MATH: 2862.6726666666668
  CPU_FLOATINGPOINT_MATH: 421.82709224270809
  CPU_PRIME: 0
  CPU_SORTING: 71.139484903324032
  CPU_ENCRYPTION: 64.501198533810054
  CPU_COMPRESSION: 0
  CPU_SINGLETHREAD: 198.66542625549044
  CPU_PHYSICS: 0
  CPU_MATRIX_MULT_SSE: 67.367621370200496
  CPU_mm: 22.026336659219687
  CPU_sse: 48.238755172709503
  CPU_fma: 86.496487567691489
  CPU_avx: 0
  CPU_avx512: 0
  m_CPU_enc_SHA: 96225524.697620824
  m_CPU_enc_AES: 52176611.870237671
  m_CPU_enc_ECDSA: 54501089.693506733
  ME_ALLOC_S: 0
  ME_READ_S: 0
  ME_READ_L: 0
  ME_WRITE: 0
  ME_LARGE: 0
  ME_LATENCY: 0
  ME_THREADED: 0
  SUMM_CPU: 0
  SUMM_ME: 0
SystemInformation:
  OSName: Ubuntu 18.04.6 LTS
  Kernel: 4.9.337-tegra
  Device: quill
  Processor: ARM Cortex-A57 6 Core 2035 MHz
  NumSockets: 2
  Manufacturer: ARM
  NumCores: 6
  NumLogicals: 6
  CPUFrequency: 2035
  Memory: 7850
Checksum: 35580B7F6FF249BDDB8063A4289BB9B06BA3053F