BaselineInfo:
  WebDBID: -1
  TimeStamp: 20240828124326
Version:
  Major: 11
  Minor: 0
  Build: 1002
  SpecialBuildName: ""
  ptArchitecture: aarch64_linux
Results:
  Results Complete: true
  NumTestProcesses: 6
  CPU_INTEGER_MATH: 7090.2493333333332
  CPU_FLOATINGPOINT_MATH: 1924.3057482760485
  CPU_PRIME: 6.9789367880217421
  CPU_SORTING: 3024.8867621209674
  CPU_ENCRYPTION: 195.47302342379692
  CPU_COMPRESSION: 5114.4708272255548
  CPU_SINGLETHREAD: 249.81928232098184
  CPU_PHYSICS: 118.21277956951802
  CPU_MATRIX_MULT_SSE: 421.59969142345881
  CPU_mm: 126.6450545872456
  CPU_sse: 296.98714066565344
  CPU_fma: 546.21224218126406
  CPU_avx: 0
  CPU_avx512: 0
  m_CPU_enc_SHA: 294320702.1266486
  m_CPU_enc_AES: 156073859.47148609
  m_CPU_enc_ECDSA: 164510401.43075922
  ME_ALLOC_S: 0
  ME_READ_S: 0
  ME_READ_L: 0
  ME_WRITE: 0
  ME_LARGE: 0
  ME_LATENCY: 0
  ME_THREADED: 0
  SUMM_CPU: 741.30074524508041
  SUMM_ME: 0
SystemInformation:
  OSName: Ubuntu 18.04.6 LTS
  Kernel: 4.9.337-tegra
  Device: quill
  Processor: ARM Cortex-A57 6 Core 2035 MHz
  NumSockets: 2
  Manufacturer: ARM
  NumCores: 6
  NumLogicals: 6
  CPUFrequency: 2035
  Memory: 7850
Checksum: 46D4C4CF17FCC76FA6AA61803E12C7775065B664