BaselineInfo:
  WebDBID: -1
  TimeStamp: 20240828035913
Version:
  Major: 11
  Minor: 0
  Build: 1002
  SpecialBuildName: ""
  ptArchitecture: aarch64_linux
Results:
  Results Complete: true
  NumTestProcesses: 6
  CPU_INTEGER_MATH: 4014.0086666666666
  CPU_FLOATINGPOINT_MATH: 891.36915228646535
  CPU_PRIME: 0.90848279735293813
  CPU_SORTING: 821.86315458081003
  CPU_ENCRYPTION: 104.96803936662278
  CPU_COMPRESSION: 2273.1906044261596
  CPU_SINGLETHREAD: 130.82893826861192
  CPU_PHYSICS: 16.458219487904998
  CPU_MATRIX_MULT_SSE: 238.21512631719895
  CPU_mm: 71.654420448586961
  CPU_sse: 168.65999025850539
  CPU_fma: 307.77026237589257
  CPU_avx: 0
  CPU_avx512: 0
  m_CPU_enc_SHA: 153470556.93750533
  m_CPU_enc_AES: 86567658.774897471
  m_CPU_enc_ECDSA: 90162684.82828474
  ME_ALLOC_S: 0
  ME_READ_S: 0
  ME_READ_L: 0
  ME_WRITE: 0
  ME_LARGE: 0
  ME_LATENCY: 0
  ME_THREADED: 0
  SUMM_CPU: 318.85532130273026
  SUMM_ME: 0
SystemInformation:
  OSName: Ubuntu 18.04.6 LTS
  Kernel: 4.9.337-tegra
  Device: quill
  Processor: ARM Cortex-A57 6 Core 2035 MHz
  NumSockets: 2
  Manufacturer: ARM
  NumCores: 6
  NumLogicals: 6
  CPUFrequency: 2035
  Memory: 7850
Checksum: 9AEF6195442F41F641E7606D196887A25B305B60