BaselineInfo:
  WebDBID: -1
  TimeStamp: 20240828021842
Version:
  Major: 11
  Minor: 0
  Build: 1002
  SpecialBuildName: ""
  ptArchitecture: aarch64_linux
Results:
  Results Complete: true
  NumTestProcesses: 6
  CPU_INTEGER_MATH: 2954.3099999999999
  CPU_FLOATINGPOINT_MATH: 692.55424437766851
  CPU_PRIME: 0.8614928511517066
  CPU_SORTING: 740.08976842727168
  CPU_ENCRYPTION: 77.327980609027207
  CPU_COMPRESSION: 1785.2882976460851
  CPU_SINGLETHREAD: 102.51207846414972
  CPU_PHYSICS: 16.577095441408723
  CPU_MATRIX_MULT_SSE: 179.68003476455158
  CPU_mm: 54.94470595828772
  CPU_sse: 128.22386874965838
  CPU_fma: 231.13620077944483
  CPU_avx: 0
  CPU_avx512: 0
  m_CPU_enc_SHA: 111749817.27793932
  m_CPU_enc_AES: 65902478.371348396
  m_CPU_enc_ECDSA: 65600498.135986194
  ME_ALLOC_S: 0
  ME_READ_S: 0
  ME_READ_L: 0
  ME_WRITE: 0
  ME_LARGE: 0
  ME_LATENCY: 0
  ME_THREADED: 0
  SUMM_CPU: 254.1250062061429
  SUMM_ME: 0
SystemInformation:
  OSName: Ubuntu 18.04.6 LTS
  Kernel: 4.9.337-tegra
  Device: quill
  Processor: ARM Cortex-A57 6 Core 2035 MHz
  NumSockets: 2
  Manufacturer: ARM
  NumCores: 6
  NumLogicals: 6
  CPUFrequency: 2035
  Memory: 7850
Checksum: 181F741E637583E94CAC3F272A1639391515CBEC