BaselineInfo:
  WebDBID: -1
  TimeStamp: 20240828000208
Version:
  Major: 11
  Minor: 0
  Build: 1002
  SpecialBuildName: ""
  ptArchitecture: aarch64_linux
Results:
  Results Complete: true
  NumTestProcesses: 6
  CPU_INTEGER_MATH: 3141.6080000000002
  CPU_FLOATINGPOINT_MATH: 846.54665365067058
  CPU_PRIME: 3.8283384689005437
  CPU_SORTING: 1313.6404622272944
  CPU_ENCRYPTION: 85.826902085757851
  CPU_COMPRESSION: 2185.7253541994532
  CPU_SINGLETHREAD: 112.71868280417334
  CPU_PHYSICS: 63.19733385810909
  CPU_MATRIX_MULT_SSE: 187.113488987203
  CPU_mm: 56.237205812104406
  CPU_sse: 131.97469045261448
  CPU_fma: 242.25228752179152
  CPU_avx: 0
  CPU_avx512: 0
  m_CPU_enc_SHA: 128234587.64667957
  m_CPU_enc_AES: 67721739.990296453
  m_CPU_enc_ECDSA: 74031761.40745084
  ME_ALLOC_S: 0
  ME_READ_S: 0
  ME_READ_L: 0
  ME_WRITE: 0
  ME_LARGE: 0
  ME_LATENCY: 0
  ME_THREADED: 0
  SUMM_CPU: 326.89652778057712
  SUMM_ME: 0
SystemInformation:
  OSName: Ubuntu 18.04.6 LTS
  Kernel: 4.9.337-tegra
  Device: quill
  Processor: ARM Cortex-A57 6 Core 2035 MHz
  NumSockets: 2
  Manufacturer: ARM
  NumCores: 6
  NumLogicals: 6
  CPUFrequency: 2035
  Memory: 7850
Checksum: CC6BE5A60E5E315C3548E79503057A4BBAF4AFE1