BaselineInfo:
  WebDBID: -1
  TimeStamp: 20240827230859
Version:
  Major: 11
  Minor: 0
  Build: 1002
  SpecialBuildName: ""
  ptArchitecture: aarch64_linux
Results:
  Results Complete: true
  NumTestProcesses: 6
  CPU_INTEGER_MATH: 1822.9959999999996
  CPU_FLOATINGPOINT_MATH: 494.66079881649341
  CPU_PRIME: 2.387042749920691
  CPU_SORTING: 805.90734637133914
  CPU_ENCRYPTION: 56.081776212679316
  CPU_COMPRESSION: 0
  CPU_SINGLETHREAD: 240.02407368326709
  CPU_PHYSICS: 45.49285342550214
  CPU_MATRIX_MULT_SSE: 109.41841298870779
  CPU_mm: 32.570770300788375
  CPU_sse: 75.650943415621782
  CPU_fma: 143.18588256179382
  CPU_avx: 0
  CPU_avx512: 0
  m_CPU_enc_SHA: 81926276.747022763
  m_CPU_enc_AES: 47117129.221385822
  m_CPU_enc_ECDSA: 47374607.753550693
  ME_ALLOC_S: 0
  ME_READ_S: 0
  ME_READ_L: 0
  ME_WRITE: 0
  ME_LARGE: 0
  ME_LATENCY: 0
  ME_THREADED: 0
  SUMM_CPU: 0
  SUMM_ME: 0
SystemInformation:
  OSName: Ubuntu 18.04.6 LTS
  Kernel: 4.9.337-tegra
  Device: quill
  Processor: ARM Cortex-A57 6 Core 2035 MHz
  NumSockets: 2
  Manufacturer: ARM
  NumCores: 6
  NumLogicals: 6
  CPUFrequency: 2035
  Memory: 7850
Checksum: 1559180FAD18F3439493A86DB2EE66AF7FC5C402