BaselineInfo:
  WebDBID: -1
  TimeStamp: 20240828170114
Version:
  Major: 11
  Minor: 0
  Build: 1002
  SpecialBuildName: ""
  ptArchitecture: aarch64_linux
Results:
  Results Complete: true
  NumTestProcesses: 6
  CPU_INTEGER_MATH: 7807.3966666666665
  CPU_FLOATINGPOINT_MATH: 1952.1161221505267
  CPU_PRIME: 2.11472596954889
  CPU_SORTING: 1723.4516483687225
  CPU_ENCRYPTION: 206.32449982599928
  CPU_COMPRESSION: 4888.250607552689
  CPU_SINGLETHREAD: 256.04407581258135
  CPU_PHYSICS: 37.346171777715512
  CPU_MATRIX_MULT_SSE: 466.39855372055462
  CPU_mm: 139.82361860564447
  CPU_sse: 328.36359477464185
  CPU_fma: 604.43351266646744
  CPU_avx: 0
  CPU_avx512: 0
  m_CPU_enc_SHA: 309357570.75220895
  m_CPU_enc_AES: 166495758.42621237
  m_CPU_enc_ECDSA: 173187427.01021978
  ME_ALLOC_S: 0
  ME_READ_S: 0
  ME_READ_L: 0
  ME_WRITE: 0
  ME_LARGE: 0
  ME_LATENCY: 0
  ME_THREADED: 0
  SUMM_CPU: 665.11807384896406
  SUMM_ME: 0
SystemInformation:
  OSName: Ubuntu 18.04.6 LTS
  Kernel: 4.9.337-tegra
  Device: quill
  Processor: ARM Cortex-A57 6 Core 2035 MHz
  NumSockets: 2
  Manufacturer: ARM
  NumCores: 6
  NumLogicals: 6
  CPUFrequency: 2035
  Memory: 7850
Checksum: 5412AFFD9F5C7DACB528B4E7455158288D318119