BaselineInfo:
  WebDBID: -1
  TimeStamp: 20240828111845
Version:
  Major: 11
  Minor: 0
  Build: 1002
  SpecialBuildName: ""
  ptArchitecture: aarch64_linux
Results:
  Results Complete: true
  NumTestProcesses: 6
  CPU_INTEGER_MATH: 6107.7039999999997
  CPU_FLOATINGPOINT_MATH: 1623.7027677575074
  CPU_PRIME: 3.4362871273474633
  CPU_SORTING: 2203.1151010647936
  CPU_ENCRYPTION: 166.88841354214159
  CPU_COMPRESSION: 4275.8202025628452
  CPU_SINGLETHREAD: 212.10346799005865
  CPU_PHYSICS: 59.960259367873668
  CPU_MATRIX_MULT_SSE: 364.02603864474634
  CPU_mm: 109.40845386251979
  CPU_sse: 255.27798050523128
  CPU_fma: 472.77409678426147
  CPU_avx: 0
  CPU_avx512: 0
  m_CPU_enc_SHA: 249714359.56893402
  m_CPU_enc_AES: 134432903.3592878
  m_CPU_enc_ECDSA: 140838292.42687216
  ME_ALLOC_S: 0
  ME_READ_S: 0
  ME_READ_L: 0
  ME_WRITE: 0
  ME_LARGE: 0
  ME_LATENCY: 0
  ME_THREADED: 0
  SUMM_CPU: 604.90630164518745
  SUMM_ME: 0
SystemInformation:
  OSName: Ubuntu 18.04.6 LTS
  Kernel: 4.9.337-tegra
  Device: quill
  Processor: ARM Cortex-A57 6 Core 2035 MHz
  NumSockets: 2
  Manufacturer: ARM
  NumCores: 6
  NumLogicals: 6
  CPUFrequency: 2035
  Memory: 7850
Checksum: 494BE9B2530369BBCDD8941BD1249C0D86FA8101