BaselineInfo:
  WebDBID: -1
  TimeStamp: 20240828203949
Version:
  Major: 11
  Minor: 0
  Build: 1002
  SpecialBuildName: ""
  ptArchitecture: aarch64_linux
Results:
  Results Complete: true
  NumTestProcesses: 6
  CPU_INTEGER_MATH: 9047.7193333333344
  CPU_FLOATINGPOINT_MATH: 2480.6082432256944
  CPU_PRIME: 7.953372825411301
  CPU_SORTING: 3841.5726504654458
  CPU_ENCRYPTION: 253.71797780684403
  CPU_COMPRESSION: 6620.6330376997958
  CPU_SINGLETHREAD: 321.19222736053564
  CPU_PHYSICS: 133.2936298873073
  CPU_MATRIX_MULT_SSE: 543.38119589055339
  CPU_mm: 161.76981172388332
  CPU_sse: 382.37624289435263
  CPU_fma: 704.38614888675386
  CPU_avx: 0
  CPU_avx512: 0
  m_CPU_enc_SHA: 372142543.48721677
  m_CPU_enc_AES: 200948576.52126589
  m_CPU_enc_ECDSA: 225036626.88188511
  ME_ALLOC_S: 0
  ME_READ_S: 0
  ME_READ_L: 0
  ME_WRITE: 0
  ME_LARGE: 0
  ME_LATENCY: 0
  ME_THREADED: 0
  SUMM_CPU: 951.17567480081073
  SUMM_ME: 0
SystemInformation:
  OSName: Ubuntu 18.04.6 LTS
  Kernel: 4.9.337-tegra
  Device: quill
  Processor: ARM Cortex-A57 6 Core 2035 MHz
  NumSockets: 2
  Manufacturer: ARM
  NumCores: 6
  NumLogicals: 6
  CPUFrequency: 2035
  Memory: 7850
Checksum: A842BA42330534E74AB03C1255927F3B9D9C54CD