BaselineInfo:
  WebDBID: -1
  TimeStamp: 20240828134232
Version:
  Major: 11
  Minor: 0
  Build: 1002
  SpecialBuildName: ""
  ptArchitecture: aarch64_linux
Results:
  Results Complete: true
  NumTestProcesses: 6
  CPU_INTEGER_MATH: 7064.5946666666669
  CPU_FLOATINGPOINT_MATH: 1856.3152951757372
  CPU_PRIME: 3.8608738057020129
  CPU_SORTING: 2389.9189920697822
  CPU_ENCRYPTION: 192.49544945045173
  CPU_COMPRESSION: 4745.3783668506367
  CPU_SINGLETHREAD: 241.7589677571676
  CPU_PHYSICS: 64.560094226167777
  CPU_MATRIX_MULT_SSE: 419.94614533100997
  CPU_mm: 126.23806432323687
  CPU_sse: 294.1053505843181
  CPU_fma: 545.78694007770196
  CPU_avx: 0
  CPU_avx512: 0
  m_CPU_enc_SHA: 286136199.70179439
  m_CPU_enc_AES: 155424119.24616426
  m_CPU_enc_ECDSA: 163978006.26091209
  ME_ALLOC_S: 0
  ME_READ_S: 0
  ME_READ_L: 0
  ME_WRITE: 0
  ME_LARGE: 0
  ME_LATENCY: 0
  ME_THREADED: 0
  SUMM_CPU: 684.97189470891317
  SUMM_ME: 0
SystemInformation:
  OSName: Ubuntu 18.04.6 LTS
  Kernel: 4.9.337-tegra
  Device: quill
  Processor: ARM Cortex-A57 6 Core 2035 MHz
  NumSockets: 2
  Manufacturer: ARM
  NumCores: 6
  NumLogicals: 6
  CPUFrequency: 2035
  Memory: 7850
Checksum: 36755DAD18400874BD7846BAC933A8F754614966