BaselineInfo:
  WebDBID: -1
  TimeStamp: 20240828184804
Version:
  Major: 11
  Minor: 0
  Build: 1002
  SpecialBuildName: ""
  ptArchitecture: aarch64_linux
Results:
  Results Complete: true
  NumTestProcesses: 6
  CPU_INTEGER_MATH: 9086.2013333333325
  CPU_FLOATINGPOINT_MATH: 2461.11087749748
  CPU_PRIME: 6.8365682077133698
  CPU_SORTING: 3629.2646025785812
  CPU_ENCRYPTION: 253.09461773399664
  CPU_COMPRESSION: 6208.9664198335577
  CPU_SINGLETHREAD: 315.38693488617889
  CPU_PHYSICS: 114.19558283120938
  CPU_MATRIX_MULT_SSE: 541.51272962962742
  CPU_mm: 162.03803941123982
  CPU_sse: 379.69390229471355
  CPU_fma: 703.33155696454128
  CPU_avx: 0
  CPU_avx512: 0
  m_CPU_enc_SHA: 372117278.11749673
  m_CPU_enc_AES: 200017529.97180197
  m_CPU_enc_ECDSA: 224032017.56583109
  ME_ALLOC_S: 0
  ME_READ_S: 0
  ME_READ_L: 0
  ME_WRITE: 0
  ME_LARGE: 0
  ME_LATENCY: 0
  ME_THREADED: 0
  SUMM_CPU: 921.38999320408084
  SUMM_ME: 0
SystemInformation:
  OSName: Ubuntu 18.04.6 LTS
  Kernel: 4.9.337-tegra
  Device: quill
  Processor: ARM Cortex-A57 6 Core 2035 MHz
  NumSockets: 2
  Manufacturer: ARM
  NumCores: 6
  NumLogicals: 6
  CPUFrequency: 2035
  Memory: 7850
Checksum: A1D88449EB83582C4388B1CC6167A1857717DC27