BaselineInfo:
  WebDBID: -1
  TimeStamp: 20240827193540
Version:
  Major: 11
  Minor: 0
  Build: 1002
  SpecialBuildName: ""
  ptArchitecture: aarch64_linux
Results:
  Results Complete: true
  NumTestProcesses: 6
  CPU_INTEGER_MATH: 1807.5179999999998
  CPU_FLOATINGPOINT_MATH: 474.76563995235603
  CPU_PRIME: 2.3500403846117277
  CPU_SORTING: 850.99377372605011
  CPU_ENCRYPTION: 57.582041065523221
  CPU_COMPRESSION: 0
  CPU_SINGLETHREAD: 77.765168344667273
  CPU_PHYSICS: 49.320019431225354
  CPU_MATRIX_MULT_SSE: 127.01073844749877
  CPU_mm: 38.567531635268068
  CPU_sse: 89.292453610343188
  CPU_fma: 164.72902328465437
  CPU_avx: 0
  CPU_avx512: 0
  m_CPU_enc_SHA: 90083343.183404669
  m_CPU_enc_AES: 45965867.3215269
  m_CPU_enc_ECDSA: 45088228.372034661
  ME_ALLOC_S: 0
  ME_READ_S: 0
  ME_READ_L: 0
  ME_WRITE: 0
  ME_LARGE: 0
  ME_LATENCY: 0
  ME_THREADED: 0
  SUMM_CPU: 0
  SUMM_ME: 0
SystemInformation:
  OSName: Ubuntu 18.04.6 LTS
  Kernel: 4.9.337-tegra
  Device: quill
  Processor: ARM Cortex-A57 6 Core 2035 MHz
  NumSockets: 2
  Manufacturer: ARM
  NumCores: 6
  NumLogicals: 6
  CPUFrequency: 2035
  Memory: 7850
Checksum: 7DF19CAE600EBCD2AD53A67AA6B5BF7AA58E0242