BaselineInfo:
  WebDBID: -1
  TimeStamp: 20240828030149
Version:
  Major: 11
  Minor: 0
  Build: 1002
  SpecialBuildName: ""
  ptArchitecture: aarch64_linux
Results:
  Results Complete: true
  NumTestProcesses: 6
  CPU_INTEGER_MATH: 3137.8213333333333
  CPU_FLOATINGPOINT_MATH: 851.3513551285746
  CPU_PRIME: 3.8490180321893193
  CPU_SORTING: 1288.6149523643444
  CPU_ENCRYPTION: 86.610338355433356
  CPU_COMPRESSION: 2132.5181637643414
  CPU_SINGLETHREAD: 114.11286952896324
  CPU_PHYSICS: 65.599370121941647
  CPU_MATRIX_MULT_SSE: 186.70847785084348
  CPU_mm: 56.297121424884196
  CPU_sse: 131.19806807207809
  CPU_fma: 242.21888762960887
  CPU_avx: 0
  CPU_avx512: 0
  m_CPU_enc_SHA: 128981080.23063487
  m_CPU_enc_AES: 67511403.158005074
  m_CPU_enc_ECDSA: 75960083.065520719
  ME_ALLOC_S: 0
  ME_READ_S: 0
  ME_READ_L: 0
  ME_WRITE: 0
  ME_LARGE: 0
  ME_LATENCY: 0
  ME_THREADED: 0
  SUMM_CPU: 325.62174790276168
  SUMM_ME: 0
SystemInformation:
  OSName: Ubuntu 18.04.6 LTS
  Kernel: 4.9.337-tegra
  Device: quill
  Processor: ARM Cortex-A57 6 Core 2035 MHz
  NumSockets: 2
  Manufacturer: ARM
  NumCores: 6
  NumLogicals: 6
  CPUFrequency: 2035
  Memory: 7850
Checksum: 4DD9E0ED5EE274D11F9CFDAE8B1A8A04E1C2234E