BaselineInfo:
  WebDBID: -1
  TimeStamp: 20240828013208
Version:
  Major: 11
  Minor: 0
  Build: 1002
  SpecialBuildName: ""
  ptArchitecture: aarch64_linux
Results:
  Results Complete: true
  NumTestProcesses: 6
  CPU_INTEGER_MATH: 3143.7379999999998
  CPU_FLOATINGPOINT_MATH: 844.40728461573451
  CPU_PRIME: 3.7156941935923715
  CPU_SORTING: 1319.4739879055958
  CPU_ENCRYPTION: 88.535660009560658
  CPU_COMPRESSION: 2135.0343099938591
  CPU_SINGLETHREAD: 112.75496333365277
  CPU_PHYSICS: 65.643720320744066
  CPU_MATRIX_MULT_SSE: 187.14964129317315
  CPU_mm: 56.139269844899488
  CPU_sse: 131.35069397734816
  CPU_fma: 242.94858860899808
  CPU_avx: 0
  CPU_avx512: 0
  m_CPU_enc_SHA: 125661787.33077173
  m_CPU_enc_AES: 68624631.46614258
  m_CPU_enc_ECDSA: 84222685.893640921
  ME_ALLOC_S: 0
  ME_READ_S: 0
  ME_READ_L: 0
  ME_WRITE: 0
  ME_LARGE: 0
  ME_LATENCY: 0
  ME_THREADED: 0
  SUMM_CPU: 327.64154653670107
  SUMM_ME: 0
SystemInformation:
  OSName: Ubuntu 18.04.6 LTS
  Kernel: 4.9.337-tegra
  Device: quill
  Processor: ARM Cortex-A57 6 Core 2035 MHz
  NumSockets: 2
  Manufacturer: ARM
  NumCores: 6
  NumLogicals: 6
  CPUFrequency: 2035
  Memory: 7850
Checksum: 6FFBB48FA7BB35D6AC596541FE755771E9293858