BaselineInfo:
  WebDBID: -1
  TimeStamp: 20240827235313
Version:
  Major: 11
  Minor: 0
  Build: 1002
  SpecialBuildName: ""
  ptArchitecture: aarch64_linux
Results:
  Results Complete: true
  NumTestProcesses: 6
  CPU_INTEGER_MATH: 2559.1713333333332
  CPU_FLOATINGPOINT_MATH: 621.12148043543004
  CPU_PRIME: 0.55675262889921173
  CPU_SORTING: 472.64340004403255
  CPU_ENCRYPTION: 70.33024375993611
  CPU_COMPRESSION: 1596.736812944556
  CPU_SINGLETHREAD: 97.028444018415058
  CPU_PHYSICS: 9.8026301259068784
  CPU_MATRIX_MULT_SSE: 178.27005377406675
  CPU_mm: 54.051852036799779
  CPU_sse: 123.50204646217313
  CPU_fma: 233.03806108596038
  CPU_avx: 0
  CPU_avx512: 0
  m_CPU_enc_SHA: 103629832.24849238
  m_CPU_enc_AES: 61077949.766077638
  m_CPU_enc_ECDSA: 56532035.027886271
  ME_ALLOC_S: 0
  ME_READ_S: 0
  ME_READ_L: 0
  ME_WRITE: 0
  ME_LARGE: 0
  ME_LATENCY: 0
  ME_THREADED: 0
  SUMM_CPU: 214.09476485506588
  SUMM_ME: 0
SystemInformation:
  OSName: Ubuntu 18.04.6 LTS
  Kernel: 4.9.337-tegra
  Device: quill
  Processor: ARM Cortex-A57 6 Core 2035 MHz
  NumSockets: 2
  Manufacturer: ARM
  NumCores: 6
  NumLogicals: 6
  CPUFrequency: 2035
  Memory: 7850
Checksum: 00AC6AC7FF6DBDB707DE6210B4333F329FA9B35D