BaselineInfo:
  WebDBID: -1
  TimeStamp: 20240828004208
Version:
  Major: 11
  Minor: 0
  Build: 1002
  SpecialBuildName: ""
  ptArchitecture: aarch64_linux
Results:
  Results Complete: true
  NumTestProcesses: 6
  CPU_INTEGER_MATH: 3143.5013333333332
  CPU_FLOATINGPOINT_MATH: 847.31243351926685
  CPU_PRIME: 4.1575487518701442
  CPU_SORTING: 1352.8764967362301
  CPU_ENCRYPTION: 85.68740576489364
  CPU_COMPRESSION: 2115.4149588820937
  CPU_SINGLETHREAD: 112.83437318399099
  CPU_PHYSICS: 69.770855551114465
  CPU_MATRIX_MULT_SSE: 186.86486263312693
  CPU_mm: 56.331325869006854
  CPU_sse: 131.56062671336056
  CPU_fma: 242.16909855289325
  CPU_avx: 0
  CPU_avx512: 0
  m_CPU_enc_SHA: 126383686.1108212
  m_CPU_enc_AES: 69927817.008084118
  m_CPU_enc_ECDSA: 73237768.44308202
  ME_ALLOC_S: 0
  ME_READ_S: 0
  ME_READ_L: 0
  ME_WRITE: 0
  ME_LARGE: 0
  ME_LATENCY: 0
  ME_THREADED: 0
  SUMM_CPU: 325.11448848787262
  SUMM_ME: 0
SystemInformation:
  OSName: Ubuntu 18.04.6 LTS
  Kernel: 4.9.337-tegra
  Device: quill
  Processor: ARM Cortex-A57 6 Core 2035 MHz
  NumSockets: 2
  Manufacturer: ARM
  NumCores: 6
  NumLogicals: 6
  CPUFrequency: 2035
  Memory: 7850
Checksum: B2F305311AC34C131C62913E0331C92EC492C70B