BaselineInfo:
  WebDBID: -1
  TimeStamp: 20240828035741
Version:
  Major: 11
  Minor: 0
  Build: 1002
  SpecialBuildName: ""
  ptArchitecture: aarch64_linux
Results:
  Results Complete: true
  NumTestProcesses: 6
  CPU_INTEGER_MATH: 3927.1046666666671
  CPU_FLOATINGPOINT_MATH: 785.37518742151838
  CPU_PRIME: 0.55405362260453639
  CPU_SORTING: 507.04286391222462
  CPU_ENCRYPTION: 97.837033693390666
  CPU_COMPRESSION: 2014.6906181457259
  CPU_SINGLETHREAD: 122.73690105931058
  CPU_PHYSICS: 10.430166932397935
  CPU_MATRIX_MULT_SSE: 234.11823356259148
  CPU_mm: 70.316456231995303
  CPU_sse: 165.79844121893044
  CPU_fma: 302.43802590625262
  CPU_avx: 0
  CPU_avx512: 0
  m_CPU_enc_SHA: 145936114.56580341
  m_CPU_enc_AES: 79538425.04664439
  m_CPU_enc_ECDSA: 82294156.713794619
  ME_ALLOC_S: 0
  ME_READ_S: 0
  ME_READ_L: 0
  ME_WRITE: 0
  ME_LARGE: 0
  ME_LATENCY: 0
  ME_THREADED: 0
  SUMM_CPU: 264.95453157519574
  SUMM_ME: 0
SystemInformation:
  OSName: Ubuntu 18.04.6 LTS
  Kernel: 4.9.337-tegra
  Device: quill
  Processor: ARM Cortex-A57 6 Core 2035 MHz
  NumSockets: 2
  Manufacturer: ARM
  NumCores: 6
  NumLogicals: 6
  CPUFrequency: 2035
  Memory: 7850
Checksum: 3A585F0ECF3CE9C0A9818740CC6C631C4192695D