BaselineInfo:
  WebDBID: -1
  TimeStamp: 20240828181115
Version:
  Major: 11
  Minor: 0
  Build: 1002
  SpecialBuildName: ""
  ptArchitecture: aarch64_linux
Results:
  Results Complete: true
  NumTestProcesses: 6
  CPU_INTEGER_MATH: 9083.0299999999988
  CPU_FLOATINGPOINT_MATH: 2467.1280773007734
  CPU_PRIME: 7.7686818916724665
  CPU_SORTING: 3706.5909475505418
  CPU_ENCRYPTION: 253.41762222895778
  CPU_COMPRESSION: 6529.004906087468
  CPU_SINGLETHREAD: 319.25721743520342
  CPU_PHYSICS: 128.01089289972543
  CPU_MATRIX_MULT_SSE: 542.20550459198694
  CPU_mm: 162.09243475954534
  CPU_sse: 380.43604745626777
  CPU_fma: 703.97496172770616
  CPU_avx: 0
  CPU_avx512: 0
  m_CPU_enc_SHA: 384531686.60974246
  m_CPU_enc_AES: 197572146.76505938
  m_CPU_enc_ECDSA: 215079076.56425297
  ME_ALLOC_S: 0
  ME_READ_S: 0
  ME_READ_L: 0
  ME_WRITE: 0
  ME_LARGE: 0
  ME_LATENCY: 0
  ME_THREADED: 0
  SUMM_CPU: 943.20608619482448
  SUMM_ME: 0
SystemInformation:
  OSName: Ubuntu 18.04.6 LTS
  Kernel: 4.9.337-tegra
  Device: quill
  Processor: ARM Cortex-A57 6 Core 2035 MHz
  NumSockets: 2
  Manufacturer: ARM
  NumCores: 6
  NumLogicals: 6
  CPUFrequency: 2035
  Memory: 7850
Checksum: 56A8F7DBF4C7970C76EA7030CC6FD911E9723E98