BaselineInfo:
  WebDBID: -1
  TimeStamp: 20240828184232
Version:
  Major: 11
  Minor: 0
  Build: 1002
  SpecialBuildName: ""
  ptArchitecture: aarch64_linux
Results:
  Results Complete: true
  NumTestProcesses: 6
  CPU_INTEGER_MATH: 2371.7313333333332
  CPU_FLOATINGPOINT_MATH: 206.55027338580584
  CPU_PRIME: 0
  CPU_SORTING: 173.53338644708793
  CPU_ENCRYPTION: 49.484672886983496
  CPU_COMPRESSION: 0.18176783605356817
  CPU_SINGLETHREAD: 231.617103930361
  CPU_PHYSICS: 486.56257194652954
  CPU_MATRIX_MULT_SSE: 501.33835082802818
  CPU_mm: 150.72399977334723
  CPU_sse: 356.42605777823115
  CPU_fma: 646.25064387782515
  CPU_avx: 0
  CPU_avx512: 0
  m_CPU_enc_SHA: 71371398.06379059
  m_CPU_enc_AES: 45454895.606628284
  m_CPU_enc_ECDSA: 38839027.401005931
  ME_ALLOC_S: 0
  ME_READ_S: 0
  ME_READ_L: 0
  ME_WRITE: 0
  ME_LARGE: 0
  ME_LATENCY: 0
  ME_THREADED: 0
  SUMM_CPU: 0
  SUMM_ME: 0
SystemInformation:
  OSName: Ubuntu 18.04.6 LTS
  Kernel: 4.9.337-tegra
  Device: quill
  Processor: ARM Cortex-A57 6 Core 2035 MHz
  NumSockets: 2
  Manufacturer: ARM
  NumCores: 6
  NumLogicals: 6
  CPUFrequency: 2035
  Memory: 7850
Checksum: FCACB4A0566B94E8DECF3B8EA7CF66BF76800A36