BaselineInfo:
  WebDBID: -1
  TimeStamp: 20240827210706
Version:
  Major: 11
  Minor: 0
  Build: 1002
  SpecialBuildName: ""
  ptArchitecture: aarch64_linux
Results:
  Results Complete: true
  NumTestProcesses: 6
  CPU_INTEGER_MATH: 1778.6446666666666
  CPU_FLOATINGPOINT_MATH: 464.90714207172289
  CPU_PRIME: 1.2219536720847461
  CPU_SORTING: 780.66423664307092
  CPU_ENCRYPTION: 58.803336563240755
  CPU_COMPRESSION: 0
  CPU_SINGLETHREAD: 222.65213553154052
  CPU_PHYSICS: 22.998913375890677
  CPU_MATRIX_MULT_SSE: 106.69105337447921
  CPU_mm: 32.300958626876579
  CPU_sse: 75.640651060998664
  CPU_fma: 137.74145568795979
  CPU_avx: 0
  CPU_avx512: 0
  m_CPU_enc_SHA: 83908451.229787201
  m_CPU_enc_AES: 46374770.546908557
  m_CPU_enc_ECDSA: 54696080.543714464
  ME_ALLOC_S: 0
  ME_READ_S: 0
  ME_READ_L: 0
  ME_WRITE: 0
  ME_LARGE: 0
  ME_LATENCY: 0
  ME_THREADED: 0
  SUMM_CPU: 0
  SUMM_ME: 0
SystemInformation:
  OSName: Ubuntu 18.04.6 LTS
  Kernel: 4.9.337-tegra
  Device: quill
  Processor: ARM Cortex-A57 6 Core 2035 MHz
  NumSockets: 2
  Manufacturer: ARM
  NumCores: 6
  NumLogicals: 6
  CPUFrequency: 2035
  Memory: 7850
Checksum: 20B39AC9C1EDFCDBA7B85C73A1CEAE305F33EEA1