BaselineInfo:
  WebDBID: -1
  TimeStamp: 20240828060628
Version:
  Major: 11
  Minor: 0
  Build: 1002
  SpecialBuildName: ""
  ptArchitecture: aarch64_linux
Results:
  Results Complete: true
  NumTestProcesses: 6
  CPU_INTEGER_MATH: 4085.6240000000003
  CPU_FLOATINGPOINT_MATH: 1028.2326363014261
  CPU_PRIME: 1.8446376775502868
  CPU_SORTING: 1374.4213874998486
  CPU_ENCRYPTION: 110.52645288316313
  CPU_COMPRESSION: 2563.2164661835268
  CPU_SINGLETHREAD: 138.76966895545061
  CPU_PHYSICS: 32.993099517145758
  CPU_MATRIX_MULT_SSE: 243.44209552556379
  CPU_mm: 72.158397858787197
  CPU_sse: 172.36842441063018
  CPU_fma: 314.51576664049742
  CPU_avx: 0
  CPU_avx512: 0
  m_CPU_enc_SHA: 163619881.35983011
  m_CPU_enc_AES: 88534312.249104857
  m_CPU_enc_ECDSA: 95531963.966311991
  ME_ALLOC_S: 0
  ME_READ_S: 0
  ME_READ_L: 0
  ME_WRITE: 0
  ME_LARGE: 0
  ME_LATENCY: 0
  ME_THREADED: 0
  SUMM_CPU: 381.02860372009081
  SUMM_ME: 0
SystemInformation:
  OSName: Ubuntu 18.04.6 LTS
  Kernel: 4.9.337-tegra
  Device: quill
  Processor: ARM Cortex-A57 6 Core 2035 MHz
  NumSockets: 2
  Manufacturer: ARM
  NumCores: 6
  NumLogicals: 6
  CPUFrequency: 2035
  Memory: 7850
Checksum: 3E03B82A3AC78DC5AC17ED82FA6BA2C3E91F02A1