BaselineInfo:
  WebDBID: -1
  TimeStamp: 20240828132634
Version:
  Major: 11
  Minor: 0
  Build: 1002
  SpecialBuildName: ""
  ptArchitecture: aarch64_linux
Results:
  Results Complete: true
  NumTestProcesses: 6
  CPU_INTEGER_MATH: 6691.7026666666661
  CPU_FLOATINGPOINT_MATH: 1282.552199289154
  CPU_PRIME: 0.58660489651034309
  CPU_SORTING: 478.74157370007515
  CPU_ENCRYPTION: 154.37755408598474
  CPU_COMPRESSION: 3181.7758305620514
  CPU_SINGLETHREAD: 190.2466912653355
  CPU_PHYSICS: 10.876611073815452
  CPU_MATRIX_MULT_SSE: 399.51965686429014
  CPU_mm: 118.84491095017673
  CPU_sse: 283.3176213470071
  CPU_fma: 515.72169238157323
  CPU_avx: 0
  CPU_avx512: 0
  m_CPU_enc_SHA: 223839956.68971151
  m_CPU_enc_AES: 132249361.26752149
  m_CPU_enc_ECDSA: 129540476.50256354
  ME_ALLOC_S: 0
  ME_READ_S: 0
  ME_READ_L: 0
  ME_WRITE: 0
  ME_LARGE: 0
  ME_LATENCY: 0
  ME_THREADED: 0
  SUMM_CPU: 363.40441093847124
  SUMM_ME: 0
SystemInformation:
  OSName: Ubuntu 18.04.6 LTS
  Kernel: 4.9.337-tegra
  Device: quill
  Processor: ARM Cortex-A57 6 Core 2035 MHz
  NumSockets: 2
  Manufacturer: ARM
  NumCores: 6
  NumLogicals: 6
  CPUFrequency: 2035
  Memory: 7850
Checksum: 24799C7F243E014B6EF7BE37FB12641E0253966A