BaselineInfo:
  WebDBID: -1
  TimeStamp: 20240828135316
Version:
  Major: 11
  Minor: 0
  Build: 1002
  SpecialBuildName: ""
  ptArchitecture: aarch64_linux
Results:
  Results Complete: true
  NumTestProcesses: 6
  CPU_INTEGER_MATH: 6839.9979999999996
  CPU_FLOATINGPOINT_MATH: 1498.3216408160367
  CPU_PRIME: 0.94713300127072686
  CPU_SORTING: 902.85588739613661
  CPU_ENCRYPTION: 173.2259876863898
  CPU_COMPRESSION: 3792.7738345456291
  CPU_SINGLETHREAD: 208.67599362157978
  CPU_PHYSICS: 17.049068831471608
  CPU_MATRIX_MULT_SSE: 402.68625169740983
  CPU_mm: 122.7170886611172
  CPU_sse: 289.42264301786719
  CPU_fma: 515.94986037695253
  CPU_avx: 0
  CPU_avx512: 0
  m_CPU_enc_SHA: 255821321.87484169
  m_CPU_enc_AES: 139794524.05289292
  m_CPU_enc_ECDSA: 149305993.864997
  ME_ALLOC_S: 0
  ME_READ_S: 0
  ME_READ_L: 0
  ME_WRITE: 0
  ME_LARGE: 0
  ME_LATENCY: 0
  ME_THREADED: 0
  SUMM_CPU: 471.49459090264253
  SUMM_ME: 0
SystemInformation:
  OSName: Ubuntu 18.04.6 LTS
  Kernel: 4.9.337-tegra
  Device: quill
  Processor: ARM Cortex-A57 6 Core 2035 MHz
  NumSockets: 2
  Manufacturer: ARM
  NumCores: 6
  NumLogicals: 6
  CPUFrequency: 2035
  Memory: 7850
Checksum: 212235402F208CEE89ED03B30546D1616C310340