BaselineInfo:
  WebDBID: -1
  TimeStamp: 20240828091519
Version:
  Major: 11
  Minor: 0
  Build: 1002
  SpecialBuildName: ""
  ptArchitecture: aarch64_linux
Results:
  Results Complete: true
  NumTestProcesses: 6
  CPU_INTEGER_MATH: 5068.1693333333333
  CPU_FLOATINGPOINT_MATH: 1281.6547164944582
  CPU_PRIME: 1.9637518526444238
  CPU_SORTING: 1436.9770787059115
  CPU_ENCRYPTION: 136.20257919012394
  CPU_COMPRESSION: 3306.0341773431119
  CPU_SINGLETHREAD: 171.39343378727909
  CPU_PHYSICS: 33.956667475561225
  CPU_MATRIX_MULT_SSE: 303.09274716485413
  CPU_mm: 90.601814395812184
  CPU_sse: 214.28981932581448
  CPU_fma: 391.89567500389376
  CPU_avx: 0
  CPU_avx512: 0
  m_CPU_enc_SHA: 197367007.91655579
  m_CPU_enc_AES: 110604846.60486954
  m_CPU_enc_ECDSA: 120484412.50916487
  ME_ALLOC_S: 0
  ME_READ_S: 0
  ME_READ_L: 0
  ME_WRITE: 0
  ME_LARGE: 0
  ME_LATENCY: 0
  ME_THREADED: 0
  SUMM_CPU: 465.38962397152557
  SUMM_ME: 0
SystemInformation:
  OSName: Ubuntu 18.04.6 LTS
  Kernel: 4.9.337-tegra
  Device: quill
  Processor: ARM Cortex-A57 6 Core 2035 MHz
  NumSockets: 2
  Manufacturer: ARM
  NumCores: 6
  NumLogicals: 6
  CPUFrequency: 2035
  Memory: 7850
Checksum: 89ECB1D93FE20C3E31BF95D75CD14FEABB6B4125