BaselineInfo:
  WebDBID: -1
  TimeStamp: 20240828043916
Version:
  Major: 11
  Minor: 0
  Build: 1002
  SpecialBuildName: ""
  ptArchitecture: aarch64_linux
Results:
  Results Complete: true
  NumTestProcesses: 6
  CPU_INTEGER_MATH: 4137.6433333333334
  CPU_FLOATINGPOINT_MATH: 1122.7344397250715
  CPU_PRIME: 4.9770579477163954
  CPU_SORTING: 1761.6843459917859
  CPU_ENCRYPTION: 116.1423126727282
  CPU_COMPRESSION: 2841.4394368296807
  CPU_SINGLETHREAD: 147.47155144707088
  CPU_PHYSICS: 84.737798050845825
  CPU_MATRIX_MULT_SSE: 246.89490761582516
  CPU_mm: 74.265198661448906
  CPU_sse: 173.34613902143775
  CPU_fma: 320.44367621021257
  CPU_avx: 0
  CPU_avx512: 0
  m_CPU_enc_SHA: 172805706.96050546
  m_CPU_enc_AES: 94679394.798620939
  m_CPU_enc_ECDSA: 97867023.20022957
  ME_ALLOC_S: 0
  ME_READ_S: 0
  ME_READ_L: 0
  ME_WRITE: 0
  ME_LARGE: 0
  ME_LATENCY: 0
  ME_THREADED: 0
  SUMM_CPU: 432.95761019318792
  SUMM_ME: 0
SystemInformation:
  OSName: Ubuntu 18.04.6 LTS
  Kernel: 4.9.337-tegra
  Device: quill
  Processor: ARM Cortex-A57 6 Core 2035 MHz
  NumSockets: 2
  Manufacturer: ARM
  NumCores: 6
  NumLogicals: 6
  CPUFrequency: 2035
  Memory: 7850
Checksum: 7BF5DD992D6A170946C35C9145983DC3164ACF40