BaselineInfo:
  WebDBID: -1
  TimeStamp: 20240827194306
Version:
  Major: 11
  Minor: 0
  Build: 1002
  SpecialBuildName: ""
  ptArchitecture: aarch64_linux
Results:
  Results Complete: true
  NumTestProcesses: 6
  CPU_INTEGER_MATH: 1652.9746666666665
  CPU_FLOATINGPOINT_MATH: 263.99964615459777
  CPU_PRIME: 0
  CPU_SORTING: 115.46935837345609
  CPU_ENCRYPTION: 29.345555381947875
  CPU_COMPRESSION: 0
  CPU_SINGLETHREAD: 126.44555320100579
  CPU_PHYSICS: 0
  CPU_MATRIX_MULT_SSE: 47.228422438279381
  CPU_mm: 14.551447587000249
  CPU_sse: 37.386502505710943
  CPU_fma: 57.070342370847833
  CPU_avx: 0
  CPU_avx512: 0
  m_CPU_enc_SHA: 59168100.704765573
  m_CPU_enc_AES: 33466540.329663008
  m_CPU_enc_ECDSA: 28247160.731660321
  ME_ALLOC_S: 0
  ME_READ_S: 0
  ME_READ_L: 0
  ME_WRITE: 0
  ME_LARGE: 0
  ME_LATENCY: 0
  ME_THREADED: 0
  SUMM_CPU: 0
  SUMM_ME: 0
SystemInformation:
  OSName: Ubuntu 18.04.6 LTS
  Kernel: 4.9.337-tegra
  Device: quill
  Processor: ARM Cortex-A57 6 Core 2035 MHz
  NumSockets: 2
  Manufacturer: ARM
  NumCores: 6
  NumLogicals: 6
  CPUFrequency: 2035
  Memory: 7850
Checksum: 9F5FC25232EB657D53C2E7821CBCA5B8D97D64EB