BaselineInfo:
  WebDBID: -1
  TimeStamp: 20240828190132
Version:
  Major: 11
  Minor: 0
  Build: 1002
  SpecialBuildName: ""
  ptArchitecture: aarch64_linux
Results:
  Results Complete: true
  NumTestProcesses: 6
  CPU_INTEGER_MATH: 9093.8220000000001
  CPU_FLOATINGPOINT_MATH: 2457.6825114860148
  CPU_PRIME: 7.9718513273671991
  CPU_SORTING: 3754.7539652263354
  CPU_ENCRYPTION: 252.1408367137407
  CPU_COMPRESSION: 6469.7896080728642
  CPU_SINGLETHREAD: 317.41084633671801
  CPU_PHYSICS: 130.84522193090856
  CPU_MATRIX_MULT_SSE: 542.58938827403654
  CPU_mm: 162.59204884887896
  CPU_sse: 381.83283341230509
  CPU_fma: 703.34594313576793
  CPU_avx: 0
  CPU_avx512: 0
  m_CPU_enc_SHA: 368775495.24303859
  m_CPU_enc_AES: 202576090.11808041
  m_CPU_enc_ECDSA: 221814904.63272303
  ME_ALLOC_S: 0
  ME_READ_S: 0
  ME_READ_L: 0
  ME_WRITE: 0
  ME_LARGE: 0
  ME_LATENCY: 0
  ME_THREADED: 0
  SUMM_CPU: 940.79548408620485
  SUMM_ME: 0
SystemInformation:
  OSName: Ubuntu 18.04.6 LTS
  Kernel: 4.9.337-tegra
  Device: quill
  Processor: ARM Cortex-A57 6 Core 2035 MHz
  NumSockets: 2
  Manufacturer: ARM
  NumCores: 6
  NumLogicals: 6
  CPUFrequency: 2035
  Memory: 7850
Checksum: 21DBB0CC73ABA03D4AFF7F2D93E180D0EC04EBA2