BaselineInfo:
  WebDBID: -1
  TimeStamp: 20240828162617
Version:
  Major: 11
  Minor: 0
  Build: 1002
  SpecialBuildName: ""
  ptArchitecture: aarch64_linux
Results:
  Results Complete: true
  NumTestProcesses: 6
  CPU_INTEGER_MATH: 7906.2759999999998
  CPU_FLOATINGPOINT_MATH: 2108.0280492323059
  CPU_PRIME: 5.3356243914098389
  CPU_SORTING: 3045.6321201065102
  CPU_ENCRYPTION: 218.75956787686687
  CPU_COMPRESSION: 5614.395878334748
  CPU_SINGLETHREAD: 275.87096018115921
  CPU_PHYSICS: 90.036786469038191
  CPU_MATRIX_MULT_SSE: 471.09609430621663
  CPU_mm: 141.03149301031277
  CPU_sse: 331.46676822896438
  CPU_fma: 610.72542038346899
  CPU_avx: 0
  CPU_avx512: 0
  m_CPU_enc_SHA: 319224048.51109594
  m_CPU_enc_AES: 174057379.27175486
  m_CPU_enc_ECDSA: 194876670.1553098
  ME_ALLOC_S: 0
  ME_READ_S: 0
  ME_READ_L: 0
  ME_WRITE: 0
  ME_LARGE: 0
  ME_LATENCY: 0
  ME_THREADED: 0
  SUMM_CPU: 801.1886452793957
  SUMM_ME: 0
SystemInformation:
  OSName: Ubuntu 18.04.6 LTS
  Kernel: 4.9.337-tegra
  Device: quill
  Processor: ARM Cortex-A57 6 Core 2035 MHz
  NumSockets: 2
  Manufacturer: ARM
  NumCores: 6
  NumLogicals: 6
  CPUFrequency: 2035
  Memory: 7850
Checksum: D780748311CF8E916AD336C7F0F4AD2218DE2962