BaselineInfo:
  WebDBID: -1
  TimeStamp: 20240828202823
Version:
  Major: 11
  Minor: 0
  Build: 1002
  SpecialBuildName: ""
  ptArchitecture: aarch64_linux
Results:
  Results Complete: true
  NumTestProcesses: 6
  CPU_INTEGER_MATH: 8111.5606666666672
  CPU_FLOATINGPOINT_MATH: 575.4193542208609
  CPU_PRIME: 0
  CPU_SORTING: 0
  CPU_ENCRYPTION: 12.633405252358603
  CPU_COMPRESSION: 0
  CPU_SINGLETHREAD: 0
  CPU_PHYSICS: 0
  CPU_MATRIX_MULT_SSE: 84.296682223594701
  CPU_mm: 27.116050718845031
  CPU_sse: 63.204264373763337
  CPU_fma: 105.38910007342606
  CPU_avx: 0
  CPU_avx512: 0
  m_CPU_enc_SHA: 16735700.930165367
  m_CPU_enc_AES: 11736844.864844184
  m_CPU_enc_ECDSA: 11268710.84268197
  ME_ALLOC_S: 0
  ME_READ_S: 0
  ME_READ_L: 0
  ME_WRITE: 0
  ME_LARGE: 0
  ME_LATENCY: 0
  ME_THREADED: 0
  SUMM_CPU: 0
  SUMM_ME: 0
SystemInformation:
  OSName: Ubuntu 18.04.6 LTS
  Kernel: 4.9.337-tegra
  Device: quill
  Processor: ARM Cortex-A57 6 Core 2035 MHz
  NumSockets: 2
  Manufacturer: ARM
  NumCores: 6
  NumLogicals: 6
  CPUFrequency: 2035
  Memory: 7850
Checksum: EDE1DE82008A4E11AAD7475D469FB6DF76A93A40