BaselineInfo:
  WebDBID: -1
  TimeStamp: 20240828120257
Version:
  Major: 11
  Minor: 0
  Build: 1002
  SpecialBuildName: ""
  ptArchitecture: aarch64_linux
Results:
  Results Complete: true
  NumTestProcesses: 6
  CPU_INTEGER_MATH: 6134.6839999999993
  CPU_FLOATINGPOINT_MATH: 1664.9512963350696
  CPU_PRIME: 6.1633245437060475
  CPU_SORTING: 2591.5070796764594
  CPU_ENCRYPTION: 170.17860394608357
  CPU_COMPRESSION: 4361.2874080860629
  CPU_SINGLETHREAD: 218.66022761159829
  CPU_PHYSICS: 102.90843670940608
  CPU_MATRIX_MULT_SSE: 367.01086263865312
  CPU_mm: 109.76179917074595
  CPU_sse: 257.96563989040357
  CPU_fma: 476.05608538690268
  CPU_avx: 0
  CPU_avx512: 0
  m_CPU_enc_SHA: 250460919.11879694
  m_CPU_enc_AES: 138013030.55160359
  m_CPU_enc_ECDSA: 146861649.76370507
  ME_ALLOC_S: 0
  ME_READ_S: 0
  ME_READ_L: 0
  ME_WRITE: 0
  ME_LARGE: 0
  ME_LATENCY: 0
  ME_THREADED: 0
  SUMM_CPU: 640.97129044018016
  SUMM_ME: 0
SystemInformation:
  OSName: Ubuntu 18.04.6 LTS
  Kernel: 4.9.337-tegra
  Device: quill
  Processor: ARM Cortex-A57 6 Core 2035 MHz
  NumSockets: 2
  Manufacturer: ARM
  NumCores: 6
  NumLogicals: 6
  CPUFrequency: 2035
  Memory: 7850
Checksum: 6CF8648059D7AA6ED61CEA7057907B65E27ECE3F