BaselineInfo:
  WebDBID: -1
  TimeStamp: 20240827215544
Version:
  Major: 11
  Minor: 0
  Build: 1002
  SpecialBuildName: ""
  ptArchitecture: aarch64_linux
Results:
  Results Complete: true
  NumTestProcesses: 6
  CPU_INTEGER_MATH: 2119.2080000000001
  CPU_FLOATINGPOINT_MATH: 584.60628626681478
  CPU_PRIME: 2.8073518744390742
  CPU_SORTING: 932.34763296179165
  CPU_ENCRYPTION: 62.455558055206218
  CPU_COMPRESSION: 0
  CPU_SINGLETHREAD: 78.090566329661371
  CPU_PHYSICS: 52.264375129183684
  CPU_MATRIX_MULT_SSE: 127.51061965226782
  CPU_mm: 38.141903701675638
  CPU_sse: 90.80531647909568
  CPU_fma: 164.21592282543997
  CPU_avx: 0
  CPU_avx512: 0
  m_CPU_enc_SHA: 88905598.228307128
  m_CPU_enc_AES: 48787029.2980083
  m_CPU_enc_ECDSA: 58775570.203572318
  ME_ALLOC_S: 0
  ME_READ_S: 0
  ME_READ_L: 0
  ME_WRITE: 0
  ME_LARGE: 0
  ME_LATENCY: 0
  ME_THREADED: 0
  SUMM_CPU: 0
  SUMM_ME: 0
SystemInformation:
  OSName: Ubuntu 18.04.6 LTS
  Kernel: 4.9.337-tegra
  Device: quill
  Processor: ARM Cortex-A57 6 Core 2035 MHz
  NumSockets: 2
  Manufacturer: ARM
  NumCores: 6
  NumLogicals: 6
  CPUFrequency: 2035
  Memory: 7850
Checksum: 7E58D99456140626A4A505FF8349FF1FF54BF89D