BaselineInfo:
  WebDBID: -1
  TimeStamp: 20240828033622
Version:
  Major: 11
  Minor: 0
  Build: 1002
  SpecialBuildName: ""
  ptArchitecture: aarch64_linux
Results:
  Results Complete: true
  NumTestProcesses: 6
  CPU_INTEGER_MATH: 4143.6073333333334
  CPU_FLOATINGPOINT_MATH: 1129.4732688385404
  CPU_PRIME: 4.9366236294405583
  CPU_SORTING: 1791.2849291141597
  CPU_ENCRYPTION: 117.55522056848459
  CPU_COMPRESSION: 2845.4661654497713
  CPU_SINGLETHREAD: 147.58224643711691
  CPU_PHYSICS: 84.907154836253682
  CPU_MATRIX_MULT_SSE: 247.00363501436277
  CPU_mm: 73.937410244884063
  CPU_sse: 173.79018482960919
  CPU_fma: 320.21708519911624
  CPU_avx: 0
  CPU_avx512: 0
  m_CPU_enc_SHA: 165026745.50817931
  m_CPU_enc_AES: 93874513.871081218
  m_CPU_enc_ECDSA: 110895489.50919735
  ME_ALLOC_S: 0
  ME_READ_S: 0
  ME_READ_L: 0
  ME_WRITE: 0
  ME_LARGE: 0
  ME_LATENCY: 0
  ME_THREADED: 0
  SUMM_CPU: 435.20689474306772
  SUMM_ME: 0
SystemInformation:
  OSName: Ubuntu 18.04.6 LTS
  Kernel: 4.9.337-tegra
  Device: quill
  Processor: ARM Cortex-A57 6 Core 2035 MHz
  NumSockets: 2
  Manufacturer: ARM
  NumCores: 6
  NumLogicals: 6
  CPUFrequency: 2035
  Memory: 7850
Checksum: AF56289087283BD9412D3578CEF8CF381F8C3E71