BaselineInfo:
  WebDBID: -1
  TimeStamp: 20240828063448
Version:
  Major: 11
  Minor: 0
  Build: 1002
  SpecialBuildName: ""
  ptArchitecture: aarch64_linux
Results:
  Results Complete: true
  NumTestProcesses: 6
  CPU_INTEGER_MATH: 4857.2993333333334
  CPU_FLOATINGPOINT_MATH: 940.74478130578655
  CPU_PRIME: 0.57764078836856936
  CPU_SORTING: 522.96608399266643
  CPU_ENCRYPTION: 118.21996239816738
  CPU_COMPRESSION: 2483.2583724619321
  CPU_SINGLETHREAD: 147.35705505167522
  CPU_PHYSICS: 10.440713025079518
  CPU_MATRIX_MULT_SSE: 284.73853565411036
  CPU_mm: 88.884037526227999
  CPU_sse: 206.31268831837005
  CPU_fma: 363.16438298985071
  CPU_avx: 0
  CPU_avx512: 0
  m_CPU_enc_SHA: 174868941.35554403
  m_CPU_enc_AES: 97412227.075778767
  m_CPU_enc_ECDSA: 99606677.443539485
  ME_ALLOC_S: 0
  ME_READ_S: 0
  ME_READ_L: 0
  ME_WRITE: 0
  ME_LARGE: 0
  ME_LATENCY: 0
  ME_THREADED: 0
  SUMM_CPU: 305.73899615397636
  SUMM_ME: 0
SystemInformation:
  OSName: Ubuntu 18.04.6 LTS
  Kernel: 4.9.337-tegra
  Device: quill
  Processor: ARM Cortex-A57 6 Core 2035 MHz
  NumSockets: 2
  Manufacturer: ARM
  NumCores: 6
  NumLogicals: 6
  CPUFrequency: 2035
  Memory: 7850
Checksum: 78DFA618296432497750579C57788669639DA9F4