BaselineInfo:
  WebDBID: -1
  TimeStamp: 20240828140310
Version:
  Major: 11
  Minor: 0
  Build: 1002
  SpecialBuildName: ""
  ptArchitecture: aarch64_linux
Results:
  Results Complete: true
  NumTestProcesses: 6
  CPU_INTEGER_MATH: 6417.1693333333342
  CPU_FLOATINGPOINT_MATH: 775.27989935037704
  CPU_PRIME: 0
  CPU_SORTING: 24.676834504890337
  CPU_ENCRYPTION: 113.14239111880553
  CPU_COMPRESSION: 2137.6291937857518
  CPU_SINGLETHREAD: 164.18622934362327
  CPU_PHYSICS: 5.2397540400253675
  CPU_MATRIX_MULT_SSE: 378.4333280873343
  CPU_mm: 115.5222961672647
  CPU_sse: 277.11314645634508
  CPU_fma: 479.75350971832347
  CPU_avx: 0
  CPU_avx512: 0
  m_CPU_enc_SHA: 157109363.70776439
  m_CPU_enc_AES: 106631595.58272043
  m_CPU_enc_ECDSA: 92174228.43889308
  ME_ALLOC_S: 0
  ME_READ_S: 0
  ME_READ_L: 0
  ME_WRITE: 0
  ME_LARGE: 0
  ME_LATENCY: 0
  ME_THREADED: 0
  SUMM_CPU: 0
  SUMM_ME: 0
SystemInformation:
  OSName: Ubuntu 18.04.6 LTS
  Kernel: 4.9.337-tegra
  Device: quill
  Processor: ARM Cortex-A57 6 Core 2035 MHz
  NumSockets: 2
  Manufacturer: ARM
  NumCores: 6
  NumLogicals: 6
  CPUFrequency: 2035
  Memory: 7850
Checksum: 2D5FBB405C5FE21D52472BBE05CE289E1C23CEBE