BaselineInfo:
  WebDBID: -1
  TimeStamp: 20240828042100
Version:
  Major: 11
  Minor: 0
  Build: 1002
  SpecialBuildName: ""
  ptArchitecture: aarch64_linux
Results:
  Results Complete: true
  NumTestProcesses: 6
  CPU_INTEGER_MATH: 4109.0540000000001
  CPU_FLOATINGPOINT_MATH: 1117.3598020224752
  CPU_PRIME: 4.6271953115863278
  CPU_SORTING: 1785.5003971508588
  CPU_ENCRYPTION: 115.37059904032114
  CPU_COMPRESSION: 2883.4526899771317
  CPU_SINGLETHREAD: 147.74971073754935
  CPU_PHYSICS: 79.344151753223358
  CPU_MATRIX_MULT_SSE: 247.35219247740145
  CPU_mm: 74.101017053748322
  CPU_sse: 172.72311412076925
  CPU_fma: 321.98127083403364
  CPU_avx: 0
  CPU_avx512: 0
  m_CPU_enc_SHA: 168810144.49197552
  m_CPU_enc_AES: 93716046.741574779
  m_CPU_enc_ECDSA: 100398332.54436105
  ME_ALLOC_S: 0
  ME_READ_S: 0
  ME_READ_L: 0
  ME_WRITE: 0
  ME_LARGE: 0
  ME_LATENCY: 0
  ME_THREADED: 0
  SUMM_CPU: 432.82286888153379
  SUMM_ME: 0
SystemInformation:
  OSName: Ubuntu 18.04.6 LTS
  Kernel: 4.9.337-tegra
  Device: quill
  Processor: ARM Cortex-A57 6 Core 2035 MHz
  NumSockets: 2
  Manufacturer: ARM
  NumCores: 6
  NumLogicals: 6
  CPUFrequency: 2035
  Memory: 7850
Checksum: 5816BF5B7B96C0EA25D0DB2A51D0D16BF4D0B3D2