BaselineInfo:
  WebDBID: -1
  TimeStamp: 20240828080641
Version:
  Major: 11
  Minor: 0
  Build: 1002
  SpecialBuildName: ""
  ptArchitecture: aarch64_linux
Results:
  Results Complete: true
  NumTestProcesses: 6
  CPU_INTEGER_MATH: 5134.909333333334
  CPU_FLOATINGPOINT_MATH: 1379.954975215815
  CPU_PRIME: 4.7332749846027555
  CPU_SORTING: 2094.8880315207371
  CPU_ENCRYPTION: 141.09089408327981
  CPU_COMPRESSION: 3530.5488878704718
  CPU_SINGLETHREAD: 181.59323791434392
  CPU_PHYSICS: 80.841156927750063
  CPU_MATRIX_MULT_SSE: 306.00200332230389
  CPU_mm: 91.663000060826917
  CPU_sse: 214.97238852650065
  CPU_fma: 397.03161811810713
  CPU_avx: 0
  CPU_avx512: 0
  m_CPU_enc_SHA: 212992055.23484102
  m_CPU_enc_AES: 109782223.39972556
  m_CPU_enc_ECDSA: 121059297.42824101
  ME_ALLOC_S: 0
  ME_READ_S: 0
  ME_READ_L: 0
  ME_WRITE: 0
  ME_LARGE: 0
  ME_LATENCY: 0
  ME_THREADED: 0
  SUMM_CPU: 526.28307896306444
  SUMM_ME: 0
SystemInformation:
  OSName: Ubuntu 18.04.6 LTS
  Kernel: 4.9.337-tegra
  Device: quill
  Processor: ARM Cortex-A57 6 Core 2035 MHz
  NumSockets: 2
  Manufacturer: ARM
  NumCores: 6
  NumLogicals: 6
  CPUFrequency: 2035
  Memory: 7850
Checksum: 4825F474C558054B4231D615FA12AB4A0C613C1C