BaselineInfo:
  WebDBID: -1
  TimeStamp: 20240828163301
Version:
  Major: 11
  Minor: 0
  Build: 1002
  SpecialBuildName: ""
  ptArchitecture: aarch64_linux
Results:
  Results Complete: true
  NumTestProcesses: 6
  CPU_INTEGER_MATH: 7109.5139999999992
  CPU_FLOATINGPOINT_MATH: 908.18396712903586
  CPU_PRIME: 0
  CPU_SORTING: 71.429147545254011
  CPU_ENCRYPTION: 81.777791139294834
  CPU_COMPRESSION: 1158.9352883463591
  CPU_SINGLETHREAD: 178.86831460973809
  CPU_PHYSICS: 5.2984079803785162
  CPU_MATRIX_MULT_SSE: 382.700078978855
  CPU_mm: 128.75638377919338
  CPU_sse: 294.9767144438033
  CPU_fma: 470.4234435139067
  CPU_avx: 0
  CPU_avx512: 0
  m_CPU_enc_SHA: 155645507.55183202
  m_CPU_enc_AES: 94896789.446402997
  m_CPU_enc_ECDSA: 51663508.51712317
  ME_ALLOC_S: 0
  ME_READ_S: 0
  ME_READ_L: 0
  ME_WRITE: 0
  ME_LARGE: 0
  ME_LATENCY: 0
  ME_THREADED: 0
  SUMM_CPU: 0
  SUMM_ME: 0
SystemInformation:
  OSName: Ubuntu 18.04.6 LTS
  Kernel: 4.9.337-tegra
  Device: quill
  Processor: ARM Cortex-A57 6 Core 2035 MHz
  NumSockets: 2
  Manufacturer: ARM
  NumCores: 6
  NumLogicals: 6
  CPUFrequency: 2035
  Memory: 7850
Checksum: FFAAD4F23ED5961EAE1D8C7858BEA8805F62BE04