BaselineInfo:
  WebDBID: -1
  TimeStamp: 20240828051617
Version:
  Major: 11
  Minor: 0
  Build: 1002
  SpecialBuildName: ""
  ptArchitecture: aarch64_linux
Results:
  Results Complete: true
  NumTestProcesses: 6
  CPU_INTEGER_MATH: 3929.424
  CPU_FLOATINGPOINT_MATH: 772.09086498368333
  CPU_PRIME: 0.55758857659704919
  CPU_SORTING: 510.94859165362988
  CPU_ENCRYPTION: 98.425754034938251
  CPU_COMPRESSION: 2023.1265590965777
  CPU_SINGLETHREAD: 121.36444843461054
  CPU_PHYSICS: 10.416382543159425
  CPU_MATRIX_MULT_SSE: 230.77662998464211
  CPU_mm: 70.319046070730877
  CPU_sse: 163.77377781468974
  CPU_fma: 297.77948215459446
  CPU_avx: 0
  CPU_avx512: 0
  m_CPU_enc_SHA: 147226337.54007539
  m_CPU_enc_AES: 83663784.513365775
  m_CPU_enc_ECDSA: 78730528.335377038
  ME_ALLOC_S: 0
  ME_READ_S: 0
  ME_READ_L: 0
  ME_WRITE: 0
  ME_LARGE: 0
  ME_LATENCY: 0
  ME_THREADED: 0
  SUMM_CPU: 265.04348303816704
  SUMM_ME: 0
SystemInformation:
  OSName: Ubuntu 18.04.6 LTS
  Kernel: 4.9.337-tegra
  Device: quill
  Processor: ARM Cortex-A57 6 Core 2035 MHz
  NumSockets: 2
  Manufacturer: ARM
  NumCores: 6
  NumLogicals: 6
  CPUFrequency: 2035
  Memory: 7850
Checksum: D5C335DD96C0A7AB40757CF7459DDE01E6220E9B