BaselineInfo:
  WebDBID: -1
  TimeStamp: 20240828115756
Version:
  Major: 11
  Minor: 0
  Build: 1002
  SpecialBuildName: ""
  ptArchitecture: aarch64_linux
Results:
  Results Complete: true
  NumTestProcesses: 6
  CPU_INTEGER_MATH: 6053.0813333333335
  CPU_FLOATINGPOINT_MATH: 1495.2338546048318
  CPU_PRIME: 1.9161960351738359
  CPU_SORTING: 1556.5749980519699
  CPU_ENCRYPTION: 162.07027951079823
  CPU_COMPRESSION: 3878.5336238945683
  CPU_SINGLETHREAD: 204.0374651851966
  CPU_PHYSICS: 34.013533718368315
  CPU_MATRIX_MULT_SSE: 361.25354050846857
  CPU_mm: 108.8022790605373
  CPU_sse: 254.4891684290269
  CPU_fma: 468.01791258791025
  CPU_avx: 0
  CPU_avx512: 0
  m_CPU_enc_SHA: 243420950.10372663
  m_CPU_enc_AES: 128324208.08334284
  m_CPU_enc_ECDSA: 138083858.03787479
  ME_ALLOC_S: 0
  ME_READ_S: 0
  ME_READ_L: 0
  ME_WRITE: 0
  ME_LARGE: 0
  ME_LATENCY: 0
  ME_THREADED: 0
  SUMM_CPU: 536.44554880075839
  SUMM_ME: 0
SystemInformation:
  OSName: Ubuntu 18.04.6 LTS
  Kernel: 4.9.337-tegra
  Device: quill
  Processor: ARM Cortex-A57 6 Core 2035 MHz
  NumSockets: 2
  Manufacturer: ARM
  NumCores: 6
  NumLogicals: 6
  CPUFrequency: 2035
  Memory: 7850
Checksum: FA2D133A407D18610654D589C25976BE0DE12995