BaselineInfo:
  WebDBID: -1
  TimeStamp: 20240827203333
Version:
  Major: 11
  Minor: 0
  Build: 1002
  SpecialBuildName: ""
  ptArchitecture: aarch64_linux
Results:
  Results Complete: true
  NumTestProcesses: 6
  CPU_INTEGER_MATH: 1802.0273333333334
  CPU_FLOATINGPOINT_MATH: 498.59312023508113
  CPU_PRIME: 2.287899164132154
  CPU_SORTING: 819.39517650690539
  CPU_ENCRYPTION: 58.799123469610052
  CPU_COMPRESSION: 0
  CPU_SINGLETHREAD: 76.623185369346075
  CPU_PHYSICS: 47.55507049808643
  CPU_MATRIX_MULT_SSE: 127.72816048686764
  CPU_mm: 38.263584570967033
  CPU_sse: 89.600802399182371
  CPU_fma: 165.85551857455295
  CPU_avx: 0
  CPU_avx512: 0
  m_CPU_enc_SHA: 86654834.866277143
  m_CPU_enc_AES: 48698754.701738551
  m_CPU_enc_ECDSA: 49612459.505793795
  ME_ALLOC_S: 0
  ME_READ_S: 0
  ME_READ_L: 0
  ME_WRITE: 0
  ME_LARGE: 0
  ME_LATENCY: 0
  ME_THREADED: 0
  SUMM_CPU: 0
  SUMM_ME: 0
SystemInformation:
  OSName: Ubuntu 18.04.6 LTS
  Kernel: 4.9.337-tegra
  Device: quill
  Processor: ARM Cortex-A57 6 Core 2035 MHz
  NumSockets: 2
  Manufacturer: ARM
  NumCores: 6
  NumLogicals: 6
  CPUFrequency: 2035
  Memory: 7850
Checksum: 29A49F0362D67CFC71530D8A49510C645AA1D957