BaselineInfo:
  WebDBID: -1
  TimeStamp: 20240828091245
Version:
  Major: 11
  Minor: 0
  Build: 1002
  SpecialBuildName: ""
  ptArchitecture: aarch64_linux
Results:
  Results Complete: true
  NumTestProcesses: 6
  CPU_INTEGER_MATH: 4878.3626666666669
  CPU_FLOATINGPOINT_MATH: 888.05112556333256
  CPU_PRIME: 0.57529972322049527
  CPU_SORTING: 485.11068926076575
  CPU_ENCRYPTION: 119.84992229148503
  CPU_COMPRESSION: 2440.6437302221561
  CPU_SINGLETHREAD: 144.5817673745936
  CPU_PHYSICS: 10.353967317281693
  CPU_MATRIX_MULT_SSE: 287.0787237010403
  CPU_mm: 88.144180506127583
  CPU_sse: 207.04790772529822
  CPU_fma: 367.10953967678233
  CPU_avx: 0
  CPU_avx512: 0
  m_CPU_enc_SHA: 184554487.2079263
  m_CPU_enc_AES: 99197660.975613505
  m_CPU_enc_ECDSA: 93263108.16660884
  ME_ALLOC_S: 0
  ME_READ_S: 0
  ME_READ_L: 0
  ME_WRITE: 0
  ME_LARGE: 0
  ME_LATENCY: 0
  ME_THREADED: 0
  SUMM_CPU: 301.18555415611343
  SUMM_ME: 0
SystemInformation:
  OSName: Ubuntu 18.04.6 LTS
  Kernel: 4.9.337-tegra
  Device: quill
  Processor: ARM Cortex-A57 6 Core 2035 MHz
  NumSockets: 2
  Manufacturer: ARM
  NumCores: 6
  NumLogicals: 6
  CPUFrequency: 2035
  Memory: 7850
Checksum: 09BD185A67595B5381985B894ABCBD9664CAED0B