BaselineInfo:
  WebDBID: -1
  TimeStamp: 20240827205643
Version:
  Major: 11
  Minor: 0
  Build: 1002
  SpecialBuildName: ""
  ptArchitecture: aarch64_linux
Results:
  Results Complete: true
  NumTestProcesses: 6
  CPU_INTEGER_MATH: 2143.8213333333333
  CPU_FLOATINGPOINT_MATH: 584.47306259737479
  CPU_PRIME: 2.7292276217376568
  CPU_SORTING: 921.38893951999762
  CPU_ENCRYPTION: 61.827301393903682
  CPU_COMPRESSION: 0
  CPU_SINGLETHREAD: 237.23390345012015
  CPU_PHYSICS: 43.738041967284651
  CPU_MATRIX_MULT_SSE: 111.5780119427458
  CPU_mm: 33.755497073474274
  CPU_sse: 79.532833662281064
  CPU_fma: 143.62319022321051
  CPU_avx: 0
  CPU_avx512: 0
  m_CPU_enc_SHA: 88693393.784925818
  m_CPU_enc_AES: 48587530.902151115
  m_CPU_enc_ECDSA: 57210948.472164892
  ME_ALLOC_S: 0
  ME_READ_S: 0
  ME_READ_L: 0
  ME_WRITE: 0
  ME_LARGE: 0
  ME_LATENCY: 0
  ME_THREADED: 0
  SUMM_CPU: 0
  SUMM_ME: 0
SystemInformation:
  OSName: Ubuntu 18.04.6 LTS
  Kernel: 4.9.337-tegra
  Device: quill
  Processor: ARM Cortex-A57 6 Core 2035 MHz
  NumSockets: 2
  Manufacturer: ARM
  NumCores: 6
  NumLogicals: 6
  CPUFrequency: 2035
  Memory: 7850
Checksum: BCF248C0EC22E43347334B56EE16B35F08C1F856