BaselineInfo:
  WebDBID: -1
  TimeStamp: 20240828114533
Version:
  Major: 11
  Minor: 0
  Build: 1002
  SpecialBuildName: ""
  ptArchitecture: aarch64_linux
Results:
  Results Complete: true
  NumTestProcesses: 6
  CPU_INTEGER_MATH: 6107.3726666666662
  CPU_FLOATINGPOINT_MATH: 1591.3723119350279
  CPU_PRIME: 3.6935539292366362
  CPU_SORTING: 2200.4030402615513
  CPU_ENCRYPTION: 169.44513280424727
  CPU_COMPRESSION: 4117.7477737815416
  CPU_SINGLETHREAD: 209.6762451209959
  CPU_PHYSICS: 60.85822572426305
  CPU_MATRIX_MULT_SSE: 363.04390856546502
  CPU_mm: 109.12923929226149
  CPU_sse: 251.67087013048112
  CPU_fma: 474.41694700044894
  CPU_avx: 0
  CPU_avx512: 0
  m_CPU_enc_SHA: 254388756.10474026
  m_CPU_enc_AES: 131804362.05296713
  m_CPU_enc_ECDSA: 146835180.56833178
  ME_ALLOC_S: 0
  ME_READ_S: 0
  ME_READ_L: 0
  ME_WRITE: 0
  ME_LARGE: 0
  ME_LATENCY: 0
  ME_THREADED: 0
  SUMM_CPU: 601.47929972664008
  SUMM_ME: 0
SystemInformation:
  OSName: Ubuntu 18.04.6 LTS
  Kernel: 4.9.337-tegra
  Device: quill
  Processor: ARM Cortex-A57 6 Core 2035 MHz
  NumSockets: 2
  Manufacturer: ARM
  NumCores: 6
  NumLogicals: 6
  CPUFrequency: 2035
  Memory: 7850
Checksum: 542B71C7B3FFBF10B6787340A0DE6E9A6DECB49F