BaselineInfo:
  WebDBID: -1
  TimeStamp: 20240828084632
Version:
  Major: 11
  Minor: 0
  Build: 1002
  SpecialBuildName: ""
  ptArchitecture: aarch64_linux
Results:
  Results Complete: true
  NumTestProcesses: 6
  CPU_INTEGER_MATH: 5071.293333333334
  CPU_FLOATINGPOINT_MATH: 1258.0217661726554
  CPU_PRIME: 1.9063349310135171
  CPU_SORTING: 1485.0828440200883
  CPU_ENCRYPTION: 136.92110902307132
  CPU_COMPRESSION: 3280.6915810485666
  CPU_SINGLETHREAD: 171.60705061719597
  CPU_PHYSICS: 34.39155362131747
  CPU_MATRIX_MULT_SSE: 302.73992417010072
  CPU_mm: 90.60985202303317
  CPU_sse: 213.50115673781136
  CPU_fma: 391.97869160239003
  CPU_avx: 0
  CPU_avx512: 0
  m_CPU_enc_SHA: 206398974.18487456
  m_CPU_enc_AES: 105796960.51030514
  m_CPU_enc_ECDSA: 118520631.74974847
  ME_ALLOC_S: 0
  ME_READ_S: 0
  ME_READ_L: 0
  ME_WRITE: 0
  ME_LARGE: 0
  ME_LATENCY: 0
  ME_THREADED: 0
  SUMM_CPU: 464.61660917756507
  SUMM_ME: 0
SystemInformation:
  OSName: Ubuntu 18.04.6 LTS
  Kernel: 4.9.337-tegra
  Device: quill
  Processor: ARM Cortex-A57 6 Core 2035 MHz
  NumSockets: 2
  Manufacturer: ARM
  NumCores: 6
  NumLogicals: 6
  CPUFrequency: 2035
  Memory: 7850
Checksum: F3F3CCF9187951B9E5590D270004F38E7073DA61