BaselineInfo:
  WebDBID: -1
  TimeStamp: 20240828065454
Version:
  Major: 11
  Minor: 0
  Build: 1002
  SpecialBuildName: ""
  ptArchitecture: aarch64_linux
Results:
  Results Complete: true
  NumTestProcesses: 6
  CPU_INTEGER_MATH: 5134.2939999999999
  CPU_FLOATINGPOINT_MATH: 1374.3000036246808
  CPU_PRIME: 4.5494334113130686
  CPU_SORTING: 2120.8250061183721
  CPU_ENCRYPTION: 139.94750085253125
  CPU_COMPRESSION: 3555.7231793758606
  CPU_SINGLETHREAD: 183.26615814660715
  CPU_PHYSICS: 83.034472257064081
  CPU_MATRIX_MULT_SSE: 305.80561938652676
  CPU_mm: 91.780057305456921
  CPU_sse: 214.33486751905502
  CPU_fma: 397.27637125399855
  CPU_avx: 0
  CPU_avx512: 0
  m_CPU_enc_SHA: 206586835.90319994
  m_CPU_enc_AES: 113858923.73996502
  m_CPU_enc_ECDSA: 119791012.31866656
  ME_ALLOC_S: 0
  ME_READ_S: 0
  ME_READ_L: 0
  ME_WRITE: 0
  ME_LARGE: 0
  ME_LATENCY: 0
  ME_THREADED: 0
  SUMM_CPU: 526.13412993116629
  SUMM_ME: 0
SystemInformation:
  OSName: Ubuntu 18.04.6 LTS
  Kernel: 4.9.337-tegra
  Device: quill
  Processor: ARM Cortex-A57 6 Core 2035 MHz
  NumSockets: 2
  Manufacturer: ARM
  NumCores: 6
  NumLogicals: 6
  CPUFrequency: 2035
  Memory: 7850
Checksum: 43C115039623E15FB7F7408ADDC48951C16F1CE2