BaselineInfo:
  WebDBID: -1
  TimeStamp: 20240828201843
Version:
  Major: 11
  Minor: 0
  Build: 1002
  SpecialBuildName: ""
  ptArchitecture: aarch64_linux
Results:
  Results Complete: true
  NumTestProcesses: 6
  CPU_INTEGER_MATH: 8950.9700000000012
  CPU_FLOATINGPOINT_MATH: 2201.3089670189497
  CPU_PRIME: 2.0889432840393423
  CPU_SORTING: 1773.1503177559734
  CPU_ENCRYPTION: 233.1336598970141
  CPU_COMPRESSION: 5562.9439535496986
  CPU_SINGLETHREAD: 290.01715481371281
  CPU_PHYSICS: 36.124936485712851
  CPU_MATRIX_MULT_SSE: 531.41145530937013
  CPU_mm: 159.97621291388197
  CPU_sse: 376.25118000501243
  CPU_fma: 686.57173061372782
  CPU_avx: 0
  CPU_avx512: 0
  m_CPU_enc_SHA: 349221447.86227477
  m_CPU_enc_AES: 191220260.75110048
  m_CPU_enc_ECDSA: 192933373.06713909
  ME_ALLOC_S: 0
  ME_READ_S: 0
  ME_READ_L: 0
  ME_WRITE: 0
  ME_LARGE: 0
  ME_LATENCY: 0
  ME_THREADED: 0
  SUMM_CPU: 733.40298294856814
  SUMM_ME: 0
SystemInformation:
  OSName: Ubuntu 18.04.6 LTS
  Kernel: 4.9.337-tegra
  Device: quill
  Processor: ARM Cortex-A57 6 Core 2035 MHz
  NumSockets: 2
  Manufacturer: ARM
  NumCores: 6
  NumLogicals: 6
  CPUFrequency: 2035
  Memory: 7850
Checksum: 4E0F7634183BC3CD11DA7B22961751F6C1C537CC