BaselineInfo:
  WebDBID: -1
  TimeStamp: 20240828174418
Version:
  Major: 11
  Minor: 0
  Build: 1002
  SpecialBuildName: ""
  ptArchitecture: aarch64_linux
Results:
  Results Complete: true
  NumTestProcesses: 6
  CPU_INTEGER_MATH: 7974.6726666666673
  CPU_FLOATINGPOINT_MATH: 2159.6072240814769
  CPU_PRIME: 7.6776918969837418
  CPU_SORTING: 3247.914113610886
  CPU_ENCRYPTION: 221.66349436759896
  CPU_COMPRESSION: 5799.8376306451619
  CPU_SINGLETHREAD: 279.37543768160106
  CPU_PHYSICS: 125.74190781391243
  CPU_MATRIX_MULT_SSE: 478.47138484296624
  CPU_mm: 142.96165868962095
  CPU_sse: 336.87485526968294
  CPU_fma: 620.06791441624966
  CPU_avx: 0
  CPU_avx512: 0
  m_CPU_enc_SHA: 332856347.73424584
  m_CPU_enc_AES: 175638399.44229925
  m_CPU_enc_ECDSA: 188798313.63345319
  ME_ALLOC_S: 0
  ME_READ_S: 0
  ME_READ_L: 0
  ME_WRITE: 0
  ME_LARGE: 0
  ME_LATENCY: 0
  ME_THREADED: 0
  SUMM_CPU: 835.19825631872357
  SUMM_ME: 0
SystemInformation:
  OSName: Ubuntu 18.04.6 LTS
  Kernel: 4.9.337-tegra
  Device: quill
  Processor: ARM Cortex-A57 6 Core 2035 MHz
  NumSockets: 2
  Manufacturer: ARM
  NumCores: 6
  NumLogicals: 6
  CPUFrequency: 2035
  Memory: 7850
Checksum: C90D18E43D60D5CB87D4804D079705F81DCFDFB8