BaselineInfo:
  WebDBID: -1
  TimeStamp: 20240828024519
Version:
  Major: 11
  Minor: 0
  Build: 1002
  SpecialBuildName: ""
  ptArchitecture: aarch64_linux
Results:
  Results Complete: true
  NumTestProcesses: 6
  CPU_INTEGER_MATH: 3116.1899999999996
  CPU_FLOATINGPOINT_MATH: 851.74130484278203
  CPU_PRIME: 4.0215832641991298
  CPU_SORTING: 1329.6754456505785
  CPU_ENCRYPTION: 86.936363479811362
  CPU_COMPRESSION: 2149.7890785943264
  CPU_SINGLETHREAD: 112.50739498890728
  CPU_PHYSICS: 67.940080975510881
  CPU_MATRIX_MULT_SSE: 187.3421282067975
  CPU_mm: 56.028706301930669
  CPU_sse: 132.34542350719607
  CPU_fma: 242.33883290639889
  CPU_avx: 0
  CPU_avx512: 0
  m_CPU_enc_SHA: 126932522.64762519
  m_CPU_enc_AES: 70155524.056686938
  m_CPU_enc_ECDSA: 76390106.112307921
  ME_ALLOC_S: 0
  ME_READ_S: 0
  ME_READ_L: 0
  ME_WRITE: 0
  ME_LARGE: 0
  ME_LATENCY: 0
  ME_THREADED: 0
  SUMM_CPU: 327.56725060008029
  SUMM_ME: 0
SystemInformation:
  OSName: Ubuntu 18.04.6 LTS
  Kernel: 4.9.337-tegra
  Device: quill
  Processor: ARM Cortex-A57 6 Core 2035 MHz
  NumSockets: 2
  Manufacturer: ARM
  NumCores: 6
  NumLogicals: 6
  CPUFrequency: 2035
  Memory: 7850
Checksum: 77F78B59214963272115DDF19A22C4FCEE6C0297