BaselineInfo:
  WebDBID: -1
  TimeStamp: 20240828154740
Version:
  Major: 11
  Minor: 0
  Build: 1002
  SpecialBuildName: ""
  ptArchitecture: aarch64_linux
Results:
  Results Complete: true
  NumTestProcesses: 6
  CPU_INTEGER_MATH: 7853.6413333333321
  CPU_FLOATINGPOINT_MATH: 1948.7347420652866
  CPU_PRIME: 2.0060367648209434
  CPU_SORTING: 1709.7430336438083
  CPU_ENCRYPTION: 208.95775427628928
  CPU_COMPRESSION: 5028.3214336746778
  CPU_SINGLETHREAD: 258.14493062725177
  CPU_PHYSICS: 35.150105045840874
  CPU_MATRIX_MULT_SSE: 466.1916283325412
  CPU_mm: 140.90935165477637
  CPU_sse: 330.28222328114782
  CPU_fma: 602.10103338393469
  CPU_avx: 0
  CPU_avx512: 0
  m_CPU_enc_SHA: 319404193.25080812
  m_CPU_enc_AES: 160706244.05550075
  m_CPU_enc_ECDSA: 177213821.13773403
  ME_ALLOC_S: 0
  ME_READ_S: 0
  ME_READ_L: 0
  ME_WRITE: 0
  ME_LARGE: 0
  ME_LATENCY: 0
  ME_THREADED: 0
  SUMM_CPU: 666.53262291298063
  SUMM_ME: 0
SystemInformation:
  OSName: Ubuntu 18.04.6 LTS
  Kernel: 4.9.337-tegra
  Device: quill
  Processor: ARM Cortex-A57 6 Core 2035 MHz
  NumSockets: 2
  Manufacturer: ARM
  NumCores: 6
  NumLogicals: 6
  CPUFrequency: 2035
  Memory: 7850
Checksum: C8C5E4A21A4B87DDF152D62BD91E9E6B69A7CEA6