BaselineInfo:
  WebDBID: -1
  TimeStamp: 20240828055534
Version:
  Major: 11
  Minor: 0
  Build: 1002
  SpecialBuildName: ""
  ptArchitecture: aarch64_linux
Results:
  Results Complete: true
  NumTestProcesses: 6
  CPU_INTEGER_MATH: 4138.7793333333329
  CPU_FLOATINGPOINT_MATH: 1113.4614350831987
  CPU_PRIME: 4.5038080678200307
  CPU_SORTING: 1781.3980131224012
  CPU_ENCRYPTION: 116.58893242805988
  CPU_COMPRESSION: 2854.2117157831426
  CPU_SINGLETHREAD: 148.20092246949841
  CPU_PHYSICS: 78.323805212754607
  CPU_MATRIX_MULT_SSE: 246.67269291068493
  CPU_mm: 74.099794920183186
  CPU_sse: 173.56667930047038
  CPU_fma: 319.77870652089945
  CPU_avx: 0
  CPU_avx512: 0
  m_CPU_enc_SHA: 177574845.36370471
  m_CPU_enc_AES: 91831249.705679402
  m_CPU_enc_ECDSA: 97350974.159671873
  ME_ALLOC_S: 0
  ME_READ_S: 0
  ME_READ_L: 0
  ME_WRITE: 0
  ME_LARGE: 0
  ME_LATENCY: 0
  ME_THREADED: 0
  SUMM_CPU: 432.30528697961654
  SUMM_ME: 0
SystemInformation:
  OSName: Ubuntu 18.04.6 LTS
  Kernel: 4.9.337-tegra
  Device: quill
  Processor: ARM Cortex-A57 6 Core 2035 MHz
  NumSockets: 2
  Manufacturer: ARM
  NumCores: 6
  NumLogicals: 6
  CPUFrequency: 2035
  Memory: 7850
Checksum: 67555790A5D877A8EC4B3CD376343EBE5231386E