BaselineInfo:
  WebDBID: -1
  TimeStamp: 20240828042433
Version:
  Major: 11
  Minor: 0
  Build: 1002
  SpecialBuildName: ""
  ptArchitecture: aarch64_linux
Results:
  Results Complete: true
  NumTestProcesses: 6
  CPU_INTEGER_MATH: 4142.8499999999995
  CPU_FLOATINGPOINT_MATH: 1121.2925125761258
  CPU_PRIME: 5.0334625958306418
  CPU_SORTING: 1817.8005905437469
  CPU_ENCRYPTION: 117.75971814484191
  CPU_COMPRESSION: 2892.4260870504804
  CPU_SINGLETHREAD: 147.48082535261824
  CPU_PHYSICS: 86.326286416162887
  CPU_MATRIX_MULT_SSE: 246.5844893507348
  CPU_mm: 74.066816183226763
  CPU_sse: 175.11546606763426
  CPU_fma: 318.05351263383534
  CPU_avx: 0
  CPU_avx512: 0
  m_CPU_enc_SHA: 174621434.5736984
  m_CPU_enc_AES: 92440133.942898914
  m_CPU_enc_ECDSA: 103378474.12373993
  ME_ALLOC_S: 0
  ME_READ_S: 0
  ME_READ_L: 0
  ME_WRITE: 0
  ME_LARGE: 0
  ME_LATENCY: 0
  ME_THREADED: 0
  SUMM_CPU: 437.65239081881487
  SUMM_ME: 0
SystemInformation:
  OSName: Ubuntu 18.04.6 LTS
  Kernel: 4.9.337-tegra
  Device: quill
  Processor: ARM Cortex-A57 6 Core 2035 MHz
  NumSockets: 2
  Manufacturer: ARM
  NumCores: 6
  NumLogicals: 6
  CPUFrequency: 2035
  Memory: 7850
Checksum: F647ECC5082B374D8C1010A50CF15B28F24D38E0