BaselineInfo:
  WebDBID: -1
  TimeStamp: 20240827203642
Version:
  Major: 11
  Minor: 0
  Build: 1002
  SpecialBuildName: ""
  ptArchitecture: aarch64_linux
Results:
  Results Complete: true
  NumTestProcesses: 6
  CPU_INTEGER_MATH: 1783.9933333333331
  CPU_FLOATINGPOINT_MATH: 503.39219261068001
  CPU_PRIME: 2.4161356066105837
  CPU_SORTING: 797.86664415666428
  CPU_ENCRYPTION: 61.75911556094411
  CPU_COMPRESSION: 0
  CPU_SINGLETHREAD: 74.7780973864256
  CPU_PHYSICS: 51.109192502668442
  CPU_MATRIX_MULT_SSE: 127.9714161979559
  CPU_mm: 38.302446419400965
  CPU_sse: 89.881241642570316
  CPU_fma: 166.06159075334148
  CPU_avx: 0
  CPU_avx512: 0
  m_CPU_enc_SHA: 90513752.568229526
  m_CPU_enc_AES: 46253518.547590554
  m_CPU_enc_ECDSA: 57510107.959477521
  ME_ALLOC_S: 0
  ME_READ_S: 0
  ME_READ_L: 0
  ME_WRITE: 0
  ME_LARGE: 0
  ME_LATENCY: 0
  ME_THREADED: 0
  SUMM_CPU: 0
  SUMM_ME: 0
SystemInformation:
  OSName: Ubuntu 18.04.6 LTS
  Kernel: 4.9.337-tegra
  Device: quill
  Processor: ARM Cortex-A57 6 Core 2035 MHz
  NumSockets: 2
  Manufacturer: ARM
  NumCores: 6
  NumLogicals: 6
  CPUFrequency: 2035
  Memory: 7850
Checksum: E424A6F85083B62BE417011342C46CFF73508CF1