BaselineInfo:
  WebDBID: -1
  TimeStamp: 20240828173803
Version:
  Major: 11
  Minor: 0
  Build: 1002
  SpecialBuildName: ""
  ptArchitecture: aarch64_linux
Results:
  Results Complete: true
  NumTestProcesses: 6
  CPU_INTEGER_MATH: 7837.311333333334
  CPU_FLOATINGPOINT_MATH: 1942.2890197594643
  CPU_PRIME: 2.0825983053039967
  CPU_SORTING: 1701.8399039289982
  CPU_ENCRYPTION: 210.28734624139202
  CPU_COMPRESSION: 4903.3613158479429
  CPU_SINGLETHREAD: 256.86650776187332
  CPU_PHYSICS: 37.425678516044741
  CPU_MATRIX_MULT_SSE: 468.59782205817896
  CPU_mm: 140.76418329554224
  CPU_sse: 328.35390116870275
  CPU_fma: 608.84174294765535
  CPU_avx: 0
  CPU_avx512: 0
  m_CPU_enc_SHA: 317123014.59196603
  m_CPU_enc_AES: 165141198.35657245
  m_CPU_enc_ECDSA: 179242580.1687032
  ME_ALLOC_S: 0
  ME_READ_S: 0
  ME_READ_L: 0
  ME_WRITE: 0
  ME_LARGE: 0
  ME_LATENCY: 0
  ME_THREADED: 0
  SUMM_CPU: 667.85615562457303
  SUMM_ME: 0
SystemInformation:
  OSName: Ubuntu 18.04.6 LTS
  Kernel: 4.9.337-tegra
  Device: quill
  Processor: ARM Cortex-A57 6 Core 2035 MHz
  NumSockets: 2
  Manufacturer: ARM
  NumCores: 6
  NumLogicals: 6
  CPUFrequency: 2035
  Memory: 7850
Checksum: 8148D649B9FE36B7C6D3C4A0C5105A33DFE141D7