BaselineInfo:
  WebDBID: -1
  TimeStamp: 20240828041949
Version:
  Major: 11
  Minor: 0
  Build: 1002
  SpecialBuildName: ""
  ptArchitecture: aarch64_linux
Results:
  Results Complete: true
  NumTestProcesses: 6
  CPU_INTEGER_MATH: 4134.3773333333338
  CPU_FLOATINGPOINT_MATH: 1105.6629819962952
  CPU_PRIME: 4.3664779552008719
  CPU_SORTING: 1721.7734680790534
  CPU_ENCRYPTION: 111.33874353567919
  CPU_COMPRESSION: 2810.354149328607
  CPU_SINGLETHREAD: 146.62842838481214
  CPU_PHYSICS: 70.730897678663368
  CPU_MATRIX_MULT_SSE: 246.16673794158166
  CPU_mm: 73.784581335693815
  CPU_sse: 172.83541181935675
  CPU_fma: 319.49806406380651
  CPU_avx: 0
  CPU_avx512: 0
  m_CPU_enc_SHA: 169437076.44424766
  m_CPU_enc_AES: 93006474.902180851
  m_CPU_enc_ECDSA: 87797851.678576514
  ME_ALLOC_S: 0
  ME_READ_S: 0
  ME_READ_L: 0
  ME_WRITE: 0
  ME_LARGE: 0
  ME_LATENCY: 0
  ME_THREADED: 0
  SUMM_CPU: 422.24355399766745
  SUMM_ME: 0
SystemInformation:
  OSName: Ubuntu 18.04.6 LTS
  Kernel: 4.9.337-tegra
  Device: quill
  Processor: ARM Cortex-A57 6 Core 2035 MHz
  NumSockets: 2
  Manufacturer: ARM
  NumCores: 6
  NumLogicals: 6
  CPUFrequency: 2035
  Memory: 7850
Checksum: EA0A17EE37B580B9D258237BAD8F52FC5D4BD219