BaselineInfo:
  WebDBID: -1
  TimeStamp: 20240828195136
Version:
  Major: 11
  Minor: 0
  Build: 1002
  SpecialBuildName: ""
  ptArchitecture: aarch64_linux
Results:
  Results Complete: true
  NumTestProcesses: 6
  CPU_INTEGER_MATH: 8033.7446666666674
  CPU_FLOATINGPOINT_MATH: 1032.23342184698
  CPU_PRIME: 0
  CPU_SORTING: 0.23785786066589928
  CPU_ENCRYPTION: 143.37764846385915
  CPU_COMPRESSION: 102.12239933599889
  CPU_SINGLETHREAD: 303.62383695569793
  CPU_PHYSICS: 1255.7838541114038
  CPU_MATRIX_MULT_SSE: 400.96105243462296
  CPU_mm: 78.731695973595535
  CPU_sse: 226.24315762564012
  CPU_fma: 575.67894724360565
  CPU_avx: 0
  CPU_avx512: 0
  m_CPU_enc_SHA: 50385544.343620427
  m_CPU_enc_AES: 90976425.184792578
  m_CPU_enc_ECDSA: 0
  ME_ALLOC_S: 0
  ME_READ_S: 0
  ME_READ_L: 0
  ME_WRITE: 0
  ME_LARGE: 0
  ME_LATENCY: 0
  ME_THREADED: 0
  SUMM_CPU: 0
  SUMM_ME: 0
SystemInformation:
  OSName: Ubuntu 18.04.6 LTS
  Kernel: 4.9.337-tegra
  Device: quill
  Processor: ARM Cortex-A57 6 Core 2035 MHz
  NumSockets: 2
  Manufacturer: ARM
  NumCores: 6
  NumLogicals: 6
  CPUFrequency: 2035
  Memory: 7850
Checksum: 1D57F2993BFE5E3E5B29B7FE4E718A5CFB7D2A5E