BaselineInfo:
  WebDBID: -1
  TimeStamp: 20240828161210
Version:
  Major: 11
  Minor: 0
  Build: 1002
  SpecialBuildName: ""
  ptArchitecture: aarch64_linux
Results:
  Results Complete: true
  NumTestProcesses: 6
  CPU_INTEGER_MATH: 7746.9046666666663
  CPU_FLOATINGPOINT_MATH: 1959.550460710896
  CPU_PRIME: 2.0630232423104213
  CPU_SORTING: 1758.9019206999849
  CPU_ENCRYPTION: 208.13793838201744
  CPU_COMPRESSION: 5037.469217833288
  CPU_SINGLETHREAD: 256.49545734254059
  CPU_PHYSICS: 35.776524582313293
  CPU_MATRIX_MULT_SSE: 464.27951030833952
  CPU_mm: 140.24081390788254
  CPU_sse: 328.3390617724508
  CPU_fma: 600.21995884422824
  CPU_avx: 0
  CPU_avx512: 0
  m_CPU_enc_SHA: 310235086.1833123
  m_CPU_enc_AES: 171608384.62785417
  m_CPU_enc_ECDSA: 172901869.81942037
  ME_ALLOC_S: 0
  ME_READ_S: 0
  ME_READ_L: 0
  ME_WRITE: 0
  ME_LARGE: 0
  ME_LATENCY: 0
  ME_THREADED: 0
  SUMM_CPU: 669.1420744632843
  SUMM_ME: 0
SystemInformation:
  OSName: Ubuntu 18.04.6 LTS
  Kernel: 4.9.337-tegra
  Device: quill
  Processor: ARM Cortex-A57 6 Core 2035 MHz
  NumSockets: 2
  Manufacturer: ARM
  NumCores: 6
  NumLogicals: 6
  CPUFrequency: 2035
  Memory: 7850
Checksum: 4FFE17DD73D8573F78CD684661CA90A7B9D1733F