BaselineInfo:
  WebDBID: -1
  TimeStamp: 20240828002411
Version:
  Major: 11
  Minor: 0
  Build: 1002
  SpecialBuildName: ""
  ptArchitecture: aarch64_linux
Results:
  Results Complete: true
  NumTestProcesses: 6
  CPU_INTEGER_MATH: 3122.0593333333336
  CPU_FLOATINGPOINT_MATH: 854.40529972480817
  CPU_PRIME: 4.1319851913941497
  CPU_SORTING: 1367.6591615657228
  CPU_ENCRYPTION: 84.069505311238501
  CPU_COMPRESSION: 2221.1980266714017
  CPU_SINGLETHREAD: 113.18815930760039
  CPU_PHYSICS: 70.633729956322199
  CPU_MATRIX_MULT_SSE: 186.64769605945051
  CPU_mm: 56.218884606319016
  CPU_sse: 132.10927449970734
  CPU_fma: 241.18611761919365
  CPU_avx: 0
  CPU_avx512: 0
  m_CPU_enc_SHA: 123242648.03330699
  m_CPU_enc_AES: 69603627.255633727
  m_CPU_enc_ECDSA: 71613521.514770925
  ME_ALLOC_S: 0
  ME_READ_S: 0
  ME_READ_L: 0
  ME_WRITE: 0
  ME_LARGE: 0
  ME_LATENCY: 0
  ME_THREADED: 0
  SUMM_CPU: 328.21611352751421
  SUMM_ME: 0
SystemInformation:
  OSName: Ubuntu 18.04.6 LTS
  Kernel: 4.9.337-tegra
  Device: quill
  Processor: ARM Cortex-A57 6 Core 2035 MHz
  NumSockets: 2
  Manufacturer: ARM
  NumCores: 6
  NumLogicals: 6
  CPUFrequency: 2035
  Memory: 7850
Checksum: FD07DB0FB7913630EAA83A694EC78198732E91E5