BaselineInfo:
  WebDBID: -1
  TimeStamp: 20240827234248
Version:
  Major: 11
  Minor: 0
  Build: 1002
  SpecialBuildName: ""
  ptArchitecture: aarch64_linux
Results:
  Results Complete: true
  NumTestProcesses: 6
  CPU_INTEGER_MATH: 3131.384
  CPU_FLOATINGPOINT_MATH: 845.49469949057186
  CPU_PRIME: 3.5439151430502034
  CPU_SORTING: 1362.0052264532912
  CPU_ENCRYPTION: 85.507552464812008
  CPU_COMPRESSION: 2156.7595589366501
  CPU_SINGLETHREAD: 112.1582482094376
  CPU_PHYSICS: 60.006467858051501
  CPU_MATRIX_MULT_SSE: 187.28024541786755
  CPU_mm: 55.809383376544204
  CPU_sse: 131.65041762324688
  CPU_fma: 242.91007321248827
  CPU_avx: 0
  CPU_avx512: 0
  m_CPU_enc_SHA: 131842483.00337324
  m_CPU_enc_AES: 67417817.200424448
  m_CPU_enc_ECDSA: 69723201.796230465
  ME_ALLOC_S: 0
  ME_READ_S: 0
  ME_READ_L: 0
  ME_WRITE: 0
  ME_LARGE: 0
  ME_LATENCY: 0
  ME_THREADED: 0
  SUMM_CPU: 324.82582741869857
  SUMM_ME: 0
SystemInformation:
  OSName: Ubuntu 18.04.6 LTS
  Kernel: 4.9.337-tegra
  Device: quill
  Processor: ARM Cortex-A57 6 Core 2035 MHz
  NumSockets: 2
  Manufacturer: ARM
  NumCores: 6
  NumLogicals: 6
  CPUFrequency: 2035
  Memory: 7850
Checksum: 1FA557B3D1B46624E58F9D427EE50F7DC3F8C8B7