BaselineInfo:
  WebDBID: -1
  TimeStamp: 20240828163043
Version:
  Major: 11
  Minor: 0
  Build: 1002
  SpecialBuildName: ""
  ptArchitecture: aarch64_linux
Results:
  Results Complete: true
  NumTestProcesses: 6
  CPU_INTEGER_MATH: 7931.5046666666667
  CPU_FLOATINGPOINT_MATH: 2155.998833904041
  CPU_PRIME: 7.5666615196336213
  CPU_SORTING: 3337.4108581438009
  CPU_ENCRYPTION: 220.7389704881212
  CPU_COMPRESSION: 5651.1460248193043
  CPU_SINGLETHREAD: 278.57941290677877
  CPU_PHYSICS: 127.9638995924667
  CPU_MATRIX_MULT_SSE: 474.17193698484664
  CPU_mm: 141.55212951121698
  CPU_sse: 332.15837998918914
  CPU_fma: 616.18549398050413
  CPU_avx: 0
  CPU_avx512: 0
  m_CPU_enc_SHA: 327353555.37519926
  m_CPU_enc_AES: 171230000.69151992
  m_CPU_enc_ECDSA: 195801204.08893737
  ME_ALLOC_S: 0
  ME_READ_S: 0
  ME_READ_L: 0
  ME_WRITE: 0
  ME_LARGE: 0
  ME_LATENCY: 0
  ME_THREADED: 0
  SUMM_CPU: 827.59070323596552
  SUMM_ME: 0
SystemInformation:
  OSName: Ubuntu 18.04.6 LTS
  Kernel: 4.9.337-tegra
  Device: quill
  Processor: ARM Cortex-A57 6 Core 2035 MHz
  NumSockets: 2
  Manufacturer: ARM
  NumCores: 6
  NumLogicals: 6
  CPUFrequency: 2035
  Memory: 7850
Checksum: 7420A8BAE935ED4CF0C7FCA514C37126825D7AF4