BaselineInfo:
  WebDBID: -1
  TimeStamp: 20240828191135
Version:
  Major: 11
  Minor: 0
  Build: 1002
  SpecialBuildName: ""
  ptArchitecture: aarch64_linux
Results:
  Results Complete: true
  NumTestProcesses: 6
  CPU_INTEGER_MATH: 9083.7399999999998
  CPU_FLOATINGPOINT_MATH: 2441.4620068088884
  CPU_PRIME: 6.9170626401407231
  CPU_SORTING: 3635.8699682442734
  CPU_ENCRYPTION: 249.94438201304249
  CPU_COMPRESSION: 6465.6429444442765
  CPU_SINGLETHREAD: 315.51624761841487
  CPU_PHYSICS: 114.24317043913302
  CPU_MATRIX_MULT_SSE: 539.33856678168524
  CPU_mm: 162.1244489445769
  CPU_sse: 380.60741666716177
  CPU_fma: 698.06971689620889
  CPU_avx: 0
  CPU_avx512: 0
  m_CPU_enc_SHA: 365790680.98763674
  m_CPU_enc_AES: 200366002.41535291
  m_CPU_enc_ECDSA: 220100357.5381344
  ME_ALLOC_S: 0
  ME_READ_S: 0
  ME_READ_L: 0
  ME_WRITE: 0
  ME_LARGE: 0
  ME_LATENCY: 0
  ME_THREADED: 0
  SUMM_CPU: 927.80610025752844
  SUMM_ME: 0
SystemInformation:
  OSName: Ubuntu 18.04.6 LTS
  Kernel: 4.9.337-tegra
  Device: quill
  Processor: ARM Cortex-A57 6 Core 2035 MHz
  NumSockets: 2
  Manufacturer: ARM
  NumCores: 6
  NumLogicals: 6
  CPUFrequency: 2035
  Memory: 7850
Checksum: 5AF5C141BC8E9038CD33225AC352B0AFBE2278A7