BaselineInfo:
  WebDBID: -1
  TimeStamp: 20240827221153
Version:
  Major: 11
  Minor: 0
  Build: 1002
  SpecialBuildName: ""
  ptArchitecture: aarch64_linux
Results:
  Results Complete: true
  NumTestProcesses: 6
  CPU_INTEGER_MATH: 2143.7740000000003
  CPU_FLOATINGPOINT_MATH: 582.86325317067713
  CPU_PRIME: 2.692715236086717
  CPU_SORTING: 898.09923480232044
  CPU_ENCRYPTION: 62.392444844001488
  CPU_COMPRESSION: 0
  CPU_SINGLETHREAD: 243.40505078362543
  CPU_PHYSICS: 45.115652330139241
  CPU_MATRIX_MULT_SSE: 110.38162240774528
  CPU_mm: 33.350924247729907
  CPU_sse: 77.683468989804595
  CPU_fma: 143.07977582568597
  CPU_avx: 0
  CPU_avx512: 0
  m_CPU_enc_SHA: 89941247.236292884
  m_CPU_enc_AES: 48187914.898170412
  m_CPU_enc_ECDSA: 58140498.599767849
  ME_ALLOC_S: 0
  ME_READ_S: 0
  ME_READ_L: 0
  ME_WRITE: 0
  ME_LARGE: 0
  ME_LATENCY: 0
  ME_THREADED: 0
  SUMM_CPU: 0
  SUMM_ME: 0
SystemInformation:
  OSName: Ubuntu 18.04.6 LTS
  Kernel: 4.9.337-tegra
  Device: quill
  Processor: ARM Cortex-A57 6 Core 2035 MHz
  NumSockets: 2
  Manufacturer: ARM
  NumCores: 6
  NumLogicals: 6
  CPUFrequency: 2035
  Memory: 7850
Checksum: DCC56752F698C5744E04290596FC6A1B5A992E2F