BaselineInfo:
  WebDBID: -1
  TimeStamp: 20240827234412
Version:
  Major: 11
  Minor: 0
  Build: 1002
  SpecialBuildName: ""
  ptArchitecture: aarch64_linux
Results:
  Results Complete: true
  NumTestProcesses: 6
  CPU_INTEGER_MATH: 3134.7446666666669
  CPU_FLOATINGPOINT_MATH: 850.05266023645652
  CPU_PRIME: 3.7485762460672789
  CPU_SORTING: 1307.1205588320404
  CPU_ENCRYPTION: 85.691702023778078
  CPU_COMPRESSION: 2157.4520671180899
  CPU_SINGLETHREAD: 112.52672191881291
  CPU_PHYSICS: 64.437403915538141
  CPU_MATRIX_MULT_SSE: 186.43426725363031
  CPU_mm: 56.236036984010269
  CPU_sse: 131.33780913665564
  CPU_fma: 241.53072537060496
  CPU_avx: 0
  CPU_avx512: 0
  m_CPU_enc_SHA: 125748927.9408848
  m_CPU_enc_AES: 68241964.918666944
  m_CPU_enc_ECDSA: 75571893.564303577
  ME_ALLOC_S: 0
  ME_READ_S: 0
  ME_READ_L: 0
  ME_WRITE: 0
  ME_LARGE: 0
  ME_LATENCY: 0
  ME_THREADED: 0
  SUMM_CPU: 325.32639439471791
  SUMM_ME: 0
SystemInformation:
  OSName: Ubuntu 18.04.6 LTS
  Kernel: 4.9.337-tegra
  Device: quill
  Processor: ARM Cortex-A57 6 Core 2035 MHz
  NumSockets: 2
  Manufacturer: ARM
  NumCores: 6
  NumLogicals: 6
  CPUFrequency: 2035
  Memory: 7850
Checksum: 8FAF1C87F3C754C95893C652D913F149AB1EA7DB