BaselineInfo:
  WebDBID: -1
  TimeStamp: 20240828202349
Version:
  Major: 11
  Minor: 0
  Build: 1002
  SpecialBuildName: ""
  ptArchitecture: aarch64_linux
Results:
  Results Complete: true
  NumTestProcesses: 6
  CPU_INTEGER_MATH: 9100.8273333333327
  CPU_FLOATINGPOINT_MATH: 2471.1185784934205
  CPU_PRIME: 8.0559029355057827
  CPU_SORTING: 3842.1112728142143
  CPU_ENCRYPTION: 258.25698059646169
  CPU_COMPRESSION: 6521.6955032512224
  CPU_SINGLETHREAD: 317.59687174159222
  CPU_PHYSICS: 129.18334935774848
  CPU_MATRIX_MULT_SSE: 542.76759114806816
  CPU_mm: 162.50957207514438
  CPU_sse: 382.89689073761792
  CPU_fma: 702.6382915585184
  CPU_avx: 0
  CPU_avx512: 0
  m_CPU_enc_SHA: 378655152.03474617
  m_CPU_enc_AES: 200850992.91265866
  m_CPU_enc_ECDSA: 232900070.11034152
  ME_ALLOC_S: 0
  ME_READ_S: 0
  ME_READ_L: 0
  ME_WRITE: 0
  ME_LARGE: 0
  ME_LATENCY: 0
  ME_THREADED: 0
  SUMM_CPU: 950.82798955464023
  SUMM_ME: 0
SystemInformation:
  OSName: Ubuntu 18.04.6 LTS
  Kernel: 4.9.337-tegra
  Device: quill
  Processor: ARM Cortex-A57 6 Core 2035 MHz
  NumSockets: 2
  Manufacturer: ARM
  NumCores: 6
  NumLogicals: 6
  CPUFrequency: 2035
  Memory: 7850
Checksum: 3527C22655A3DAFEC4096DAC15C202974848A774