BaselineInfo:
  WebDBID: -1
  TimeStamp: 20240828172836
Version:
  Major: 11
  Minor: 0
  Build: 1002
  SpecialBuildName: ""
  ptArchitecture: aarch64_linux
Results:
  Results Complete: true
  NumTestProcesses: 6
  CPU_INTEGER_MATH: 7949.9173333333338
  CPU_FLOATINGPOINT_MATH: 2107.4957519480586
  CPU_PRIME: 5.7931654746071084
  CPU_SORTING: 3104.1128069924403
  CPU_ENCRYPTION: 214.79087205804927
  CPU_COMPRESSION: 5555.138452371315
  CPU_SINGLETHREAD: 275.35202972044067
  CPU_PHYSICS: 98.214565858303914
  CPU_MATRIX_MULT_SSE: 472.90237939059597
  CPU_mm: 142.05430313552276
  CPU_sse: 331.61027311762035
  CPU_fma: 614.19448566357153
  CPU_avx: 0
  CPU_avx512: 0
  m_CPU_enc_SHA: 314941270.72352827
  m_CPU_enc_AES: 179264289.57851678
  m_CPU_enc_ECDSA: 181468100.07537812
  ME_ALLOC_S: 0
  ME_READ_S: 0
  ME_READ_L: 0
  ME_WRITE: 0
  ME_LARGE: 0
  ME_LATENCY: 0
  ME_THREADED: 0
  SUMM_CPU: 800.34603269834258
  SUMM_ME: 0
SystemInformation:
  OSName: Ubuntu 18.04.6 LTS
  Kernel: 4.9.337-tegra
  Device: quill
  Processor: ARM Cortex-A57 6 Core 2035 MHz
  NumSockets: 2
  Manufacturer: ARM
  NumCores: 6
  NumLogicals: 6
  CPUFrequency: 2035
  Memory: 7850
Checksum: 17F5F6FE1F16BA664F52BF177D65474CA67A4723