BaselineInfo:
  WebDBID: -1
  TimeStamp: 20240828154929
Version:
  Major: 11
  Minor: 0
  Build: 1002
  SpecialBuildName: ""
  ptArchitecture: aarch64_linux
Results:
  Results Complete: true
  NumTestProcesses: 6
  CPU_INTEGER_MATH: 7922.9373333333342
  CPU_FLOATINGPOINT_MATH: 2130.6380197748604
  CPU_PRIME: 5.2547277163651973
  CPU_SORTING: 3019.5680585986593
  CPU_ENCRYPTION: 216.5450193432755
  CPU_COMPRESSION: 5703.2569836499206
  CPU_SINGLETHREAD: 276.16649023152871
  CPU_PHYSICS: 89.16603359017914
  CPU_MATRIX_MULT_SSE: 471.31671412309402
  CPU_mm: 141.61691273436696
  CPU_sse: 333.55137435313083
  CPU_fma: 609.08205389305715
  CPU_avx: 0
  CPU_avx512: 0
  m_CPU_enc_SHA: 315559616.2938242
  m_CPU_enc_AES: 175046662.44492525
  m_CPU_enc_ECDSA: 190585451.86993396
  ME_ALLOC_S: 0
  ME_READ_S: 0
  ME_READ_L: 0
  ME_WRITE: 0
  ME_LARGE: 0
  ME_LATENCY: 0
  ME_THREADED: 0
  SUMM_CPU: 802.28891107777611
  SUMM_ME: 0
SystemInformation:
  OSName: Ubuntu 18.04.6 LTS
  Kernel: 4.9.337-tegra
  Device: quill
  Processor: ARM Cortex-A57 6 Core 2035 MHz
  NumSockets: 2
  Manufacturer: ARM
  NumCores: 6
  NumLogicals: 6
  CPUFrequency: 2035
  Memory: 7850
Checksum: 9EDB0ABE2C0AD83CB83A119B56EAF1A8B8B8F89A