BaselineInfo:
  WebDBID: -1
  TimeStamp: 20240828025256
Version:
  Major: 11
  Minor: 0
  Build: 1002
  SpecialBuildName: ""
  ptArchitecture: aarch64_linux
Results:
  Results Complete: true
  NumTestProcesses: 6
  CPU_INTEGER_MATH: 2554.1540000000005
  CPU_FLOATINGPOINT_MATH: 475.09681286338093
  CPU_PRIME: 0.54855097198738079
  CPU_SORTING: 486.29791580888468
  CPU_ENCRYPTION: 72.627259482930398
  CPU_COMPRESSION: 1602.0607921829635
  CPU_SINGLETHREAD: 98.111007583908716
  CPU_PHYSICS: 9.8464849845763993
  CPU_MATRIX_MULT_SSE: 177.32404081762843
  CPU_mm: 54.163508092896592
  CPU_sse: 122.13314901858851
  CPU_fma: 232.51493261666837
  CPU_avx: 0
  CPU_avx512: 0
  m_CPU_enc_SHA: 107035233.01434763
  m_CPU_enc_AES: 62135671.316714026
  m_CPU_enc_ECDSA: 59294699.387658045
  ME_ALLOC_S: 0
  ME_READ_S: 0
  ME_READ_L: 0
  ME_WRITE: 0
  ME_LARGE: 0
  ME_LATENCY: 0
  ME_THREADED: 0
  SUMM_CPU: 210.49377568223426
  SUMM_ME: 0
SystemInformation:
  OSName: Ubuntu 18.04.6 LTS
  Kernel: 4.9.337-tegra
  Device: quill
  Processor: ARM Cortex-A57 6 Core 2035 MHz
  NumSockets: 2
  Manufacturer: ARM
  NumCores: 6
  NumLogicals: 6
  CPUFrequency: 2035
  Memory: 7850
Checksum: 3B701CFFB2BAB26B022CBB8A1F6CE06464CC62AA