BaselineInfo:
  WebDBID: -1
  TimeStamp: 20240827201540
Version:
  Major: 11
  Minor: 0
  Build: 1002
  SpecialBuildName: ""
  ptArchitecture: aarch64_linux
Results:
  Results Complete: true
  NumTestProcesses: 6
  CPU_INTEGER_MATH: 1787.922
  CPU_FLOATINGPOINT_MATH: 478.89051167939579
  CPU_PRIME: 2.369837122263017
  CPU_SORTING: 827.45053292010107
  CPU_ENCRYPTION: 63.059920305155281
  CPU_COMPRESSION: 0
  CPU_SINGLETHREAD: 240.26543500142077
  CPU_PHYSICS: 44.646769057958963
  CPU_MATRIX_MULT_SSE: 111.28151665568353
  CPU_mm: 33.243248193127172
  CPU_sse: 79.336259653213034
  CPU_fma: 143.22677365815406
  CPU_avx: 0
  CPU_avx512: 0
  m_CPU_enc_SHA: 94606594.712378606
  m_CPU_enc_AES: 45933305.093611874
  m_CPU_enc_ECDSA: 57829457.175705008
  ME_ALLOC_S: 0
  ME_READ_S: 0
  ME_READ_L: 0
  ME_WRITE: 0
  ME_LARGE: 0
  ME_LATENCY: 0
  ME_THREADED: 0
  SUMM_CPU: 0
  SUMM_ME: 0
SystemInformation:
  OSName: Ubuntu 18.04.6 LTS
  Kernel: 4.9.337-tegra
  Device: quill
  Processor: ARM Cortex-A57 6 Core 2035 MHz
  NumSockets: 2
  Manufacturer: ARM
  NumCores: 6
  NumLogicals: 6
  CPUFrequency: 2035
  Memory: 7850
Checksum: C69763052D655AD715EA03783A287F878EF696F1