BaselineInfo:
  WebDBID: -1
  TimeStamp: 20240828082938
Version:
  Major: 11
  Minor: 0
  Build: 1002
  SpecialBuildName: ""
  ptArchitecture: aarch64_linux
Results:
  Results Complete: true
  NumTestProcesses: 6
  CPU_INTEGER_MATH: 4828.4733333333334
  CPU_FLOATINGPOINT_MATH: 971.88870159209955
  CPU_PRIME: 0.57113840968745211
  CPU_SORTING: 496.15178466903865
  CPU_ENCRYPTION: 115.61608969482523
  CPU_COMPRESSION: 2404.0477721702882
  CPU_SINGLETHREAD: 147.23480652288515
  CPU_PHYSICS: 10.542489940372604
  CPU_MATRIX_MULT_SSE: 292.17640184716754
  CPU_mm: 87.166819025023059
  CPU_sse: 200.94603804858696
  CPU_fma: 383.40676564574824
  CPU_avx: 0
  CPU_avx512: 0
  m_CPU_enc_SHA: 173400800.99428147
  m_CPU_enc_AES: 96322994.927053198
  m_CPU_enc_ECDSA: 93972974.682188481
  ME_ALLOC_S: 0
  ME_READ_S: 0
  ME_READ_L: 0
  ME_WRITE: 0
  ME_LARGE: 0
  ME_LATENCY: 0
  ME_THREADED: 0
  SUMM_CPU: 301.75806494919976
  SUMM_ME: 0
SystemInformation:
  OSName: Ubuntu 18.04.6 LTS
  Kernel: 4.9.337-tegra
  Device: quill
  Processor: ARM Cortex-A57 6 Core 2035 MHz
  NumSockets: 2
  Manufacturer: ARM
  NumCores: 6
  NumLogicals: 6
  CPUFrequency: 2035
  Memory: 7850
Checksum: E3926361D126F4E997839D31FB82C3F824260389