BaselineInfo:
  WebDBID: -1
  TimeStamp: 20240828070133
Version:
  Major: 11
  Minor: 0
  Build: 1002
  SpecialBuildName: ""
  ptArchitecture: aarch64_linux
Results:
  Results Complete: true
  NumTestProcesses: 6
  CPU_INTEGER_MATH: 4656.4639999999999
  CPU_FLOATINGPOINT_MATH: 695.12470458666633
  CPU_PRIME: 0
  CPU_SORTING: 0.23024372983326291
  CPU_ENCRYPTION: 140.65096526404633
  CPU_COMPRESSION: 80.141032432567712
  CPU_SINGLETHREAD: 0
  CPU_PHYSICS: 979.00599023492168
  CPU_MATRIX_MULT_SSE: 102.43405224854423
  CPU_mm: 34.701218434164026
  CPU_sse: 76.125168599979759
  CPU_fma: 128.74293589710874
  CPU_avx: 0
  CPU_avx512: 0
  m_CPU_enc_SHA: 75666419.484741062
  m_CPU_enc_AES: 66996766.924007177
  m_CPU_enc_ECDSA: 0
  ME_ALLOC_S: 0
  ME_READ_S: 0
  ME_READ_L: 0
  ME_WRITE: 0
  ME_LARGE: 0
  ME_LATENCY: 0
  ME_THREADED: 0
  SUMM_CPU: 0
  SUMM_ME: 0
SystemInformation:
  OSName: Ubuntu 18.04.6 LTS
  Kernel: 4.9.337-tegra
  Device: quill
  Processor: ARM Cortex-A57 6 Core 2035 MHz
  NumSockets: 2
  Manufacturer: ARM
  NumCores: 6
  NumLogicals: 6
  CPUFrequency: 2035
  Memory: 7850
Checksum: 1DE3351F32BB5ACF89B5D58A71E86364B17EA7F4