BaselineInfo:
  WebDBID: -1
  TimeStamp: 20240828061118
Version:
  Major: 11
  Minor: 0
  Build: 1002
  SpecialBuildName: ""
  ptArchitecture: aarch64_linux
Results:
  Results Complete: true
  NumTestProcesses: 6
  CPU_INTEGER_MATH: 4135.2766666666666
  CPU_FLOATINGPOINT_MATH: 1117.0883372647511
  CPU_PRIME: 4.6567193533098354
  CPU_SORTING: 1827.746303801197
  CPU_ENCRYPTION: 116.26140262389865
  CPU_COMPRESSION: 2919.2715143740106
  CPU_SINGLETHREAD: 147.01526875466928
  CPU_PHYSICS: 78.002531377959556
  CPU_MATRIX_MULT_SSE: 246.18865777571278
  CPU_mm: 74.102199110338148
  CPU_sse: 174.03798215038367
  CPU_fma: 318.33933340104198
  CPU_avx: 0
  CPU_avx512: 0
  m_CPU_enc_SHA: 171002365.21214297
  m_CPU_enc_AES: 92481414.160120308
  m_CPU_enc_ECDSA: 102242970.18100816
  ME_ALLOC_S: 0
  ME_READ_S: 0
  ME_READ_L: 0
  ME_WRITE: 0
  ME_LARGE: 0
  ME_LATENCY: 0
  ME_THREADED: 0
  SUMM_CPU: 435.36542642257359
  SUMM_ME: 0
SystemInformation:
  OSName: Ubuntu 18.04.6 LTS
  Kernel: 4.9.337-tegra
  Device: quill
  Processor: ARM Cortex-A57 6 Core 2035 MHz
  NumSockets: 2
  Manufacturer: ARM
  NumCores: 6
  NumLogicals: 6
  CPUFrequency: 2035
  Memory: 7850
Checksum: 1CCDA1506E60F8A490EB887174267BBA4BAD550A