BaselineInfo:
  WebDBID: -1
  TimeStamp: 20240828012048
Version:
  Major: 11
  Minor: 0
  Build: 1002
  SpecialBuildName: ""
  ptArchitecture: aarch64_linux
Results:
  Results Complete: true
  NumTestProcesses: 6
  CPU_INTEGER_MATH: 2849.5140000000001
  CPU_FLOATINGPOINT_MATH: 426.30182006723726
  CPU_PRIME: 0
  CPU_SORTING: 0.22673871303167537
  CPU_ENCRYPTION: 133.73389388987374
  CPU_COMPRESSION: 43.847474309090167
  CPU_SINGLETHREAD: 0
  CPU_PHYSICS: 0
  CPU_MATRIX_MULT_SSE: 41.624319969557789
  CPU_mm: 15.096852922909346
  CPU_sse: 33.563019486902576
  CPU_fma: 49.685620452212994
  CPU_avx: 0
  CPU_avx512: 0
  m_CPU_enc_SHA: 0
  m_CPU_enc_AES: 51054162.807286911
  m_CPU_enc_ECDSA: 0
  ME_ALLOC_S: 0
  ME_READ_S: 0
  ME_READ_L: 0
  ME_WRITE: 0
  ME_LARGE: 0
  ME_LATENCY: 0
  ME_THREADED: 0
  SUMM_CPU: 0
  SUMM_ME: 0
SystemInformation:
  OSName: Ubuntu 18.04.6 LTS
  Kernel: 4.9.337-tegra
  Device: quill
  Processor: ARM Cortex-A57 6 Core 2035 MHz
  NumSockets: 2
  Manufacturer: ARM
  NumCores: 6
  NumLogicals: 6
  CPUFrequency: 2035
  Memory: 7850
Checksum: 0A097ABAEDAB53E8EBD92BF87825A861AFA7A584