BaselineInfo:
  WebDBID: -1
  TimeStamp: 20240828023233
Version:
  Major: 11
  Minor: 0
  Build: 1002
  SpecialBuildName: ""
  ptArchitecture: aarch64_linux
Results:
  Results Complete: true
  NumTestProcesses: 6
  CPU_INTEGER_MATH: 2745.4279999999999
  CPU_FLOATINGPOINT_MATH: 432.00863740095633
  CPU_PRIME: 0
  CPU_SORTING: 46.1773325794586
  CPU_ENCRYPTION: 85.227958975917872
  CPU_COMPRESSION: 56.234670982269883
  CPU_SINGLETHREAD: 0
  CPU_PHYSICS: 0
  CPU_MATRIX_MULT_SSE: 42.227642787183541
  CPU_mm: 15.13757160694704
  CPU_sse: 33.244521751245827
  CPU_fma: 51.210763823121269
  CPU_avx: 0
  CPU_avx512: 0
  m_CPU_enc_SHA: 52220631.740888789
  m_CPU_enc_AES: 54948219.891860649
  m_CPU_enc_ECDSA: 0
  ME_ALLOC_S: 0
  ME_READ_S: 0
  ME_READ_L: 0
  ME_WRITE: 0
  ME_LARGE: 0
  ME_LATENCY: 0
  ME_THREADED: 0
  SUMM_CPU: 0
  SUMM_ME: 0
SystemInformation:
  OSName: Ubuntu 18.04.6 LTS
  Kernel: 4.9.337-tegra
  Device: quill
  Processor: ARM Cortex-A57 6 Core 2035 MHz
  NumSockets: 2
  Manufacturer: ARM
  NumCores: 6
  NumLogicals: 6
  CPUFrequency: 2035
  Memory: 7850
Checksum: 85403DCD8BCBB0B13228B7D99A21463EAED8B5A7