BaselineInfo:
  WebDBID: -1
  TimeStamp: 20240827195009
Version:
  Major: 11
  Minor: 0
  Build: 1002
  SpecialBuildName: ""
  ptArchitecture: aarch64_linux
Results:
  Results Complete: true
  NumTestProcesses: 6
  CPU_INTEGER_MATH: 1853.384
  CPU_FLOATINGPOINT_MATH: 476.38166900893731
  CPU_PRIME: 1.8061058708643436
  CPU_SORTING: 785.64210148277039
  CPU_ENCRYPTION: 60.632408381323081
  CPU_COMPRESSION: 0
  CPU_SINGLETHREAD: 238.88997488550774
  CPU_PHYSICS: 33.092971107653966
  CPU_MATRIX_MULT_SSE: 110.50736683259868
  CPU_mm: 33.116494223801482
  CPU_sse: 77.311916215662279
  CPU_fma: 143.70281744953508
  CPU_avx: 0
  CPU_avx512: 0
  m_CPU_enc_SHA: 85241946.468743786
  m_CPU_enc_AES: 46041049.151932783
  m_CPU_enc_ECDSA: 59450069.131886132
  ME_ALLOC_S: 0
  ME_READ_S: 0
  ME_READ_L: 0
  ME_WRITE: 0
  ME_LARGE: 0
  ME_LATENCY: 0
  ME_THREADED: 0
  SUMM_CPU: 0
  SUMM_ME: 0
SystemInformation:
  OSName: Ubuntu 18.04.6 LTS
  Kernel: 4.9.337-tegra
  Device: quill
  Processor: ARM Cortex-A57 6 Core 2035 MHz
  NumSockets: 2
  Manufacturer: ARM
  NumCores: 6
  NumLogicals: 6
  CPUFrequency: 2035
  Memory: 7850
Checksum: A5FA01A9D74929CB63285C35C7A1D669F1FD4EF3