BaselineInfo:
  WebDBID: -1
  TimeStamp: 20240827201124
Version:
  Major: 11
  Minor: 0
  Build: 1002
  SpecialBuildName: ""
  ptArchitecture: aarch64_linux
Results:
  Results Complete: true
  NumTestProcesses: 6
  CPU_INTEGER_MATH: 1792.182
  CPU_FLOATINGPOINT_MATH: 471.69649812579894
  CPU_PRIME: 2.0961735273300515
  CPU_SORTING: 853.25992935349836
  CPU_ENCRYPTION: 61.81574074775277
  CPU_COMPRESSION: 0
  CPU_SINGLETHREAD: 68.957107662946271
  CPU_PHYSICS: 43.797245278881121
  CPU_MATRIX_MULT_SSE: 127.84063336415697
  CPU_mm: 38.329380286059873
  CPU_sse: 89.142828998938882
  CPU_fma: 166.53843772937503
  CPU_avx: 0
  CPU_avx512: 0
  m_CPU_enc_SHA: 86498893.957654819
  m_CPU_enc_AES: 47287074.619197302
  m_CPU_enc_ECDSA: 60669537.934094705
  ME_ALLOC_S: 0
  ME_READ_S: 0
  ME_READ_L: 0
  ME_WRITE: 0
  ME_LARGE: 0
  ME_LATENCY: 0
  ME_THREADED: 0
  SUMM_CPU: 0
  SUMM_ME: 0
SystemInformation:
  OSName: Ubuntu 18.04.6 LTS
  Kernel: 4.9.337-tegra
  Device: quill
  Processor: ARM Cortex-A57 6 Core 2035 MHz
  NumSockets: 2
  Manufacturer: ARM
  NumCores: 6
  NumLogicals: 6
  CPUFrequency: 2035
  Memory: 7850
Checksum: D21CF3248CB97BB7D553C0EA60DFD9A0E5CCB8B7