BaselineInfo:
  WebDBID: -1
  TimeStamp: 20240828105741
Version:
  Major: 11
  Minor: 0
  Build: 1002
  SpecialBuildName: ""
  ptArchitecture: aarch64_linux
Results:
  Results Complete: true
  NumTestProcesses: 6
  CPU_INTEGER_MATH: 6149.5940000000001
  CPU_FLOATINGPOINT_MATH: 1675.2623882706698
  CPU_PRIME: 6.6139044649016823
  CPU_SORTING: 2637.9560453552963
  CPU_ENCRYPTION: 173.7976281585737
  CPU_COMPRESSION: 4458.2249462166401
  CPU_SINGLETHREAD: 219.03423688095705
  CPU_PHYSICS: 111.09918671926246
  CPU_MATRIX_MULT_SSE: 365.56461570091722
  CPU_mm: 109.66322833667698
  CPU_sse: 258.79268860813653
  CPU_fma: 472.33654279369796
  CPU_avx: 0
  CPU_avx512: 0
  m_CPU_enc_SHA: 256610128.10434264
  m_CPU_enc_AES: 133819417.94850978
  m_CPU_enc_ECDSA: 156290519.17916137
  ME_ALLOC_S: 0
  ME_READ_S: 0
  ME_READ_L: 0
  ME_WRITE: 0
  ME_LARGE: 0
  ME_LATENCY: 0
  ME_THREADED: 0
  SUMM_CPU: 651.67812307713541
  SUMM_ME: 0
SystemInformation:
  OSName: Ubuntu 18.04.6 LTS
  Kernel: 4.9.337-tegra
  Device: quill
  Processor: ARM Cortex-A57 6 Core 2035 MHz
  NumSockets: 2
  Manufacturer: ARM
  NumCores: 6
  NumLogicals: 6
  CPUFrequency: 2035
  Memory: 7850
Checksum: 4C0143FDC6378E8F7696DD429B0976F462C4E27A