BaselineInfo:
  WebDBID: -1
  TimeStamp: 20240828101954
Version:
  Major: 11
  Minor: 0
  Build: 1002
  SpecialBuildName: ""
  ptArchitecture: aarch64_linux
Results:
  Results Complete: true
  NumTestProcesses: 6
  CPU_INTEGER_MATH: 5501.1746666666668
  CPU_FLOATINGPOINT_MATH: 708.00693356584634
  CPU_PRIME: 0
  CPU_SORTING: 71.734454777851994
  CPU_ENCRYPTION: 112.1325205367053
  CPU_COMPRESSION: 1904.0509072363307
  CPU_SINGLETHREAD: 147.29234088319649
  CPU_PHYSICS: 5.3382231756541847
  CPU_MATRIX_MULT_SSE: 330.29391142149484
  CPU_mm: 90.282338060672245
  CPU_sse: 233.17634394135851
  CPU_fma: 427.41147890163126
  CPU_avx: 0
  CPU_avx512: 0
  m_CPU_enc_SHA: 151742024.08611089
  m_CPU_enc_AES: 96170336.830801785
  m_CPU_enc_ECDSA: 70569255.93113707
  ME_ALLOC_S: 0
  ME_READ_S: 0
  ME_READ_L: 0
  ME_WRITE: 0
  ME_LARGE: 0
  ME_LATENCY: 0
  ME_THREADED: 0
  SUMM_CPU: 0
  SUMM_ME: 0
SystemInformation:
  OSName: Ubuntu 18.04.6 LTS
  Kernel: 4.9.337-tegra
  Device: quill
  Processor: ARM Cortex-A57 6 Core 2035 MHz
  NumSockets: 2
  Manufacturer: ARM
  NumCores: 6
  NumLogicals: 6
  CPUFrequency: 2035
  Memory: 7850
Checksum: 8FE06981A053D34C477FED3B8D489685D5F93EBA