BaselineInfo:
  WebDBID: -1
  TimeStamp: 20240828093509
Version:
  Major: 11
  Minor: 0
  Build: 1002
  SpecialBuildName: ""
  ptArchitecture: aarch64_linux
Results:
  Results Complete: true
  NumTestProcesses: 6
  CPU_INTEGER_MATH: 5147.7366666666667
  CPU_FLOATINGPOINT_MATH: 1393.8119608866755
  CPU_PRIME: 5.4823504154404015
  CPU_SORTING: 2134.895368054516
  CPU_ENCRYPTION: 138.82577012977683
  CPU_COMPRESSION: 3644.5189022608524
  CPU_SINGLETHREAD: 182.8452662586291
  CPU_PHYSICS: 93.210834743968661
  CPU_MATRIX_MULT_SSE: 306.58344076181504
  CPU_mm: 92.263889442449539
  CPU_sse: 215.28475392888208
  CPU_fma: 397.882127594748
  CPU_avx: 0
  CPU_avx512: 0
  m_CPU_enc_SHA: 210228413.25475997
  m_CPU_enc_AES: 114321678.62659223
  m_CPU_enc_ECDSA: 112158020.33745039
  ME_ALLOC_S: 0
  ME_READ_S: 0
  ME_READ_L: 0
  ME_WRITE: 0
  ME_LARGE: 0
  ME_LATENCY: 0
  ME_THREADED: 0
  SUMM_CPU: 533.45642539864275
  SUMM_ME: 0
SystemInformation:
  OSName: Ubuntu 18.04.6 LTS
  Kernel: 4.9.337-tegra
  Device: quill
  Processor: ARM Cortex-A57 6 Core 2035 MHz
  NumSockets: 2
  Manufacturer: ARM
  NumCores: 6
  NumLogicals: 6
  CPUFrequency: 2035
  Memory: 7850
Checksum: 5AD36E2791A37CD3D9565D0E8A5CFB4AA2BA24D5