BaselineInfo:
  WebDBID: -1
  TimeStamp: 20240828015654
Version:
  Major: 11
  Minor: 0
  Build: 1002
  SpecialBuildName: ""
  ptArchitecture: aarch64_linux
Results:
  Results Complete: true
  NumTestProcesses: 6
  CPU_INTEGER_MATH: 2848.8986666666669
  CPU_FLOATINGPOINT_MATH: 447.91328781401177
  CPU_PRIME: 0
  CPU_SORTING: 46.040585062107127
  CPU_ENCRYPTION: 83.635191835836693
  CPU_COMPRESSION: 0
  CPU_SINGLETHREAD: 192.57223570410395
  CPU_PHYSICS: 0
  CPU_MATRIX_MULT_SSE: 68.578299486411112
  CPU_mm: 17.949070496518512
  CPU_sse: 53.263881857679742
  CPU_fma: 83.892717115142446
  CPU_avx: 0
  CPU_avx512: 0
  m_CPU_enc_SHA: 74374815.11510542
  m_CPU_enc_AES: 41234279.274171971
  m_CPU_enc_ECDSA: 16749079.629277728
  ME_ALLOC_S: 0
  ME_READ_S: 0
  ME_READ_L: 0
  ME_WRITE: 0
  ME_LARGE: 0
  ME_LATENCY: 0
  ME_THREADED: 0
  SUMM_CPU: 0
  SUMM_ME: 0
SystemInformation:
  OSName: Ubuntu 18.04.6 LTS
  Kernel: 4.9.337-tegra
  Device: quill
  Processor: ARM Cortex-A57 6 Core 2035 MHz
  NumSockets: 2
  Manufacturer: ARM
  NumCores: 6
  NumLogicals: 6
  CPUFrequency: 2035
  Memory: 7850
Checksum: D1DD803DAE885024DD3487547E26EB2B9A5C2308