BaselineInfo:
  WebDBID: -1
  TimeStamp: 20240828145351
Version:
  Major: 11
  Minor: 0
  Build: 1002
  SpecialBuildName: ""
  ptArchitecture: aarch64_linux
Results:
  Results Complete: true
  NumTestProcesses: 6
  CPU_INTEGER_MATH: 6253.5853333333334
  CPU_FLOATINGPOINT_MATH: 705.6099659990598
  CPU_PRIME: 0
  CPU_SORTING: 24.774343500938958
  CPU_ENCRYPTION: 121.61075049174676
  CPU_COMPRESSION: 2080.351740635188
  CPU_SINGLETHREAD: 165.54825208694891
  CPU_PHYSICS: 5.2107507470757293
  CPU_MATRIX_MULT_SSE: 367.50388973388391
  CPU_mm: 115.20719968672051
  CPU_sse: 266.25068079664618
  CPU_fma: 468.75709867112164
  CPU_avx: 0
  CPU_avx512: 0
  m_CPU_enc_SHA: 155198360.04578596
  m_CPU_enc_AES: 103399752.63866645
  m_CPU_enc_ECDSA: 61342272.00606779
  ME_ALLOC_S: 0
  ME_READ_S: 0
  ME_READ_L: 0
  ME_WRITE: 0
  ME_LARGE: 0
  ME_LATENCY: 0
  ME_THREADED: 0
  SUMM_CPU: 0
  SUMM_ME: 0
SystemInformation:
  OSName: Ubuntu 18.04.6 LTS
  Kernel: 4.9.337-tegra
  Device: quill
  Processor: ARM Cortex-A57 6 Core 2035 MHz
  NumSockets: 2
  Manufacturer: ARM
  NumCores: 6
  NumLogicals: 6
  CPUFrequency: 2035
  Memory: 7850
Checksum: 63396852ADF7D998F1409E023B25DD144AA20D1E