BaselineInfo:
  WebDBID: -1
  TimeStamp: 20240828091625
Version:
  Major: 11
  Minor: 0
  Build: 1002
  SpecialBuildName: ""
  ptArchitecture: aarch64_linux
Results:
  Results Complete: true
  NumTestProcesses: 6
  CPU_INTEGER_MATH: 5109.4913333333334
  CPU_FLOATINGPOINT_MATH: 1339.9179053927448
  CPU_PRIME: 3.400503287151682
  CPU_SORTING: 1954.0474196746452
  CPU_ENCRYPTION: 141.25577521783134
  CPU_COMPRESSION: 3413.8208522474142
  CPU_SINGLETHREAD: 178.61636799867418
  CPU_PHYSICS: 57.252152560215492
  CPU_MATRIX_MULT_SSE: 303.86153184822422
  CPU_mm: 91.790629970297331
  CPU_sse: 214.23066673895389
  CPU_fma: 393.49239695749446
  CPU_avx: 0
  CPU_avx512: 0
  m_CPU_enc_SHA: 218431465.13571405
  m_CPU_enc_AES: 110754765.71393883
  m_CPU_enc_ECDSA: 115166016.41478536
  ME_ALLOC_S: 0
  ME_READ_S: 0
  ME_READ_L: 0
  ME_WRITE: 0
  ME_LARGE: 0
  ME_LATENCY: 0
  ME_THREADED: 0
  SUMM_CPU: 507.29475844625256
  SUMM_ME: 0
SystemInformation:
  OSName: Ubuntu 18.04.6 LTS
  Kernel: 4.9.337-tegra
  Device: quill
  Processor: ARM Cortex-A57 6 Core 2035 MHz
  NumSockets: 2
  Manufacturer: ARM
  NumCores: 6
  NumLogicals: 6
  CPUFrequency: 2035
  Memory: 7850
Checksum: FB61654708CEF24D744B3738566F50A7F5CBB068