BaselineInfo:
  WebDBID: -1
  TimeStamp: 20240828042916
Version:
  Major: 11
  Minor: 0
  Build: 1002
  SpecialBuildName: ""
  ptArchitecture: aarch64_linux
Results:
  Results Complete: true
  NumTestProcesses: 6
  CPU_INTEGER_MATH: 3677.3266666666664
  CPU_FLOATINGPOINT_MATH: 774.67138630152772
  CPU_PRIME: 0.57003666071613079
  CPU_SORTING: 504.40724716805249
  CPU_ENCRYPTION: 93.689842927243618
  CPU_COMPRESSION: 2038.2397569974598
  CPU_SINGLETHREAD: 122.95554295689533
  CPU_PHYSICS: 9.8931329623908635
  CPU_MATRIX_MULT_SSE: 231.61916772717075
  CPU_mm: 71.111848159843461
  CPU_sse: 167.20074835192023
  CPU_fma: 296.03758710242136
  CPU_avx: 0
  CPU_avx512: 0
  m_CPU_enc_SHA: 139291486.323488
  m_CPU_enc_AES: 79021634.460920051
  m_CPU_enc_ECDSA: 76409641.427424163
  ME_ALLOC_S: 0
  ME_READ_S: 0
  ME_READ_L: 0
  ME_WRITE: 0
  ME_LARGE: 0
  ME_LATENCY: 0
  ME_THREADED: 0
  SUMM_CPU: 261.50961040101663
  SUMM_ME: 0
SystemInformation:
  OSName: Ubuntu 18.04.6 LTS
  Kernel: 4.9.337-tegra
  Device: quill
  Processor: ARM Cortex-A57 6 Core 2035 MHz
  NumSockets: 2
  Manufacturer: ARM
  NumCores: 6
  NumLogicals: 6
  CPUFrequency: 2035
  Memory: 7850
Checksum: 9A0E1C21178AA54F10C2B789B7BE7324FEC169BD