BaselineInfo:
  WebDBID: -1
  TimeStamp: 20240828164256
Version:
  Major: 11
  Minor: 0
  Build: 1002
  SpecialBuildName: ""
  ptArchitecture: aarch64_linux
Results:
  Results Complete: true
  NumTestProcesses: 6
  CPU_INTEGER_MATH: 7937.3739999999998
  CPU_FLOATINGPOINT_MATH: 2163.327604759706
  CPU_PRIME: 7.7405019648337063
  CPU_SORTING: 3294.1323864187134
  CPU_ENCRYPTION: 220.07133614111547
  CPU_COMPRESSION: 5811.4665323911086
  CPU_SINGLETHREAD: 278.97151999899114
  CPU_PHYSICS: 127.84615023010029
  CPU_MATRIX_MULT_SSE: 473.41366150424301
  CPU_mm: 142.17308090684816
  CPU_sse: 331.55394720219408
  CPU_fma: 615.27337580629205
  CPU_avx: 0
  CPU_avx512: 0
  m_CPU_enc_SHA: 329506503.10236454
  m_CPU_enc_AES: 174673858.80739725
  m_CPU_enc_ECDSA: 188104202.18675709
  ME_ALLOC_S: 0
  ME_READ_S: 0
  ME_READ_L: 0
  ME_WRITE: 0
  ME_LARGE: 0
  ME_LATENCY: 0
  ME_THREADED: 0
  SUMM_CPU: 833.46611805774035
  SUMM_ME: 0
SystemInformation:
  OSName: Ubuntu 18.04.6 LTS
  Kernel: 4.9.337-tegra
  Device: quill
  Processor: ARM Cortex-A57 6 Core 2035 MHz
  NumSockets: 2
  Manufacturer: ARM
  NumCores: 6
  NumLogicals: 6
  CPUFrequency: 2035
  Memory: 7850
Checksum: A4D8DD45C35053F2266493DF2F85115C8C784D8C