BaselineInfo:
  WebDBID: -1
  TimeStamp: 20240828151908
Version:
  Major: 11
  Minor: 0
  Build: 1002
  SpecialBuildName: ""
  ptArchitecture: aarch64_linux
Results:
  Results Complete: true
  NumTestProcesses: 6
  CPU_INTEGER_MATH: 7054.5126666666665
  CPU_FLOATINGPOINT_MATH: 832.87302343542422
  CPU_PRIME: 0
  CPU_SORTING: 74.266771853881224
  CPU_ENCRYPTION: 123.2884140687523
  CPU_COMPRESSION: 2262.8123650812327
  CPU_SINGLETHREAD: 186.81067269848313
  CPU_PHYSICS: 5.2652600310541491
  CPU_MATRIX_MULT_SSE: 406.6287947532918
  CPU_mm: 126.96486863489899
  CPU_sse: 295.37927384342311
  CPU_fma: 517.87831566316061
  CPU_avx: 0
  CPU_avx512: 0
  m_CPU_enc_SHA: 157865927.91837406
  m_CPU_enc_AES: 112651131.96223086
  m_CPU_enc_ECDSA: 84831265.500789851
  ME_ALLOC_S: 0
  ME_READ_S: 0
  ME_READ_L: 0
  ME_WRITE: 0
  ME_LARGE: 0
  ME_LATENCY: 0
  ME_THREADED: 0
  SUMM_CPU: 0
  SUMM_ME: 0
SystemInformation:
  OSName: Ubuntu 18.04.6 LTS
  Kernel: 4.9.337-tegra
  Device: quill
  Processor: ARM Cortex-A57 6 Core 2035 MHz
  NumSockets: 2
  Manufacturer: ARM
  NumCores: 6
  NumLogicals: 6
  CPUFrequency: 2035
  Memory: 7850
Checksum: AFC615CE5B40A6417A30A81494175A39F737F8E2