BaselineInfo:
  WebDBID: -1
  TimeStamp: 20240828114431
Version:
  Major: 11
  Minor: 0
  Build: 1002
  SpecialBuildName: ""
  ptArchitecture: aarch64_linux
Results:
  Results Complete: true
  NumTestProcesses: 6
  CPU_INTEGER_MATH: 6041.0113333333329
  CPU_FLOATINGPOINT_MATH: 1531.2685330874851
  CPU_PRIME: 1.976007225900813
  CPU_SORTING: 1565.4235376318538
  CPU_ENCRYPTION: 157.09829628224603
  CPU_COMPRESSION: 3866.3459052377275
  CPU_SINGLETHREAD: 203.26246520702355
  CPU_PHYSICS: 34.36374099052739
  CPU_MATRIX_MULT_SSE: 360.74254149787293
  CPU_mm: 108.11571909432654
  CPU_sse: 255.48689678885216
  CPU_fma: 465.99818620689371
  CPU_avx: 0
  CPU_avx512: 0
  m_CPU_enc_SHA: 228737935.29189444
  m_CPU_enc_AES: 131701709.34458269
  m_CPU_enc_ECDSA: 133748864.73088008
  ME_ALLOC_S: 0
  ME_READ_S: 0
  ME_READ_L: 0
  ME_WRITE: 0
  ME_LARGE: 0
  ME_LATENCY: 0
  ME_THREADED: 0
  SUMM_CPU: 534.13457941370075
  SUMM_ME: 0
SystemInformation:
  OSName: Ubuntu 18.04.6 LTS
  Kernel: 4.9.337-tegra
  Device: quill
  Processor: ARM Cortex-A57 6 Core 2035 MHz
  NumSockets: 2
  Manufacturer: ARM
  NumCores: 6
  NumLogicals: 6
  CPUFrequency: 2035
  Memory: 7850
Checksum: C56203CA3E651F57172A068B5B531EC7D2BC8DB3