BaselineInfo:
  WebDBID: -1
  TimeStamp: 20240827200940
Version:
  Major: 11
  Minor: 0
  Build: 1002
  SpecialBuildName: ""
  ptArchitecture: aarch64_linux
Results:
  Results Complete: true
  NumTestProcesses: 6
  CPU_INTEGER_MATH: 1868.8619999999999
  CPU_FLOATINGPOINT_MATH: 469.76319460629298
  CPU_PRIME: 1.7212971668352219
  CPU_SORTING: 760.96460581430756
  CPU_ENCRYPTION: 59.339792507843015
  CPU_COMPRESSION: 0
  CPU_SINGLETHREAD: 242.7985284483504
  CPU_PHYSICS: 32.56511809022556
  CPU_MATRIX_MULT_SSE: 109.17643611845804
  CPU_mm: 32.663897401250217
  CPU_sse: 75.226480128355661
  CPU_fma: 143.12639210856042
  CPU_avx: 0
  CPU_avx512: 0
  m_CPU_enc_SHA: 89180459.659518033
  m_CPU_enc_AES: 49207879.12496236
  m_CPU_enc_ECDSA: 48278508.021631576
  ME_ALLOC_S: 0
  ME_READ_S: 0
  ME_READ_L: 0
  ME_WRITE: 0
  ME_LARGE: 0
  ME_LATENCY: 0
  ME_THREADED: 0
  SUMM_CPU: 0
  SUMM_ME: 0
SystemInformation:
  OSName: Ubuntu 18.04.6 LTS
  Kernel: 4.9.337-tegra
  Device: quill
  Processor: ARM Cortex-A57 6 Core 2035 MHz
  NumSockets: 2
  Manufacturer: ARM
  NumCores: 6
  NumLogicals: 6
  CPUFrequency: 2035
  Memory: 7850
Checksum: DF8D3A067FD2A372876A757F47371868901B3F5B