BaselineInfo:
  WebDBID: -1
  TimeStamp: 20240828072231
Version:
  Major: 11
  Minor: 0
  Build: 1002
  SpecialBuildName: ""
  ptArchitecture: aarch64_linux
Results:
  Results Complete: true
  NumTestProcesses: 6
  CPU_INTEGER_MATH: 5125.4900000000007
  CPU_FLOATINGPOINT_MATH: 1368.2160485095062
  CPU_PRIME: 4.5486018317191403
  CPU_SORTING: 2084.5282264785542
  CPU_ENCRYPTION: 143.9950885181884
  CPU_COMPRESSION: 3537.7856219144364
  CPU_SINGLETHREAD: 180.87792577039426
  CPU_PHYSICS: 74.032438520569812
  CPU_MATRIX_MULT_SSE: 304.84861030698124
  CPU_mm: 91.762477785624341
  CPU_sse: 214.83255959820519
  CPU_fma: 394.86466101575724
  CPU_avx: 0
  CPU_avx512: 0
  m_CPU_enc_SHA: 203811887.92796522
  m_CPU_enc_AES: 111734992.39684753
  m_CPU_enc_ECDSA: 137422501.48933095
  ME_ALLOC_S: 0
  ME_READ_S: 0
  ME_READ_L: 0
  ME_WRITE: 0
  ME_LARGE: 0
  ME_LATENCY: 0
  ME_THREADED: 0
  SUMM_CPU: 526.93134054946802
  SUMM_ME: 0
SystemInformation:
  OSName: Ubuntu 18.04.6 LTS
  Kernel: 4.9.337-tegra
  Device: quill
  Processor: ARM Cortex-A57 6 Core 2035 MHz
  NumSockets: 2
  Manufacturer: ARM
  NumCores: 6
  NumLogicals: 6
  CPUFrequency: 2035
  Memory: 7850
Checksum: BDC5DB400F3517F45A1424423D4ECB27FD3B0291