BaselineInfo:
  WebDBID: -1
  TimeStamp: 20240828175113
Version:
  Major: 11
  Minor: 0
  Build: 1002
  SpecialBuildName: ""
  ptArchitecture: aarch64_linux
Results:
  Results Complete: true
  NumTestProcesses: 6
  CPU_INTEGER_MATH: 7927.9546666666665
  CPU_FLOATINGPOINT_MATH: 2069.4187009392836
  CPU_PRIME: 4.035485746573527
  CPU_SORTING: 2614.5240633707972
  CPU_ENCRYPTION: 220.90528775501613
  CPU_COMPRESSION: 5220.4661012789675
  CPU_SINGLETHREAD: 270.67617928681318
  CPU_PHYSICS: 65.838319803721191
  CPU_MATRIX_MULT_SSE: 472.09318438217349
  CPU_mm: 141.25263402912066
  CPU_sse: 332.77925264963244
  CPU_fma: 611.40711611471454
  CPU_avx: 0
  CPU_avx512: 0
  m_CPU_enc_SHA: 323950424.31982476
  m_CPU_enc_AES: 174060792.91937083
  m_CPU_enc_ECDSA: 196896731.79981577
  ME_ALLOC_S: 0
  ME_READ_S: 0
  ME_READ_L: 0
  ME_WRITE: 0
  ME_LARGE: 0
  ME_LATENCY: 0
  ME_THREADED: 0
  SUMM_CPU: 762.39180017945034
  SUMM_ME: 0
SystemInformation:
  OSName: Ubuntu 18.04.6 LTS
  Kernel: 4.9.337-tegra
  Device: quill
  Processor: ARM Cortex-A57 6 Core 2035 MHz
  NumSockets: 2
  Manufacturer: ARM
  NumCores: 6
  NumLogicals: 6
  CPUFrequency: 2035
  Memory: 7850
Checksum: 9E48C7FC8B2A394C7CFAFCE8CF29E5477015EB4D