BaselineInfo:
  WebDBID: -1
  TimeStamp: 20240827222641
Version:
  Major: 11
  Minor: 0
  Build: 1002
  SpecialBuildName: ""
  ptArchitecture: aarch64_linux
Results:
  Results Complete: true
  NumTestProcesses: 6
  CPU_INTEGER_MATH: 1863.9866666666667
  CPU_FLOATINGPOINT_MATH: 464.3548818191033
  CPU_PRIME: 2.0894113962541869
  CPU_SORTING: 846.46460351575763
  CPU_ENCRYPTION: 58.146203940507782
  CPU_COMPRESSION: 0
  CPU_SINGLETHREAD: 233.13796837366263
  CPU_PHYSICS: 39.229473494425072
  CPU_MATRIX_MULT_SSE: 110.19149087218329
  CPU_mm: 33.898857692998732
  CPU_sse: 78.016074188485732
  CPU_fma: 142.36690755588086
  CPU_avx: 0
  CPU_avx512: 0
  m_CPU_enc_SHA: 88009555.496656179
  m_CPU_enc_AES: 49395586.750919558
  m_CPU_enc_ECDSA: 45506999.581789918
  ME_ALLOC_S: 0
  ME_READ_S: 0
  ME_READ_L: 0
  ME_WRITE: 0
  ME_LARGE: 0
  ME_LATENCY: 0
  ME_THREADED: 0
  SUMM_CPU: 0
  SUMM_ME: 0
SystemInformation:
  OSName: Ubuntu 18.04.6 LTS
  Kernel: 4.9.337-tegra
  Device: quill
  Processor: ARM Cortex-A57 6 Core 2035 MHz
  NumSockets: 2
  Manufacturer: ARM
  NumCores: 6
  NumLogicals: 6
  CPUFrequency: 2035
  Memory: 7850
Checksum: 0B10D685816C5CA6A991E142BEA0C7B66723CC01