BaselineInfo:
  WebDBID: -1
  TimeStamp: 20240828194119
Version:
  Major: 11
  Minor: 0
  Build: 1002
  SpecialBuildName: ""
  ptArchitecture: aarch64_linux
Results:
  Results Complete: true
  NumTestProcesses: 6
  CPU_INTEGER_MATH: 8347.2806666666675
  CPU_FLOATINGPOINT_MATH: 1674.7317759933735
  CPU_PRIME: 0.58195300989928278
  CPU_SORTING: 518.0125671173314
  CPU_ENCRYPTION: 189.15075247325964
  CPU_COMPRESSION: 4020.0135351776512
  CPU_SINGLETHREAD: 234.76118134045657
  CPU_PHYSICS: 10.555726910911048
  CPU_MATRIX_MULT_SSE: 505.48964622350888
  CPU_mm: 153.54034919770106
  CPU_sse: 362.05629704769177
  CPU_fma: 648.92299539932606
  CPU_avx: 0
  CPU_avx512: 0
  m_CPU_enc_SHA: 274653537.52830267
  m_CPU_enc_AES: 160638387.61981148
  m_CPU_enc_ECDSA: 159724893.12808788
  ME_ALLOC_S: 0
  ME_READ_S: 0
  ME_READ_L: 0
  ME_WRITE: 0
  ME_LARGE: 0
  ME_LATENCY: 0
  ME_THREADED: 0
  SUMM_CPU: 416.38988690960269
  SUMM_ME: 0
SystemInformation:
  OSName: Ubuntu 18.04.6 LTS
  Kernel: 4.9.337-tegra
  Device: quill
  Processor: ARM Cortex-A57 6 Core 2035 MHz
  NumSockets: 2
  Manufacturer: ARM
  NumCores: 6
  NumLogicals: 6
  CPUFrequency: 2035
  Memory: 7850
Checksum: 76AE679F8ADD9A0B1F405FD435EB9DB38984ED20