BaselineInfo:
  WebDBID: -1
  TimeStamp: 20240828070918
Version:
  Major: 11
  Minor: 0
  Build: 1002
  SpecialBuildName: ""
  ptArchitecture: aarch64_linux
Results:
  Results Complete: true
  NumTestProcesses: 6
  CPU_INTEGER_MATH: 5128.9926666666661
  CPU_FLOATINGPOINT_MATH: 1387.2661748268201
  CPU_PRIME: 4.6700193414634228
  CPU_SORTING: 2140.9958704729388
  CPU_ENCRYPTION: 142.9442349114349
  CPU_COMPRESSION: 3548.0617573805812
  CPU_SINGLETHREAD: 181.23464536304584
  CPU_PHYSICS: 81.977628372604727
  CPU_MATRIX_MULT_SSE: 304.70552463113034
  CPU_mm: 92.081299990581527
  CPU_sse: 213.95657291098362
  CPU_fma: 395.45447635127698
  CPU_avx: 0
  CPU_avx512: 0
  m_CPU_enc_SHA: 210228034.5184651
  m_CPU_enc_AES: 110446725.17765424
  m_CPU_enc_ECDSA: 128988922.50335902
  ME_ALLOC_S: 0
  ME_READ_S: 0
  ME_READ_L: 0
  ME_WRITE: 0
  ME_LARGE: 0
  ME_LATENCY: 0
  ME_THREADED: 0
  SUMM_CPU: 529.34061006731838
  SUMM_ME: 0
SystemInformation:
  OSName: Ubuntu 18.04.6 LTS
  Kernel: 4.9.337-tegra
  Device: quill
  Processor: ARM Cortex-A57 6 Core 2035 MHz
  NumSockets: 2
  Manufacturer: ARM
  NumCores: 6
  NumLogicals: 6
  CPUFrequency: 2035
  Memory: 7850
Checksum: CC2920F1CC80ACF7F8021C3A51D531EDC45243E5