BaselineInfo:
  WebDBID: -1
  TimeStamp: 20240828115532
Version:
  Major: 11
  Minor: 0
  Build: 1002
  SpecialBuildName: ""
  ptArchitecture: aarch64_linux
Results:
  Results Complete: true
  NumTestProcesses: 6
  CPU_INTEGER_MATH: 5703.1933333333336
  CPU_FLOATINGPOINT_MATH: 1107.7035315373735
  CPU_PRIME: 0.57546672000319643
  CPU_SORTING: 540.33895725261971
  CPU_ENCRYPTION: 137.07611119112394
  CPU_COMPRESSION: 2720.188222906645
  CPU_SINGLETHREAD: 170.71941601843554
  CPU_PHYSICS: 10.082730435789754
  CPU_MATRIX_MULT_SSE: 338.14433350063848
  CPU_mm: 105.48655418228977
  CPU_sse: 246.33074228800174
  CPU_fma: 429.9579247132753
  CPU_avx: 0
  CPU_avx512: 0
  m_CPU_enc_SHA: 207347849.56100863
  m_CPU_enc_AES: 115374350.42922089
  m_CPU_enc_ECDSA: 108481961.11480242
  ME_ALLOC_S: 0
  ME_READ_S: 0
  ME_READ_L: 0
  ME_WRITE: 0
  ME_LARGE: 0
  ME_LATENCY: 0
  ME_THREADED: 0
  SUMM_CPU: 333.10273205658387
  SUMM_ME: 0
SystemInformation:
  OSName: Ubuntu 18.04.6 LTS
  Kernel: 4.9.337-tegra
  Device: quill
  Processor: ARM Cortex-A57 6 Core 2035 MHz
  NumSockets: 2
  Manufacturer: ARM
  NumCores: 6
  NumLogicals: 6
  CPUFrequency: 2035
  Memory: 7850
Checksum: 37BE353708DEEDEE310A92FB8BFFEC6945A911AA