BaselineInfo:
  WebDBID: -1
  TimeStamp: 20240828073325
Version:
  Major: 11
  Minor: 0
  Build: 1002
  SpecialBuildName: ""
  ptArchitecture: aarch64_linux
Results:
  Results Complete: true
  NumTestProcesses: 6
  CPU_INTEGER_MATH: 4647.6126666666669
  CPU_FLOATINGPOINT_MATH: 1121.5285150999487
  CPU_PRIME: 0.93901118420989782
  CPU_SORTING: 839.29968896651303
  CPU_ENCRYPTION: 129.71717072446154
  CPU_COMPRESSION: 2864.5227946100849
  CPU_SINGLETHREAD: 157.66828504400883
  CPU_PHYSICS: 16.61325292475864
  CPU_MATRIX_MULT_SSE: 297.73877299532808
  CPU_mm: 88.79582678670117
  CPU_sse: 209.44016102390606
  CPU_fma: 386.03738496675015
  CPU_avx: 0
  CPU_avx512: 0
  m_CPU_enc_SHA: 196054744.41400802
  m_CPU_enc_AES: 105351348.33534755
  m_CPU_enc_ECDSA: 106648843.27936339
  ME_ALLOC_S: 0
  ME_READ_S: 0
  ME_READ_L: 0
  ME_WRITE: 0
  ME_LARGE: 0
  ME_LATENCY: 0
  ME_THREADED: 0
  SUMM_CPU: 378.46374834720643
  SUMM_ME: 0
SystemInformation:
  OSName: Ubuntu 18.04.6 LTS
  Kernel: 4.9.337-tegra
  Device: quill
  Processor: ARM Cortex-A57 6 Core 2035 MHz
  NumSockets: 2
  Manufacturer: ARM
  NumCores: 6
  NumLogicals: 6
  CPUFrequency: 2035
  Memory: 7850
Checksum: 982A16A6DC2E0572B0030A080B7A056A7389036A