BaselineInfo:
  WebDBID: -1
  TimeStamp: 20240828135900
Version:
  Major: 11
  Minor: 0
  Build: 1002
  SpecialBuildName: ""
  ptArchitecture: aarch64_linux
Results:
  Results Complete: true
  NumTestProcesses: 6
  CPU_INTEGER_MATH: 7093.1366666666672
  CPU_FLOATINGPOINT_MATH: 1917.7411406488059
  CPU_PRIME: 6.6576726971097946
  CPU_SORTING: 2925.6188330129517
  CPU_ENCRYPTION: 196.57877458287527
  CPU_COMPRESSION: 5098.9038333108583
  CPU_SINGLETHREAD: 249.16730309608755
  CPU_PHYSICS: 113.02239933423941
  CPU_MATRIX_MULT_SSE: 421.0611999298647
  CPU_mm: 126.45683324630392
  CPU_sse: 297.06897308500447
  CPU_fma: 545.05342677472493
  CPU_avx: 0
  CPU_avx512: 0
  m_CPU_enc_SHA: 291737324.86251706
  m_CPU_enc_AES: 156677927.85083607
  m_CPU_enc_ECDSA: 169968102.69768596
  ME_ALLOC_S: 0
  ME_READ_S: 0
  ME_READ_L: 0
  ME_WRITE: 0
  ME_LARGE: 0
  ME_LATENCY: 0
  ME_THREADED: 0
  SUMM_CPU: 738.70876841243955
  SUMM_ME: 0
SystemInformation:
  OSName: Ubuntu 18.04.6 LTS
  Kernel: 4.9.337-tegra
  Device: quill
  Processor: ARM Cortex-A57 6 Core 2035 MHz
  NumSockets: 2
  Manufacturer: ARM
  NumCores: 6
  NumLogicals: 6
  CPUFrequency: 2035
  Memory: 7850
Checksum: BA037723E77D4CB809EC1BA950D300D32B6D8E5E