BaselineInfo:
  WebDBID: -1
  TimeStamp: 20240828201254
Version:
  Major: 11
  Minor: 0
  Build: 1002
  SpecialBuildName: ""
  ptArchitecture: aarch64_linux
Results:
  Results Complete: true
  NumTestProcesses: 6
  CPU_INTEGER_MATH: 9111.4299999999985
  CPU_FLOATINGPOINT_MATH: 2481.2428576216935
  CPU_PRIME: 8.2855357667159844
  CPU_SORTING: 3786.4311205074814
  CPU_ENCRYPTION: 249.80205801759519
  CPU_COMPRESSION: 6494.5018489690865
  CPU_SINGLETHREAD: 320.3339048680615
  CPU_PHYSICS: 134.09654231504652
  CPU_MATRIX_MULT_SSE: 542.73260876004088
  CPU_mm: 162.3013713012646
  CPU_sse: 382.95540441324647
  CPU_fma: 702.50981310683528
  CPU_avx: 0
  CPU_avx512: 0
  m_CPU_enc_SHA: 370769951.87485957
  m_CPU_enc_AES: 203076514.81203714
  m_CPU_enc_ECDSA: 211962861.67667699
  ME_ALLOC_S: 0
  ME_READ_S: 0
  ME_READ_L: 0
  ME_WRITE: 0
  ME_LARGE: 0
  ME_LATENCY: 0
  ME_THREADED: 0
  SUMM_CPU: 942.51158817298415
  SUMM_ME: 0
SystemInformation:
  OSName: Ubuntu 18.04.6 LTS
  Kernel: 4.9.337-tegra
  Device: quill
  Processor: ARM Cortex-A57 6 Core 2035 MHz
  NumSockets: 2
  Manufacturer: ARM
  NumCores: 6
  NumLogicals: 6
  CPUFrequency: 2035
  Memory: 7850
Checksum: F286DCECFD7B58A5B6FB294B3A463747CF3F84B8