BaselineInfo:
  WebDBID: -1
  TimeStamp: 20240828200109
Version:
  Major: 11
  Minor: 0
  Build: 1002
  SpecialBuildName: ""
  ptArchitecture: aarch64_linux
Results:
  Results Complete: true
  NumTestProcesses: 6
  CPU_INTEGER_MATH: 9101.395333333332
  CPU_FLOATINGPOINT_MATH: 2484.641709992964
  CPU_PRIME: 7.9846498598354207
  CPU_SORTING: 3740.2929823469299
  CPU_ENCRYPTION: 252.83347859677829
  CPU_COMPRESSION: 6520.5027567212255
  CPU_SINGLETHREAD: 320.42455081517267
  CPU_PHYSICS: 134.81887180278548
  CPU_MATRIX_MULT_SSE: 542.8128487044504
  CPU_mm: 162.63475080525936
  CPU_sse: 382.29769987360572
  CPU_fma: 703.32799753529491
  CPU_avx: 0
  CPU_avx512: 0
  m_CPU_enc_SHA: 370328207.50879419
  m_CPU_enc_AES: 201551767.80211747
  m_CPU_enc_ECDSA: 223465377.64837459
  ME_ALLOC_S: 0
  ME_READ_S: 0
  ME_READ_L: 0
  ME_WRITE: 0
  ME_LARGE: 0
  ME_LATENCY: 0
  ME_THREADED: 0
  SUMM_CPU: 945.67156597056737
  SUMM_ME: 0
SystemInformation:
  OSName: Ubuntu 18.04.6 LTS
  Kernel: 4.9.337-tegra
  Device: quill
  Processor: ARM Cortex-A57 6 Core 2035 MHz
  NumSockets: 2
  Manufacturer: ARM
  NumCores: 6
  NumLogicals: 6
  CPUFrequency: 2035
  Memory: 7850
Checksum: A9792B54F43CFAD0CAB7F6F2026E4246885DA1F6