BaselineInfo:
  WebDBID: -1
  TimeStamp: 20240828062434
Version:
  Major: 11
  Minor: 0
  Build: 1002
  SpecialBuildName: ""
  ptArchitecture: aarch64_linux
Results:
  Results Complete: true
  NumTestProcesses: 6
  CPU_INTEGER_MATH: 4133.4306666666671
  CPU_FLOATINGPOINT_MATH: 1103.9355449653417
  CPU_PRIME: 4.0265375507088619
  CPU_SORTING: 1758.0154581719751
  CPU_ENCRYPTION: 117.03958208869089
  CPU_COMPRESSION: 2818.9385867945689
  CPU_SINGLETHREAD: 146.75865027995118
  CPU_PHYSICS: 69.559770228657015
  CPU_MATRIX_MULT_SSE: 246.66829685614277
  CPU_mm: 73.981482443274487
  CPU_sse: 172.85357722846635
  CPU_fma: 320.4830164838192
  CPU_avx: 0
  CPU_avx512: 0
  m_CPU_enc_SHA: 165591181.39258426
  m_CPU_enc_AES: 93320211.95464763
  m_CPU_enc_ECDSA: 109263297.13746154
  ME_ALLOC_S: 0
  ME_READ_S: 0
  ME_READ_L: 0
  ME_WRITE: 0
  ME_LARGE: 0
  ME_LATENCY: 0
  ME_THREADED: 0
  SUMM_CPU: 428.19018234708716
  SUMM_ME: 0
SystemInformation:
  OSName: Ubuntu 18.04.6 LTS
  Kernel: 4.9.337-tegra
  Device: quill
  Processor: ARM Cortex-A57 6 Core 2035 MHz
  NumSockets: 2
  Manufacturer: ARM
  NumCores: 6
  NumLogicals: 6
  CPUFrequency: 2035
  Memory: 7850
Checksum: B50E4E85B440BD1437D8C73853F1961F2A4F921C