BaselineInfo:
  WebDBID: -1
  TimeStamp: 20240828195413
Version:
  Major: 11
  Minor: 0
  Build: 1002
  SpecialBuildName: ""
  ptArchitecture: aarch64_linux
Results:
  Results Complete: true
  NumTestProcesses: 6
  CPU_INTEGER_MATH: 8776.4993333333332
  CPU_FLOATINGPOINT_MATH: 1784.9254548998256
  CPU_PRIME: 0.96434181954962206
  CPU_SORTING: 898.33651464165121
  CPU_ENCRYPTION: 217.74539777323031
  CPU_COMPRESSION: 4839.2310719695424
  CPU_SINGLETHREAD: 256.87009576708891
  CPU_PHYSICS: 17.7868050724169
  CPU_MATRIX_MULT_SSE: 517.10412313508277
  CPU_mm: 156.84835212193462
  CPU_sse: 369.88747809073203
  CPU_fma: 664.32076817943346
  CPU_avx: 0
  CPU_avx512: 0
  m_CPU_enc_SHA: 318740958.59490055
  m_CPU_enc_AES: 178942171.88141528
  m_CPU_enc_ECDSA: 187284664.17007226
  ME_ALLOC_S: 0
  ME_READ_S: 0
  ME_READ_L: 0
  ME_WRITE: 0
  ME_LARGE: 0
  ME_LATENCY: 0
  ME_THREADED: 0
  SUMM_CPU: 553.81800455676466
  SUMM_ME: 0
SystemInformation:
  OSName: Ubuntu 18.04.6 LTS
  Kernel: 4.9.337-tegra
  Device: quill
  Processor: ARM Cortex-A57 6 Core 2035 MHz
  NumSockets: 2
  Manufacturer: ARM
  NumCores: 6
  NumLogicals: 6
  CPUFrequency: 2035
  Memory: 7850
Checksum: 93EBB8E38012DF82AB1F16B6C3A47DA2DC4C5A6C