BaselineInfo:
  WebDBID: -1
  TimeStamp: 20240828103455
Version:
  Major: 11
  Minor: 0
  Build: 1002
  SpecialBuildName: ""
  ptArchitecture: aarch64_linux
Results:
  Results Complete: true
  NumTestProcesses: 6
  CPU_INTEGER_MATH: 5802.6406666666671
  CPU_FLOATINGPOINT_MATH: 1027.3823114662873
  CPU_PRIME: 0.58126586366630162
  CPU_SORTING: 497.34646075178779
  CPU_ENCRYPTION: 137.4562341039927
  CPU_COMPRESSION: 2897.3990145394769
  CPU_SINGLETHREAD: 170.72470651055895
  CPU_PHYSICS: 10.116110345082602
  CPU_MATRIX_MULT_SSE: 339.55220205934825
  CPU_mm: 99.239083013724894
  CPU_sse: 245.41249060440367
  CPU_fma: 433.69191351429282
  CPU_avx: 0
  CPU_avx512: 0
  m_CPU_enc_SHA: 211001791.61549634
  m_CPU_enc_AES: 114161145.61532976
  m_CPU_enc_ECDSA: 107236987.16465867
  ME_ALLOC_S: 0
  ME_READ_S: 0
  ME_READ_L: 0
  ME_WRITE: 0
  ME_LARGE: 0
  ME_LATENCY: 0
  ME_THREADED: 0
  SUMM_CPU: 333.9365243991607
  SUMM_ME: 0
SystemInformation:
  OSName: Ubuntu 18.04.6 LTS
  Kernel: 4.9.337-tegra
  Device: quill
  Processor: ARM Cortex-A57 6 Core 2035 MHz
  NumSockets: 2
  Manufacturer: ARM
  NumCores: 6
  NumLogicals: 6
  CPUFrequency: 2035
  Memory: 7850
Checksum: E16F312C52F7ACAA6CCF91BC55A1AB33CE7654B5