BaselineInfo:
  WebDBID: -1
  TimeStamp: 20240828144359
Version:
  Major: 11
  Minor: 0
  Build: 1002
  SpecialBuildName: ""
  ptArchitecture: aarch64_linux
Results:
  Results Complete: true
  NumTestProcesses: 6
  CPU_INTEGER_MATH: 6911.7080000000005
  CPU_FLOATINGPOINT_MATH: 1535.9435346338907
  CPU_PRIME: 0.96822243145933484
  CPU_SORTING: 869.24925187571989
  CPU_ENCRYPTION: 171.20946782046389
  CPU_COMPRESSION: 3738.5984466472582
  CPU_SINGLETHREAD: 209.81353316951302
  CPU_PHYSICS: 17.177984938488038
  CPU_MATRIX_MULT_SSE: 407.81766026574002
  CPU_mm: 123.31414845217166
  CPU_sse: 290.48727686424473
  CPU_fma: 525.14804366723524
  CPU_avx: 0
  CPU_avx512: 0
  m_CPU_enc_SHA: 248582017.42526829
  m_CPU_enc_AES: 146665124.33066303
  m_CPU_enc_ECDSA: 143331275.03200084
  ME_ALLOC_S: 0
  ME_READ_S: 0
  ME_READ_L: 0
  ME_WRITE: 0
  ME_LARGE: 0
  ME_LATENCY: 0
  ME_THREADED: 0
  SUMM_CPU: 470.34931313614237
  SUMM_ME: 0
SystemInformation:
  OSName: Ubuntu 18.04.6 LTS
  Kernel: 4.9.337-tegra
  Device: quill
  Processor: ARM Cortex-A57 6 Core 2035 MHz
  NumSockets: 2
  Manufacturer: ARM
  NumCores: 6
  NumLogicals: 6
  CPUFrequency: 2035
  Memory: 7850
Checksum: 0DA246329E68594DE277F2FA1D9D05B03F1D6043