BaselineInfo:
  WebDBID: -1
  TimeStamp: 20240828194228
Version:
  Major: 11
  Minor: 0
  Build: 1002
  SpecialBuildName: ""
  ptArchitecture: aarch64_linux
Results:
  Results Complete: true
  NumTestProcesses: 6
  CPU_INTEGER_MATH: 8752.4066666666658
  CPU_FLOATINGPOINT_MATH: 1863.5957046438873
  CPU_PRIME: 0.98209789217317023
  CPU_SORTING: 872.16706422135371
  CPU_ENCRYPTION: 212.81291818310569
  CPU_COMPRESSION: 4575.7393525229527
  CPU_SINGLETHREAD: 255.49515912023998
  CPU_PHYSICS: 17.663561422041344
  CPU_MATRIX_MULT_SSE: 521.07521651041691
  CPU_mm: 158.03826347011878
  CPU_sse: 364.79711753010571
  CPU_fma: 677.35331549072816
  CPU_avx: 0
  CPU_avx512: 0
  m_CPU_enc_SHA: 311265188.13051742
  m_CPU_enc_AES: 177584337.76170662
  m_CPU_enc_ECDSA: 180602029.59808066
  ME_ALLOC_S: 0
  ME_READ_S: 0
  ME_READ_L: 0
  ME_WRITE: 0
  ME_LARGE: 0
  ME_LATENCY: 0
  ME_THREADED: 0
  SUMM_CPU: 545.5711560138227
  SUMM_ME: 0
SystemInformation:
  OSName: Ubuntu 18.04.6 LTS
  Kernel: 4.9.337-tegra
  Device: quill
  Processor: ARM Cortex-A57 6 Core 2035 MHz
  NumSockets: 2
  Manufacturer: ARM
  NumCores: 6
  NumLogicals: 6
  CPUFrequency: 2035
  Memory: 7850
Checksum: 2C3F87C50384BC009590468451FE419D15E0B987