BaselineInfo:
  WebDBID: -1
  TimeStamp: 20240828144501
Version:
  Major: 11
  Minor: 0
  Build: 1002
  SpecialBuildName: ""
  ptArchitecture: aarch64_linux
Results:
  Results Complete: true
  NumTestProcesses: 6
  CPU_INTEGER_MATH: 7019.2020000000002
  CPU_FLOATINGPOINT_MATH: 1735.9683068489903
  CPU_PRIME: 2.0237979152142036
  CPU_SORTING: 1678.8910317624759
  CPU_ENCRYPTION: 188.84010572139712
  CPU_COMPRESSION: 4455.1311314439135
  CPU_SINGLETHREAD: 232.87207131343044
  CPU_PHYSICS: 36.262036650504285
  CPU_MATRIX_MULT_SSE: 413.3322360848594
  CPU_mm: 126.081968408116
  CPU_sse: 292.93161235525656
  CPU_fma: 533.73285981446236
  CPU_avx: 0
  CPU_avx512: 0
  m_CPU_enc_SHA: 285578773.05391705
  m_CPU_enc_AES: 146280651.26970789
  m_CPU_enc_ECDSA: 162180183.76713431
  ME_ALLOC_S: 0
  ME_READ_S: 0
  ME_READ_L: 0
  ME_WRITE: 0
  ME_LARGE: 0
  ME_LATENCY: 0
  ME_THREADED: 0
  SUMM_CPU: 610.18002865070821
  SUMM_ME: 0
SystemInformation:
  OSName: Ubuntu 18.04.6 LTS
  Kernel: 4.9.337-tegra
  Device: quill
  Processor: ARM Cortex-A57 6 Core 2035 MHz
  NumSockets: 2
  Manufacturer: ARM
  NumCores: 6
  NumLogicals: 6
  CPUFrequency: 2035
  Memory: 7850
Checksum: 5351435C39AA543AAD1A721E5F9E2F28E359E08C