BaselineInfo:
  WebDBID: -1
  TimeStamp: 20240828161548
Version:
  Major: 11
  Minor: 0
  Build: 1002
  SpecialBuildName: ""
  ptArchitecture: aarch64_linux
Results:
  Results Complete: true
  NumTestProcesses: 6
  CPU_INTEGER_MATH: 7921.2333333333336
  CPU_FLOATINGPOINT_MATH: 2136.3398556504471
  CPU_PRIME: 6.4307936290644871
  CPU_SORTING: 3211.8313267947415
  CPU_ENCRYPTION: 221.70617920454544
  CPU_COMPRESSION: 5604.5905562527241
  CPU_SINGLETHREAD: 276.76065286662879
  CPU_PHYSICS: 108.38108227288848
  CPU_MATRIX_MULT_SSE: 472.14332891171858
  CPU_mm: 141.48163444869272
  CPU_sse: 332.07234884169935
  CPU_fma: 612.21430898173776
  CPU_avx: 0
  CPU_avx512: 0
  m_CPU_enc_SHA: 324609099.30161768
  m_CPU_enc_AES: 175929351.48665479
  m_CPU_enc_ECDSA: 196888884.90848395
  ME_ALLOC_S: 0
  ME_READ_S: 0
  ME_READ_L: 0
  ME_WRITE: 0
  ME_LARGE: 0
  ME_LATENCY: 0
  ME_THREADED: 0
  SUMM_CPU: 816.62315800613226
  SUMM_ME: 0
SystemInformation:
  OSName: Ubuntu 18.04.6 LTS
  Kernel: 4.9.337-tegra
  Device: quill
  Processor: ARM Cortex-A57 6 Core 2035 MHz
  NumSockets: 2
  Manufacturer: ARM
  NumCores: 6
  NumLogicals: 6
  CPUFrequency: 2035
  Memory: 7850
Checksum: D072DC49C2644AB4E7E1AAEB8948E128A3421F03