BaselineInfo:
  WebDBID: -1
  TimeStamp: 20240828051908
Version:
  Major: 11
  Minor: 0
  Build: 1002
  SpecialBuildName: ""
  ptArchitecture: aarch64_linux
Results:
  Results Complete: true
  NumTestProcesses: 6
  CPU_INTEGER_MATH: 4097.9306666666671
  CPU_FLOATINGPOINT_MATH: 1007.8202330521007
  CPU_PRIME: 1.7877437433957617
  CPU_SORTING: 1310.7457748109359
  CPU_ENCRYPTION: 111.31043307759477
  CPU_COMPRESSION: 2612.253520799432
  CPU_SINGLETHREAD: 140.1781338173854
  CPU_PHYSICS: 30.689404744087351
  CPU_MATRIX_MULT_SSE: 242.47676086182082
  CPU_mm: 73.144196481193063
  CPU_sse: 168.95795956292932
  CPU_fma: 315.99556216071232
  CPU_avx: 0
  CPU_avx512: 0
  m_CPU_enc_SHA: 163253164.28793254
  m_CPU_enc_AES: 90713880.190238461
  m_CPU_enc_ECDSA: 96185301.546144962
  ME_ALLOC_S: 0
  ME_READ_S: 0
  ME_READ_L: 0
  ME_WRITE: 0
  ME_LARGE: 0
  ME_LATENCY: 0
  ME_THREADED: 0
  SUMM_CPU: 380.36104442112372
  SUMM_ME: 0
SystemInformation:
  OSName: Ubuntu 18.04.6 LTS
  Kernel: 4.9.337-tegra
  Device: quill
  Processor: ARM Cortex-A57 6 Core 2035 MHz
  NumSockets: 2
  Manufacturer: ARM
  NumCores: 6
  NumLogicals: 6
  CPUFrequency: 2035
  Memory: 7850
Checksum: 5C235ABA8FDA03471BE956BF0307148FC6D5D019