BaselineInfo:
  WebDBID: -1
  TimeStamp: 20240827205024
Version:
  Major: 11
  Minor: 0
  Build: 1002
  SpecialBuildName: ""
  ptArchitecture: aarch64_linux
Results:
  Results Complete: true
  NumTestProcesses: 6
  CPU_INTEGER_MATH: 1827.7293333333334
  CPU_FLOATINGPOINT_MATH: 483.73601047477877
  CPU_PRIME: 2.0609579814980297
  CPU_SORTING: 774.72430397006519
  CPU_ENCRYPTION: 61.192372075084663
  CPU_COMPRESSION: 0
  CPU_SINGLETHREAD: 233.05787538074216
  CPU_PHYSICS: 39.08117516293995
  CPU_MATRIX_MULT_SSE: 111.05119723773927
  CPU_mm: 33.340753447019992
  CPU_sse: 77.173496674929737
  CPU_fma: 144.92889780054881
  CPU_avx: 0
  CPU_avx512: 0
  m_CPU_enc_SHA: 89940995.781211272
  m_CPU_enc_AES: 48543042.877180912
  m_CPU_enc_ECDSA: 54010519.564619757
  ME_ALLOC_S: 0
  ME_READ_S: 0
  ME_READ_L: 0
  ME_WRITE: 0
  ME_LARGE: 0
  ME_LATENCY: 0
  ME_THREADED: 0
  SUMM_CPU: 0
  SUMM_ME: 0
SystemInformation:
  OSName: Ubuntu 18.04.6 LTS
  Kernel: 4.9.337-tegra
  Device: quill
  Processor: ARM Cortex-A57 6 Core 2035 MHz
  NumSockets: 2
  Manufacturer: ARM
  NumCores: 6
  NumLogicals: 6
  CPUFrequency: 2035
  Memory: 7850
Checksum: 53ADBFAA01E673AFF0C3B74C667027AF9BCCF4CC