BaselineInfo:
  WebDBID: -1
  TimeStamp: 20240828133238
Version:
  Major: 11
  Minor: 0
  Build: 1002
  SpecialBuildName: ""
  ptArchitecture: aarch64_linux
Results:
  Results Complete: true
  NumTestProcesses: 6
  CPU_INTEGER_MATH: 7094.5566666666664
  CPU_FLOATINGPOINT_MATH: 1920.0333681199224
  CPU_PRIME: 6.0320245499259855
  CPU_SORTING: 2879.7029791721893
  CPU_ENCRYPTION: 194.34306179083183
  CPU_COMPRESSION: 4984.9370771591111
  CPU_SINGLETHREAD: 249.95046207287285
  CPU_PHYSICS: 103.44374514565328
  CPU_MATRIX_MULT_SSE: 424.12955892830257
  CPU_mm: 126.39513407706313
  CPU_sse: 299.79363009982882
  CPU_fma: 548.46548775677604
  CPU_avx: 0
  CPU_avx512: 0
  m_CPU_enc_SHA: 287357835.12530982
  m_CPU_enc_AES: 153513883.91232228
  m_CPU_enc_ECDSA: 170478692.04351783
  ME_ALLOC_S: 0
  ME_READ_S: 0
  ME_READ_L: 0
  ME_WRITE: 0
  ME_LARGE: 0
  ME_LATENCY: 0
  ME_THREADED: 0
  SUMM_CPU: 728.57020640381086
  SUMM_ME: 0
SystemInformation:
  OSName: Ubuntu 18.04.6 LTS
  Kernel: 4.9.337-tegra
  Device: quill
  Processor: ARM Cortex-A57 6 Core 2035 MHz
  NumSockets: 2
  Manufacturer: ARM
  NumCores: 6
  NumLogicals: 6
  CPUFrequency: 2035
  Memory: 7850
Checksum: 18FE464E499498455BB611C3784C26A6A45924B5