BaselineInfo:
  WebDBID: -1
  TimeStamp: 20240828183449
Version:
  Major: 11
  Minor: 0
  Build: 1002
  SpecialBuildName: ""
  ptArchitecture: aarch64_linux
Results:
  Results Complete: true
  NumTestProcesses: 6
  CPU_INTEGER_MATH: 9091.3133333333335
  CPU_FLOATINGPOINT_MATH: 2476.7159652056753
  CPU_PRIME: 7.8251000803586965
  CPU_SORTING: 3789.8646540088539
  CPU_ENCRYPTION: 247.50381032490895
  CPU_COMPRESSION: 6495.0878272513773
  CPU_SINGLETHREAD: 317.31189087833656
  CPU_PHYSICS: 128.58644147715344
  CPU_MATRIX_MULT_SSE: 542.92632576516189
  CPU_mm: 162.10252413545018
  CPU_sse: 379.73713125887571
  CPU_fma: 706.11552027144819
  CPU_avx: 0
  CPU_avx512: 0
  m_CPU_enc_SHA: 376025451.75263536
  m_CPU_enc_AES: 194100858.91475567
  m_CPU_enc_ECDSA: 208453355.57836413
  ME_ALLOC_S: 0
  ME_READ_S: 0
  ME_READ_L: 0
  ME_WRITE: 0
  ME_LARGE: 0
  ME_LATENCY: 0
  ME_THREADED: 0
  SUMM_CPU: 936.99041729057376
  SUMM_ME: 0
SystemInformation:
  OSName: Ubuntu 18.04.6 LTS
  Kernel: 4.9.337-tegra
  Device: quill
  Processor: ARM Cortex-A57 6 Core 2035 MHz
  NumSockets: 2
  Manufacturer: ARM
  NumCores: 6
  NumLogicals: 6
  CPUFrequency: 2035
  Memory: 7850
Checksum: 7B1B9EA09CB0B846D9AD70C7704E0DB002FE0CB1