BaselineInfo:
  WebDBID: -1
  TimeStamp: 20240828195837
Version:
  Major: 11
  Minor: 0
  Build: 1002
  SpecialBuildName: ""
  ptArchitecture: aarch64_linux
Results:
  Results Complete: true
  NumTestProcesses: 6
  CPU_INTEGER_MATH: 9093.7273333333324
  CPU_FLOATINGPOINT_MATH: 2466.6308048511864
  CPU_PRIME: 6.9069774015567154
  CPU_SORTING: 3623.1391002905948
  CPU_ENCRYPTION: 252.47907967502888
  CPU_COMPRESSION: 6573.6409093187231
  CPU_SINGLETHREAD: 316.19111321332366
  CPU_PHYSICS: 113.008593692023
  CPU_MATRIX_MULT_SSE: 541.06011372782791
  CPU_mm: 162.54482959428245
  CPU_sse: 379.98898126445437
  CPU_fma: 702.13124619120151
  CPU_avx: 0
  CPU_avx512: 0
  m_CPU_enc_SHA: 374222948.13619667
  m_CPU_enc_AES: 198855475.83096859
  m_CPU_enc_ECDSA: 221152086.38080406
  ME_ALLOC_S: 0
  ME_READ_S: 0
  ME_READ_L: 0
  ME_WRITE: 0
  ME_LARGE: 0
  ME_LATENCY: 0
  ME_THREADED: 0
  SUMM_CPU: 935.71634043174242
  SUMM_ME: 0
SystemInformation:
  OSName: Ubuntu 18.04.6 LTS
  Kernel: 4.9.337-tegra
  Device: quill
  Processor: ARM Cortex-A57 6 Core 2035 MHz
  NumSockets: 2
  Manufacturer: ARM
  NumCores: 6
  NumLogicals: 6
  CPUFrequency: 2035
  Memory: 7850
Checksum: 275B9334BDDCA153EB122AF63423C57782575B7F