BaselineInfo:
  WebDBID: -1
  TimeStamp: 20240828162215
Version:
  Major: 11
  Minor: 0
  Build: 1002
  SpecialBuildName: ""
  ptArchitecture: aarch64_linux
Results:
  Results Complete: true
  NumTestProcesses: 6
  CPU_INTEGER_MATH: 7478.0986666666668
  CPU_FLOATINGPOINT_MATH: 1431.1638659991552
  CPU_PRIME: 0.57658687661413588
  CPU_SORTING: 512.26998135516408
  CPU_ENCRYPTION: 170.68536201066104
  CPU_COMPRESSION: 3545.6508183430419
  CPU_SINGLETHREAD: 206.19220411721105
  CPU_PHYSICS: 10.823255750850418
  CPU_MATRIX_MULT_SSE: 435.50450891424595
  CPU_mm: 135.11607724913449
  CPU_sse: 314.51089962191958
  CPU_fma: 556.49811820657237
  CPU_avx: 0
  CPU_avx512: 0
  m_CPU_enc_SHA: 256440098.80843639
  m_CPU_enc_AES: 142226368.35557345
  m_CPU_enc_ECDSA: 138263255.30306292
  ME_ALLOC_S: 0
  ME_READ_S: 0
  ME_READ_L: 0
  ME_WRITE: 0
  ME_LARGE: 0
  ME_LATENCY: 0
  ME_THREADED: 0
  SUMM_CPU: 388.20613983644665
  SUMM_ME: 0
SystemInformation:
  OSName: Ubuntu 18.04.6 LTS
  Kernel: 4.9.337-tegra
  Device: quill
  Processor: ARM Cortex-A57 6 Core 2035 MHz
  NumSockets: 2
  Manufacturer: ARM
  NumCores: 6
  NumLogicals: 6
  CPUFrequency: 2035
  Memory: 7850
Checksum: EC9EC48D8E8AB8C7809531A8BEF74AC841FCFF14