BaselineInfo:
  WebDBID: -1
  TimeStamp: 20240828073542
Version:
  Major: 11
  Minor: 0
  Build: 1002
  SpecialBuildName: ""
  ptArchitecture: aarch64_linux
Results:
  Results Complete: true
  NumTestProcesses: 6
  CPU_INTEGER_MATH: 5101.8233333333328
  CPU_FLOATINGPOINT_MATH: 1355.234720265792
  CPU_PRIME: 3.3796663292610378
  CPU_SORTING: 1959.3336805439696
  CPU_ENCRYPTION: 140.31782168014706
  CPU_COMPRESSION: 3504.1153563018961
  CPU_SINGLETHREAD: 179.25861748330561
  CPU_PHYSICS: 59.468126331939651
  CPU_MATRIX_MULT_SSE: 304.58638677707836
  CPU_mm: 91.341341008534059
  CPU_sse: 213.41375878177934
  CPU_fma: 395.75901477237733
  CPU_avx: 0
  CPU_avx512: 0
  m_CPU_enc_SHA: 210530499.3930482
  m_CPU_enc_AES: 114760251.08404551
  m_CPU_enc_ECDSA: 116110950.08115196
  ME_ALLOC_S: 0
  ME_READ_S: 0
  ME_READ_L: 0
  ME_WRITE: 0
  ME_LARGE: 0
  ME_LATENCY: 0
  ME_THREADED: 0
  SUMM_CPU: 511.4763073471367
  SUMM_ME: 0
SystemInformation:
  OSName: Ubuntu 18.04.6 LTS
  Kernel: 4.9.337-tegra
  Device: quill
  Processor: ARM Cortex-A57 6 Core 2035 MHz
  NumSockets: 2
  Manufacturer: ARM
  NumCores: 6
  NumLogicals: 6
  CPUFrequency: 2035
  Memory: 7850
Checksum: 9B863E0965DBBEBAF3CC1AA1E766A250CF5F1723