BaselineInfo:
  WebDBID: -1
  TimeStamp: 20240827204540
Version:
  Major: 11
  Minor: 0
  Build: 1002
  SpecialBuildName: ""
  ptArchitecture: aarch64_linux
Results:
  Results Complete: true
  NumTestProcesses: 6
  CPU_INTEGER_MATH: 1790.9039999999998
  CPU_FLOATINGPOINT_MATH: 397.09189227428129
  CPU_PRIME: 0.81103769456914554
  CPU_SORTING: 613.00629706338384
  CPU_ENCRYPTION: 55.692190657393425
  CPU_COMPRESSION: 0
  CPU_SINGLETHREAD: 200.19811369257559
  CPU_PHYSICS: 12.708256178718365
  CPU_MATRIX_MULT_SSE: 107.29371316891512
  CPU_mm: 32.784294207905035
  CPU_sse: 74.840610534926171
  CPU_fma: 139.74681580290405
  CPU_avx: 0
  CPU_avx512: 0
  m_CPU_enc_SHA: 83239916.051052943
  m_CPU_enc_AES: 44926004.049352385
  m_CPU_enc_ECDSA: 47026563.431895562
  ME_ALLOC_S: 0
  ME_READ_S: 0
  ME_READ_L: 0
  ME_WRITE: 0
  ME_LARGE: 0
  ME_LATENCY: 0
  ME_THREADED: 0
  SUMM_CPU: 0
  SUMM_ME: 0
SystemInformation:
  OSName: Ubuntu 18.04.6 LTS
  Kernel: 4.9.337-tegra
  Device: quill
  Processor: ARM Cortex-A57 6 Core 2035 MHz
  NumSockets: 2
  Manufacturer: ARM
  NumCores: 6
  NumLogicals: 6
  CPUFrequency: 2035
  Memory: 7850
Checksum: E29DA4BFDB0535604159102347791DDCEE9C59FC