BaselineInfo:
  WebDBID: -1
  TimeStamp: 20240828202118
Version:
  Major: 11
  Minor: 0
  Build: 1002
  SpecialBuildName: ""
  ptArchitecture: aarch64_linux
Results:
  Results Complete: true
  NumTestProcesses: 6
  CPU_INTEGER_MATH: 9084.6393333333344
  CPU_FLOATINGPOINT_MATH: 2443.7447768306783
  CPU_PRIME: 5.9370164976441533
  CPU_SORTING: 3413.6771946272352
  CPU_ENCRYPTION: 253.31007132125927
  CPU_COMPRESSION: 6510.6438872361832
  CPU_SINGLETHREAD: 314.84147136121322
  CPU_PHYSICS: 101.00475352540194
  CPU_MATRIX_MULT_SSE: 540.4935437547623
  CPU_mm: 162.99446828783695
  CPU_sse: 377.72602960385063
  CPU_fma: 703.26105790567408
  CPU_avx: 0
  CPU_avx512: 0
  m_CPU_enc_SHA: 376482109.03703749
  m_CPU_enc_AES: 199884328.731011
  m_CPU_enc_ECDSA: 220478146.2692337
  ME_ALLOC_S: 0
  ME_READ_S: 0
  ME_READ_L: 0
  ME_WRITE: 0
  ME_LARGE: 0
  ME_LATENCY: 0
  ME_THREADED: 0
  SUMM_CPU: 922.38532707351862
  SUMM_ME: 0
SystemInformation:
  OSName: Ubuntu 18.04.6 LTS
  Kernel: 4.9.337-tegra
  Device: quill
  Processor: ARM Cortex-A57 6 Core 2035 MHz
  NumSockets: 2
  Manufacturer: ARM
  NumCores: 6
  NumLogicals: 6
  CPUFrequency: 2035
  Memory: 7850
Checksum: AD10E43B1CDC5D8F1F77809170EAC9CD0D629911