BaselineInfo:
  WebDBID: -1
  TimeStamp: 20240828022958
Version:
  Major: 11
  Minor: 0
  Build: 1002
  SpecialBuildName: ""
  ptArchitecture: aarch64_linux
Results:
  Results Complete: true
  NumTestProcesses: 6
  CPU_INTEGER_MATH: 3145.7733333333335
  CPU_FLOATINGPOINT_MATH: 847.89689937390233
  CPU_PRIME: 4.0777780561426598
  CPU_SORTING: 1376.8342557539493
  CPU_ENCRYPTION: 86.481319954169223
  CPU_COMPRESSION: 2147.7521066550225
  CPU_SINGLETHREAD: 114.43907603423206
  CPU_PHYSICS: 72.778202777228103
  CPU_MATRIX_MULT_SSE: 185.65683916960128
  CPU_mm: 56.054746132332461
  CPU_sse: 132.6117639927802
  CPU_fma: 238.70191434642237
  CPU_avx: 0
  CPU_avx512: 0
  m_CPU_enc_SHA: 123808919.44738883
  m_CPU_enc_AES: 71419651.385566235
  m_CPU_enc_ECDSA: 76818138.823833793
  ME_ALLOC_S: 0
  ME_READ_S: 0
  ME_READ_L: 0
  ME_WRITE: 0
  ME_LARGE: 0
  ME_LATENCY: 0
  ME_THREADED: 0
  SUMM_CPU: 327.69595553360665
  SUMM_ME: 0
SystemInformation:
  OSName: Ubuntu 18.04.6 LTS
  Kernel: 4.9.337-tegra
  Device: quill
  Processor: ARM Cortex-A57 6 Core 2035 MHz
  NumSockets: 2
  Manufacturer: ARM
  NumCores: 6
  NumLogicals: 6
  CPUFrequency: 2035
  Memory: 7850
Checksum: 956AF63B52234F050150FCAAF8550B2985C2A9BE