BaselineInfo:
  WebDBID: -1
  TimeStamp: 20240828180701
Version:
  Major: 11
  Minor: 0
  Build: 1002
  SpecialBuildName: ""
  ptArchitecture: aarch64_linux
Results:
  Results Complete: true
  NumTestProcesses: 6
  CPU_INTEGER_MATH: 9015.0593333333345
  CPU_FLOATINGPOINT_MATH: 2370.4425116775947
  CPU_PRIME: 4.1735600908216748
  CPU_SORTING: 2776.9716496034953
  CPU_ENCRYPTION: 247.70059387635797
  CPU_COMPRESSION: 5989.0297662854719
  CPU_SINGLETHREAD: 307.04360077217649
  CPU_PHYSICS: 66.928975655370422
  CPU_MATRIX_MULT_SSE: 531.87017119724021
  CPU_mm: 161.10220632346451
  CPU_sse: 379.7724363499957
  CPU_fma: 683.96790604448483
  CPU_avx: 0
  CPU_avx512: 0
  m_CPU_enc_SHA: 357123757.47691941
  m_CPU_enc_AES: 198874122.38688755
  m_CPU_enc_ECDSA: 223200813.90968087
  ME_ALLOC_S: 0
  ME_READ_S: 0
  ME_READ_L: 0
  ME_WRITE: 0
  ME_LARGE: 0
  ME_LATENCY: 0
  ME_THREADED: 0
  SUMM_CPU: 854.09719410822913
  SUMM_ME: 0
SystemInformation:
  OSName: Ubuntu 18.04.6 LTS
  Kernel: 4.9.337-tegra
  Device: quill
  Processor: ARM Cortex-A57 6 Core 2035 MHz
  NumSockets: 2
  Manufacturer: ARM
  NumCores: 6
  NumLogicals: 6
  CPUFrequency: 2035
  Memory: 7850
Checksum: 0732466F0BAC364CE3EDE296418360ECEC20A657