BaselineInfo:
  WebDBID: -1
  TimeStamp: 20240828093154
Version:
  Major: 11
  Minor: 0
  Build: 1002
  SpecialBuildName: ""
  ptArchitecture: aarch64_linux
Results:
  Results Complete: true
  NumTestProcesses: 6
  CPU_INTEGER_MATH: 5105.8940000000002
  CPU_FLOATINGPOINT_MATH: 1379.1250735166436
  CPU_PRIME: 4.4400616062964309
  CPU_SORTING: 2107.8610108504486
  CPU_ENCRYPTION: 144.04064754619961
  CPU_COMPRESSION: 3496.8877950465057
  CPU_SINGLETHREAD: 181.03501070162545
  CPU_PHYSICS: 75.787309836381581
  CPU_MATRIX_MULT_SSE: 304.53827947186608
  CPU_mm: 87.927475359844351
  CPU_sse: 215.61288716678465
  CPU_fma: 393.46367177694754
  CPU_avx: 0
  CPU_avx512: 0
  m_CPU_enc_SHA: 215444425.92467141
  m_CPU_enc_AES: 110626139.43473604
  m_CPU_enc_ECDSA: 127042132.76480395
  ME_ALLOC_S: 0
  ME_READ_S: 0
  ME_READ_L: 0
  ME_WRITE: 0
  ME_LARGE: 0
  ME_LATENCY: 0
  ME_THREADED: 0
  SUMM_CPU: 525.69590721552959
  SUMM_ME: 0
SystemInformation:
  OSName: Ubuntu 18.04.6 LTS
  Kernel: 4.9.337-tegra
  Device: quill
  Processor: ARM Cortex-A57 6 Core 2035 MHz
  NumSockets: 2
  Manufacturer: ARM
  NumCores: 6
  NumLogicals: 6
  CPUFrequency: 2035
  Memory: 7850
Checksum: D0D0086CB89D90710E187322806FEE1AD42A84DA