BaselineInfo:
  WebDBID: -1
  TimeStamp: 20240828113805
Version:
  Major: 11
  Minor: 0
  Build: 1002
  SpecialBuildName: ""
  ptArchitecture: aarch64_linux
Results:
  Results Complete: true
  NumTestProcesses: 6
  CPU_INTEGER_MATH: 6133.0273333333325
  CPU_FLOATINGPOINT_MATH: 1680.180975112871
  CPU_PRIME: 6.5292386810587502
  CPU_SORTING: 2590.9048059637294
  CPU_ENCRYPTION: 168.23118266475018
  CPU_COMPRESSION: 4301.0775707289768
  CPU_SINGLETHREAD: 217.62254062519972
  CPU_PHYSICS: 113.96104411872196
  CPU_MATRIX_MULT_SSE: 365.63421019783141
  CPU_mm: 100.92830316188154
  CPU_sse: 257.62845685675472
  CPU_fma: 473.63996353890809
  CPU_avx: 0
  CPU_avx512: 0
  m_CPU_enc_SHA: 248626143.75553441
  m_CPU_enc_AES: 136839355.37527677
  m_CPU_enc_ECDSA: 143744042.65080807
  ME_ALLOC_S: 0
  ME_READ_S: 0
  ME_READ_L: 0
  ME_WRITE: 0
  ME_LARGE: 0
  ME_LATENCY: 0
  ME_THREADED: 0
  SUMM_CPU: 638.64995308977245
  SUMM_ME: 0
SystemInformation:
  OSName: Ubuntu 18.04.6 LTS
  Kernel: 4.9.337-tegra
  Device: quill
  Processor: ARM Cortex-A57 6 Core 2035 MHz
  NumSockets: 2
  Manufacturer: ARM
  NumCores: 6
  NumLogicals: 6
  CPUFrequency: 2035
  Memory: 7850
Checksum: B02DD813FF1C6AF333D43945A09237F19B6157A5