BaselineInfo:
  WebDBID: -1
  TimeStamp: 20240828095444
Version:
  Major: 11
  Minor: 0
  Build: 1002
  SpecialBuildName: ""
  ptArchitecture: aarch64_linux
Results:
  Results Complete: true
  NumTestProcesses: 6
  CPU_INTEGER_MATH: 5781.0093333333334
  CPU_FLOATINGPOINT_MATH: 1116.8285911948112
  CPU_PRIME: 0.58991623639289392
  CPU_SORTING: 516.59491662907203
  CPU_ENCRYPTION: 136.66895204896599
  CPU_COMPRESSION: 2909.4294480480257
  CPU_SINGLETHREAD: 169.66530581996147
  CPU_PHYSICS: 10.405004828574549
  CPU_MATRIX_MULT_SSE: 338.84280567592867
  CPU_mm: 105.2271596946166
  CPU_sse: 245.57202039391902
  CPU_fma: 432.1135909579383
  CPU_avx: 0
  CPU_avx512: 0
  m_CPU_enc_SHA: 212535232.54363066
  m_CPU_enc_AES: 114754434.80329555
  m_CPU_enc_ECDSA: 102633681.84416346
  ME_ALLOC_S: 0
  ME_READ_S: 0
  ME_READ_L: 0
  ME_WRITE: 0
  ME_LARGE: 0
  ME_LATENCY: 0
  ME_THREADED: 0
  SUMM_CPU: 339.20427621133109
  SUMM_ME: 0
SystemInformation:
  OSName: Ubuntu 18.04.6 LTS
  Kernel: 4.9.337-tegra
  Device: quill
  Processor: ARM Cortex-A57 6 Core 2035 MHz
  NumSockets: 2
  Manufacturer: ARM
  NumCores: 6
  NumLogicals: 6
  CPUFrequency: 2035
  Memory: 7850
Checksum: 125D2CB9E1AE810CCEFFE1A54FD5154C36FD1C5B