BaselineInfo:
  WebDBID: -1
  TimeStamp: 20240828134329
Version:
  Major: 11
  Minor: 0
  Build: 1002
  SpecialBuildName: ""
  ptArchitecture: aarch64_linux
Results:
  Results Complete: true
  NumTestProcesses: 6
  CPU_INTEGER_MATH: 7079.2206666666661
  CPU_FLOATINGPOINT_MATH: 1894.1233804777928
  CPU_PRIME: 4.9648743669821185
  CPU_SORTING: 2798.5429724136552
  CPU_ENCRYPTION: 196.05012258276361
  CPU_COMPRESSION: 5088.3254438528438
  CPU_SINGLETHREAD: 245.79085537532885
  CPU_PHYSICS: 85.178523795485731
  CPU_MATRIX_MULT_SSE: 420.37811214850359
  CPU_mm: 126.11657031551577
  CPU_sse: 296.43748896751265
  CPU_fma: 544.31873532949453
  CPU_avx: 0
  CPU_avx512: 0
  m_CPU_enc_SHA: 288006777.31843126
  m_CPU_enc_AES: 152295793.18938202
  m_CPU_enc_ECDSA: 176417789.50421849
  ME_ALLOC_S: 0
  ME_READ_S: 0
  ME_READ_L: 0
  ME_WRITE: 0
  ME_LARGE: 0
  ME_LATENCY: 0
  ME_THREADED: 0
  SUMM_CPU: 722.73738397639534
  SUMM_ME: 0
SystemInformation:
  OSName: Ubuntu 18.04.6 LTS
  Kernel: 4.9.337-tegra
  Device: quill
  Processor: ARM Cortex-A57 6 Core 2035 MHz
  NumSockets: 2
  Manufacturer: ARM
  NumCores: 6
  NumLogicals: 6
  CPUFrequency: 2035
  Memory: 7850
Checksum: 49A1DF4BE467E1BF6ADD5469E7B631FB69ECEE7E