BaselineInfo:
  WebDBID: -1
  TimeStamp: 20240828150031
Version:
  Major: 11
  Minor: 0
  Build: 1002
  SpecialBuildName: ""
  ptArchitecture: aarch64_linux
Results:
  Results Complete: true
  NumTestProcesses: 6
  CPU_INTEGER_MATH: 7107.5733333333328
  CPU_FLOATINGPOINT_MATH: 1900.259684943381
  CPU_PRIME: 5.4020438651667133
  CPU_SORTING: 2909.6891647501193
  CPU_ENCRYPTION: 196.8484371348874
  CPU_COMPRESSION: 5225.2315826243621
  CPU_SINGLETHREAD: 248.70688359865864
  CPU_PHYSICS: 94.918091100771804
  CPU_MATRIX_MULT_SSE: 424.58287088144016
  CPU_mm: 127.36955833040572
  CPU_sse: 298.93272464900338
  CPU_fma: 550.23301711387694
  CPU_avx: 0
  CPU_avx512: 0
  m_CPU_enc_SHA: 287934292.73609048
  m_CPU_enc_AES: 160981943.66749382
  m_CPU_enc_ECDSA: 170315404.04787078
  ME_ALLOC_S: 0
  ME_READ_S: 0
  ME_READ_L: 0
  ME_WRITE: 0
  ME_LARGE: 0
  ME_LATENCY: 0
  ME_THREADED: 0
  SUMM_CPU: 736.32351089128258
  SUMM_ME: 0
SystemInformation:
  OSName: Ubuntu 18.04.6 LTS
  Kernel: 4.9.337-tegra
  Device: quill
  Processor: ARM Cortex-A57 6 Core 2035 MHz
  NumSockets: 2
  Manufacturer: ARM
  NumCores: 6
  NumLogicals: 6
  CPUFrequency: 2035
  Memory: 7850
Checksum: 933DF299D5215700C8E818F6C1FD4AD38F2BABA7