BaselineInfo:
  WebDBID: -1
  TimeStamp: 20240828065135
Version:
  Major: 11
  Minor: 0
  Build: 1002
  SpecialBuildName: ""
  ptArchitecture: aarch64_linux
Results:
  Results Complete: true
  NumTestProcesses: 6
  CPU_INTEGER_MATH: 5066.0393333333341
  CPU_FLOATINGPOINT_MATH: 1270.4600828599484
  CPU_PRIME: 1.9542716117009384
  CPU_SORTING: 1470.2871177231546
  CPU_ENCRYPTION: 134.70161353282387
  CPU_COMPRESSION: 3210.6108769283001
  CPU_SINGLETHREAD: 171.46088243117063
  CPU_PHYSICS: 34.467716047745014
  CPU_MATRIX_MULT_SSE: 301.74370171040385
  CPU_mm: 90.831592723255085
  CPU_sse: 211.246233525241
  CPU_fma: 392.24116989556666
  CPU_avx: 0
  CPU_avx512: 0
  m_CPU_enc_SHA: 203440427.07959995
  m_CPU_enc_AES: 112744281.05467755
  m_CPU_enc_ECDSA: 107549929.20110546
  ME_ALLOC_S: 0
  ME_READ_S: 0
  ME_READ_L: 0
  ME_WRITE: 0
  ME_LARGE: 0
  ME_LATENCY: 0
  ME_THREADED: 0
  SUMM_CPU: 460.49844202731873
  SUMM_ME: 0
SystemInformation:
  OSName: Ubuntu 18.04.6 LTS
  Kernel: 4.9.337-tegra
  Device: quill
  Processor: ARM Cortex-A57 6 Core 2035 MHz
  NumSockets: 2
  Manufacturer: ARM
  NumCores: 6
  NumLogicals: 6
  CPUFrequency: 2035
  Memory: 7850
Checksum: F5A19D71D841EC71E972A1EB08516A7DF52A9732