BaselineInfo:
  WebDBID: -1
  TimeStamp: 20240828112045
Version:
  Major: 11
  Minor: 0
  Build: 1002
  SpecialBuildName: ""
  ptArchitecture: aarch64_linux
Results:
  Results Complete: true
  NumTestProcesses: 6
  CPU_INTEGER_MATH: 6132.0333333333328
  CPU_FLOATINGPOINT_MATH: 1633.5606882085622
  CPU_PRIME: 5.1068893900230625
  CPU_SORTING: 2503.2625753218726
  CPU_ENCRYPTION: 173.43283161900899
  CPU_COMPRESSION: 4340.6142353628575
  CPU_SINGLETHREAD: 216.27782483402365
  CPU_PHYSICS: 87.323397616346483
  CPU_MATRIX_MULT_SSE: 365.81753246911944
  CPU_mm: 109.44610282380309
  CPU_sse: 258.58420513177111
  CPU_fma: 473.05085980646783
  CPU_avx: 0
  CPU_avx512: 0
  m_CPU_enc_SHA: 264040377.89145327
  m_CPU_enc_AES: 129655407.77308166
  m_CPU_enc_ECDSA: 151876728.87866694
  ME_ALLOC_S: 0
  ME_READ_S: 0
  ME_READ_L: 0
  ME_WRITE: 0
  ME_LARGE: 0
  ME_LATENCY: 0
  ME_THREADED: 0
  SUMM_CPU: 635.05655206516178
  SUMM_ME: 0
SystemInformation:
  OSName: Ubuntu 18.04.6 LTS
  Kernel: 4.9.337-tegra
  Device: quill
  Processor: ARM Cortex-A57 6 Core 2035 MHz
  NumSockets: 2
  Manufacturer: ARM
  NumCores: 6
  NumLogicals: 6
  CPUFrequency: 2035
  Memory: 7850
Checksum: C202EF36329B9B7A8224CE13626FC6E9B935238C