BaselineInfo:
  WebDBID: -1
  TimeStamp: 20240828155023
Version:
  Major: 11
  Minor: 0
  Build: 1002
  SpecialBuildName: ""
  ptArchitecture: aarch64_linux
Results:
  Results Complete: true
  NumTestProcesses: 6
  CPU_INTEGER_MATH: 7937.3266666666659
  CPU_FLOATINGPOINT_MATH: 2148.6982133836336
  CPU_PRIME: 5.8183391234674486
  CPU_SORTING: 3122.9732058953628
  CPU_ENCRYPTION: 217.69523011851422
  CPU_COMPRESSION: 5533.6674326728971
  CPU_SINGLETHREAD: 278.89399380491705
  CPU_PHYSICS: 97.509888650360082
  CPU_MATRIX_MULT_SSE: 473.19948677110619
  CPU_mm: 138.62166904748008
  CPU_sse: 332.34736900796622
  CPU_fma: 614.05160453424605
  CPU_avx: 0
  CPU_avx512: 0
  m_CPU_enc_SHA: 322873586.60128927
  m_CPU_enc_AES: 178089986.1352253
  m_CPU_enc_ECDSA: 183846408.11373901
  ME_ALLOC_S: 0
  ME_READ_S: 0
  ME_READ_L: 0
  ME_WRITE: 0
  ME_LARGE: 0
  ME_LATENCY: 0
  ME_THREADED: 0
  SUMM_CPU: 804.57706420912029
  SUMM_ME: 0
SystemInformation:
  OSName: Ubuntu 18.04.6 LTS
  Kernel: 4.9.337-tegra
  Device: quill
  Processor: ARM Cortex-A57 6 Core 2035 MHz
  NumSockets: 2
  Manufacturer: ARM
  NumCores: 6
  NumLogicals: 6
  CPUFrequency: 2035
  Memory: 7850
Checksum: 69347CD65BE63ED3037277ED4C816615EB72A642