BaselineInfo:
  WebDBID: -1
  TimeStamp: 20240828112145
Version:
  Major: 11
  Minor: 0
  Build: 1002
  SpecialBuildName: ""
  ptArchitecture: aarch64_linux
Results:
  Results Complete: true
  NumTestProcesses: 6
  CPU_INTEGER_MATH: 6136.5300000000007
  CPU_FLOATINGPOINT_MATH: 1651.3660185850345
  CPU_PRIME: 5.7329127250241623
  CPU_SORTING: 2574.1131974792866
  CPU_ENCRYPTION: 169.08619127101906
  CPU_COMPRESSION: 4315.8051697696874
  CPU_SINGLETHREAD: 216.16470962665608
  CPU_PHYSICS: 96.607874750173124
  CPU_MATRIX_MULT_SSE: 365.6945238542877
  CPU_mm: 109.48441824215951
  CPU_sse: 257.18961884493319
  CPU_fma: 474.19942886364231
  CPU_avx: 0
  CPU_avx512: 0
  m_CPU_enc_SHA: 255989998.59421977
  m_CPU_enc_AES: 135300495.28054428
  m_CPU_enc_ECDSA: 140608672.41983631
  ME_ALLOC_S: 0
  ME_READ_S: 0
  ME_READ_L: 0
  ME_WRITE: 0
  ME_LARGE: 0
  ME_LATENCY: 0
  ME_THREADED: 0
  SUMM_CPU: 634.4723064622151
  SUMM_ME: 0
SystemInformation:
  OSName: Ubuntu 18.04.6 LTS
  Kernel: 4.9.337-tegra
  Device: quill
  Processor: ARM Cortex-A57 6 Core 2035 MHz
  NumSockets: 2
  Manufacturer: ARM
  NumCores: 6
  NumLogicals: 6
  CPUFrequency: 2035
  Memory: 7850
Checksum: 4D5E9F468516E3FECB6A6D50606E0EEEE6F4C3FB