BaselineInfo:
  WebDBID: -1
  TimeStamp: 20240828185900
Version:
  Major: 11
  Minor: 0
  Build: 1002
  SpecialBuildName: ""
  ptArchitecture: aarch64_linux
Results:
  Results Complete: true
  NumTestProcesses: 6
  CPU_INTEGER_MATH: 9057.2806666666656
  CPU_FLOATINGPOINT_MATH: 2439.6263221988957
  CPU_PRIME: 5.9059484871633625
  CPU_SORTING: 3418.640456289952
  CPU_ENCRYPTION: 251.61961729395694
  CPU_COMPRESSION: 6364.6962222908032
  CPU_SINGLETHREAD: 313.99559425899338
  CPU_PHYSICS: 101.53065054970187
  CPU_MATRIX_MULT_SSE: 539.62116436498911
  CPU_mm: 162.39719158111734
  CPU_sse: 378.68545168920252
  CPU_fma: 700.55687704077559
  CPU_avx: 0
  CPU_avx512: 0
  m_CPU_enc_SHA: 365939097.52931428
  m_CPU_enc_AES: 193272313.12288624
  m_CPU_enc_ECDSA: 232315464.8186841
  ME_ALLOC_S: 0
  ME_READ_S: 0
  ME_READ_L: 0
  ME_WRITE: 0
  ME_LARGE: 0
  ME_LATENCY: 0
  ME_THREADED: 0
  SUMM_CPU: 914.4075106764202
  SUMM_ME: 0
SystemInformation:
  OSName: Ubuntu 18.04.6 LTS
  Kernel: 4.9.337-tegra
  Device: quill
  Processor: ARM Cortex-A57 6 Core 2035 MHz
  NumSockets: 2
  Manufacturer: ARM
  NumCores: 6
  NumLogicals: 6
  CPUFrequency: 2035
  Memory: 7850
Checksum: E1073506D7811F153D6DFDE1C226D1597FA92185