BaselineInfo:
  WebDBID: -1
  TimeStamp: 20240828155857
Version:
  Major: 11
  Minor: 0
  Build: 1002
  SpecialBuildName: ""
  ptArchitecture: aarch64_linux
Results:
  Results Complete: true
  NumTestProcesses: 6
  CPU_INTEGER_MATH: 7637.8486666666668
  CPU_FLOATINGPOINT_MATH: 1711.4876084394093
  CPU_PRIME: 0.94730104137600468
  CPU_SORTING: 912.31339022361908
  CPU_ENCRYPTION: 189.16096064341335
  CPU_COMPRESSION: 4269.7224362710049
  CPU_SINGLETHREAD: 229.2200556656733
  CPU_PHYSICS: 16.922153389165153
  CPU_MATRIX_MULT_SSE: 449.58811718829958
  CPU_mm: 136.42128656633045
  CPU_sse: 318.7955843439251
  CPU_fma: 580.38065003267411
  CPU_avx: 0
  CPU_avx512: 0
  m_CPU_enc_SHA: 276420259.68820083
  m_CPU_enc_AES: 155550680.09173498
  m_CPU_enc_ECDSA: 163077990.62294763
  ME_ALLOC_S: 0
  ME_READ_S: 0
  ME_READ_L: 0
  ME_WRITE: 0
  ME_LARGE: 0
  ME_LATENCY: 0
  ME_THREADED: 0
  SUMM_CPU: 507.59627952596765
  SUMM_ME: 0
SystemInformation:
  OSName: Ubuntu 18.04.6 LTS
  Kernel: 4.9.337-tegra
  Device: quill
  Processor: ARM Cortex-A57 6 Core 2035 MHz
  NumSockets: 2
  Manufacturer: ARM
  NumCores: 6
  NumLogicals: 6
  CPUFrequency: 2035
  Memory: 7850
Checksum: ED76A8BB8D4D1F924A770AE93F80E2D62E69F642