BaselineInfo:
  WebDBID: -1
  TimeStamp: 20240828165046
Version:
  Major: 11
  Minor: 0
  Build: 1002
  SpecialBuildName: ""
  ptArchitecture: aarch64_linux
Results:
  Results Complete: true
  NumTestProcesses: 6
  CPU_INTEGER_MATH: 7928.6173333333345
  CPU_FLOATINGPOINT_MATH: 2106.6387917040843
  CPU_PRIME: 5.105783016871329
  CPU_SORTING: 3051.4106517252435
  CPU_ENCRYPTION: 217.39499662784269
  CPU_COMPRESSION: 5715.1999483617037
  CPU_SINGLETHREAD: 274.12583715637976
  CPU_PHYSICS: 89.107871516259721
  CPU_MATRIX_MULT_SSE: 471.88649123381867
  CPU_mm: 141.23269902550837
  CPU_sse: 331.93263380989936
  CPU_fma: 611.84034865773788
  CPU_avx: 0
  CPU_avx512: 0
  m_CPU_enc_SHA: 318730884.06431377
  m_CPU_enc_AES: 177062096.23308742
  m_CPU_enc_ECDSA: 188072547.65470901
  ME_ALLOC_S: 0
  ME_READ_S: 0
  ME_READ_L: 0
  ME_WRITE: 0
  ME_LARGE: 0
  ME_LATENCY: 0
  ME_THREADED: 0
  SUMM_CPU: 802.26783003347839
  SUMM_ME: 0
SystemInformation:
  OSName: Ubuntu 18.04.6 LTS
  Kernel: 4.9.337-tegra
  Device: quill
  Processor: ARM Cortex-A57 6 Core 2035 MHz
  NumSockets: 2
  Manufacturer: ARM
  NumCores: 6
  NumLogicals: 6
  CPUFrequency: 2035
  Memory: 7850
Checksum: B35BCC2AE84E509E37F95EA3F12EA617E585DE53