BaselineInfo:
  WebDBID: -1
  TimeStamp: 20240828175355
Version:
  Major: 11
  Minor: 0
  Build: 1002
  SpecialBuildName: ""
  ptArchitecture: aarch64_linux
Results:
  Results Complete: true
  NumTestProcesses: 6
  CPU_INTEGER_MATH: 7979.6899999999996
  CPU_FLOATINGPOINT_MATH: 2137.9448481088693
  CPU_PRIME: 6.3617826430783051
  CPU_SORTING: 3241.2890100459576
  CPU_ENCRYPTION: 222.92522197443418
  CPU_COMPRESSION: 5784.1394150178803
  CPU_SINGLETHREAD: 281.04976513566038
  CPU_PHYSICS: 107.03978642797233
  CPU_MATRIX_MULT_SSE: 476.70518509927086
  CPU_mm: 142.94669669186317
  CPU_sse: 334.76439977954465
  CPU_fma: 618.64597041899708
  CPU_avx: 0
  CPU_avx512: 0
  m_CPU_enc_SHA: 336909084.46755487
  m_CPU_enc_AES: 173651418.1206381
  m_CPU_enc_ECDSA: 190701610.08299989
  ME_ALLOC_S: 0
  ME_READ_S: 0
  ME_READ_L: 0
  ME_WRITE: 0
  ME_LARGE: 0
  ME_LATENCY: 0
  ME_THREADED: 0
  SUMM_CPU: 826.94600866656469
  SUMM_ME: 0
SystemInformation:
  OSName: Ubuntu 18.04.6 LTS
  Kernel: 4.9.337-tegra
  Device: quill
  Processor: ARM Cortex-A57 6 Core 2035 MHz
  NumSockets: 2
  Manufacturer: ARM
  NumCores: 6
  NumLogicals: 6
  CPUFrequency: 2035
  Memory: 7850
Checksum: 035D8B435C9DE6FB52CA539F7DFE6BE903E1984E