BaselineInfo:
  WebDBID: -1
  TimeStamp: 20240828191045
Version:
  Major: 11
  Minor: 0
  Build: 1002
  SpecialBuildName: ""
  ptArchitecture: aarch64_linux
Results:
  Results Complete: true
  NumTestProcesses: 6
  CPU_INTEGER_MATH: 9064.4753333333338
  CPU_FLOATINGPOINT_MATH: 2410.797737892723
  CPU_PRIME: 6.0249321974395924
  CPU_SORTING: 3499.377196890051
  CPU_ENCRYPTION: 251.67397090888286
  CPU_COMPRESSION: 6369.0687429792779
  CPU_SINGLETHREAD: 315.55809054578361
  CPU_PHYSICS: 99.683059538361263
  CPU_MATRIX_MULT_SSE: 540.36085799767216
  CPU_mm: 161.94721437879991
  CPU_sse: 380.32786471732993
  CPU_fma: 700.39385127801438
  CPU_avx: 0
  CPU_avx512: 0
  m_CPU_enc_SHA: 370308384.05530912
  m_CPU_enc_AES: 202079922.5333485
  m_CPU_enc_ECDSA: 219309550.57060063
  ME_ALLOC_S: 0
  ME_READ_S: 0
  ME_READ_L: 0
  ME_WRITE: 0
  ME_LARGE: 0
  ME_LATENCY: 0
  ME_THREADED: 0
  SUMM_CPU: 915.0492479221366
  SUMM_ME: 0
SystemInformation:
  OSName: Ubuntu 18.04.6 LTS
  Kernel: 4.9.337-tegra
  Device: quill
  Processor: ARM Cortex-A57 6 Core 2035 MHz
  NumSockets: 2
  Manufacturer: ARM
  NumCores: 6
  NumLogicals: 6
  CPUFrequency: 2035
  Memory: 7850
Checksum: AEA1055A67055CC67D4AD9DB81977EC91B03027A