BaselineInfo:
  WebDBID: -1
  TimeStamp: 20240828031554
Version:
  Major: 11
  Minor: 0
  Build: 1002
  SpecialBuildName: ""
  ptArchitecture: aarch64_linux
Results:
  Results Complete: true
  NumTestProcesses: 6
  CPU_INTEGER_MATH: 4135.3239999999996
  CPU_FLOATINGPOINT_MATH: 1110.5945860259171
  CPU_PRIME: 4.0057469948790976
  CPU_SORTING: 1740.9786556933643
  CPU_ENCRYPTION: 114.73648774962787
  CPU_COMPRESSION: 2840.6186372383754
  CPU_SINGLETHREAD: 147.12197361899473
  CPU_PHYSICS: 66.245931300531936
  CPU_MATRIX_MULT_SSE: 241.64517989880162
  CPU_mm: 73.677843388811851
  CPU_sse: 173.16857494370979
  CPU_fma: 310.12178485389342
  CPU_avx: 0
  CPU_avx512: 0
  m_CPU_enc_SHA: 166255920.83763409
  m_CPU_enc_AES: 94171005.532452047
  m_CPU_enc_ECDSA: 100502855.76557526
  ME_ALLOC_S: 0
  ME_READ_S: 0
  ME_READ_L: 0
  ME_WRITE: 0
  ME_LARGE: 0
  ME_LATENCY: 0
  ME_THREADED: 0
  SUMM_CPU: 424.95500618859592
  SUMM_ME: 0
SystemInformation:
  OSName: Ubuntu 18.04.6 LTS
  Kernel: 4.9.337-tegra
  Device: quill
  Processor: ARM Cortex-A57 6 Core 2035 MHz
  NumSockets: 2
  Manufacturer: ARM
  NumCores: 6
  NumLogicals: 6
  CPUFrequency: 2035
  Memory: 7850
Checksum: 63BB661D4A12A5BA901DD9D48C8F06125C75E7AB