BaselineInfo:
  WebDBID: -1
  TimeStamp: 20240828154640
Version:
  Major: 11
  Minor: 0
  Build: 1002
  SpecialBuildName: ""
  ptArchitecture: aarch64_linux
Results:
  Results Complete: true
  NumTestProcesses: 6
  CPU_INTEGER_MATH: 6599.0713333333342
  CPU_FLOATINGPOINT_MATH: 1531.0399637736932
  CPU_PRIME: 0.92626951242338884
  CPU_SORTING: 866.60766960999376
  CPU_ENCRYPTION: 190.11789437206249
  CPU_COMPRESSION: 4169.8628619057827
  CPU_SINGLETHREAD: 230.48753788193591
  CPU_PHYSICS: 17.58031273361641
  CPU_MATRIX_MULT_SSE: 462.46609158928499
  CPU_mm: 139.1904509941443
  CPU_sse: 325.18747436326714
  CPU_fma: 599.74470881530283
  CPU_avx: 0
  CPU_avx512: 0
  m_CPU_enc_SHA: 282713409.10438573
  m_CPU_enc_AES: 153378378.48354271
  m_CPU_enc_ECDSA: 161967396.03931105
  ME_ALLOC_S: 0
  ME_READ_S: 0
  ME_READ_L: 0
  ME_WRITE: 0
  ME_LARGE: 0
  ME_LATENCY: 0
  ME_THREADED: 0
  SUMM_CPU: 498.40112175485018
  SUMM_ME: 0
SystemInformation:
  OSName: Ubuntu 18.04.6 LTS
  Kernel: 4.9.337-tegra
  Device: quill
  Processor: ARM Cortex-A57 6 Core 2035 MHz
  NumSockets: 2
  Manufacturer: ARM
  NumCores: 6
  NumLogicals: 6
  CPUFrequency: 2035
  Memory: 7850
Checksum: 2352A640185B582A0D7EE90EDFBB5F8C7F9F2F45