BaselineInfo:
  WebDBID: -1
  TimeStamp: 20240828174916
Version:
  Major: 11
  Minor: 0
  Build: 1002
  SpecialBuildName: ""
  ptArchitecture: aarch64_linux
Results:
  Results Complete: true
  NumTestProcesses: 6
  CPU_INTEGER_MATH: 7661.2786666666661
  CPU_FLOATINGPOINT_MATH: 1724.7337876953459
  CPU_PRIME: 0.96025213131271403
  CPU_SORTING: 894.09393119073047
  CPU_ENCRYPTION: 192.97805339194349
  CPU_COMPRESSION: 4270.5339553769181
  CPU_SINGLETHREAD: 229.99164256203474
  CPU_PHYSICS: 17.740897338388724
  CPU_MATRIX_MULT_SSE: 452.0493002562564
  CPU_mm: 139.38943818330546
  CPU_sse: 327.40759034123704
  CPU_fma: 576.69101017127582
  CPU_avx: 0
  CPU_avx512: 0
  m_CPU_enc_SHA: 285867107.05136424
  m_CPU_enc_AES: 162399000.12579077
  m_CPU_enc_ECDSA: 158790358.76337668
  ME_ALLOC_S: 0
  ME_READ_S: 0
  ME_READ_L: 0
  ME_WRITE: 0
  ME_LARGE: 0
  ME_LATENCY: 0
  ME_THREADED: 0
  SUMM_CPU: 512.9069685849131
  SUMM_ME: 0
SystemInformation:
  OSName: Ubuntu 18.04.6 LTS
  Kernel: 4.9.337-tegra
  Device: quill
  Processor: ARM Cortex-A57 6 Core 2035 MHz
  NumSockets: 2
  Manufacturer: ARM
  NumCores: 6
  NumLogicals: 6
  CPUFrequency: 2035
  Memory: 7850
Checksum: 8F8A30DE92C9C87DDD1BD44EEF9EDAF49B5904DC