BaselineInfo:
  WebDBID: -1
  TimeStamp: 20240828131858
Version:
  Major: 11
  Minor: 0
  Build: 1002
  SpecialBuildName: ""
  ptArchitecture: aarch64_linux
Results:
  Results Complete: true
  NumTestProcesses: 6
  CPU_INTEGER_MATH: 7081.5873333333329
  CPU_FLOATINGPOINT_MATH: 1905.3216506435094
  CPU_PRIME: 5.5501613647152475
  CPU_SORTING: 2847.926165801824
  CPU_ENCRYPTION: 196.37826636950922
  CPU_COMPRESSION: 5003.8256440567284
  CPU_SINGLETHREAD: 247.28514717313936
  CPU_PHYSICS: 92.223854872816787
  CPU_MATRIX_MULT_SSE: 422.2133615564648
  CPU_mm: 126.06274226749507
  CPU_sse: 296.94657401514201
  CPU_fma: 547.4801490977876
  CPU_avx: 0
  CPU_avx512: 0
  m_CPU_enc_SHA: 284672120.04218388
  m_CPU_enc_AES: 158921750.2435748
  m_CPU_enc_ECDSA: 174158740.82426482
  ME_ALLOC_S: 0
  ME_READ_S: 0
  ME_READ_L: 0
  ME_WRITE: 0
  ME_LARGE: 0
  ME_LATENCY: 0
  ME_THREADED: 0
  SUMM_CPU: 725.6706587034447
  SUMM_ME: 0
SystemInformation:
  OSName: Ubuntu 18.04.6 LTS
  Kernel: 4.9.337-tegra
  Device: quill
  Processor: ARM Cortex-A57 6 Core 2035 MHz
  NumSockets: 2
  Manufacturer: ARM
  NumCores: 6
  NumLogicals: 6
  CPUFrequency: 2035
  Memory: 7850
Checksum: 2E7730F3247199D9973CDE00509A34DADA2E25FB