BaselineInfo:
  WebDBID: -1
  TimeStamp: 20240828120356
Version:
  Major: 11
  Minor: 0
  Build: 1002
  SpecialBuildName: ""
  ptArchitecture: aarch64_linux
Results:
  Results Complete: true
  NumTestProcesses: 6
  CPU_INTEGER_MATH: 6133.1220000000003
  CPU_FLOATINGPOINT_MATH: 1659.0337133677117
  CPU_PRIME: 6.3495033788076896
  CPU_SORTING: 2693.0891822801077
  CPU_ENCRYPTION: 171.45380354951971
  CPU_COMPRESSION: 4318.1252234664607
  CPU_SINGLETHREAD: 217.4686087844959
  CPU_PHYSICS: 109.38975986643523
  CPU_MATRIX_MULT_SSE: 367.17786624334741
  CPU_mm: 110.05945430851784
  CPU_sse: 256.32000265030968
  CPU_fma: 478.03572983638526
  CPU_avx: 0
  CPU_avx512: 0
  m_CPU_enc_SHA: 257295303.02785
  m_CPU_enc_AES: 137665011.76019925
  m_CPU_enc_ECDSA: 144386715.7441743
  ME_ALLOC_S: 0
  ME_READ_S: 0
  ME_READ_L: 0
  ME_WRITE: 0
  ME_LARGE: 0
  ME_LATENCY: 0
  ME_THREADED: 0
  SUMM_CPU: 642.58397174745664
  SUMM_ME: 0
SystemInformation:
  OSName: Ubuntu 18.04.6 LTS
  Kernel: 4.9.337-tegra
  Device: quill
  Processor: ARM Cortex-A57 6 Core 2035 MHz
  NumSockets: 2
  Manufacturer: ARM
  NumCores: 6
  NumLogicals: 6
  CPUFrequency: 2035
  Memory: 7850
Checksum: 80EC7D3D7D428B2596C5899CFDB05514854D9A7A