BaselineInfo:
  WebDBID: -1
  TimeStamp: 20240827213153
Version:
  Major: 11
  Minor: 0
  Build: 1002
  SpecialBuildName: ""
  ptArchitecture: aarch64_linux
Results:
  Results Complete: true
  NumTestProcesses: 6
  CPU_INTEGER_MATH: 1840.2253333333333
  CPU_FLOATINGPOINT_MATH: 493.18164957307891
  CPU_PRIME: 2.304964349054631
  CPU_SORTING: 793.74249772082658
  CPU_ENCRYPTION: 60.158303867519273
  CPU_COMPRESSION: 0
  CPU_SINGLETHREAD: 247.72173448313004
  CPU_PHYSICS: 43.856998051094749
  CPU_MATRIX_MULT_SSE: 110.88616549901886
  CPU_mm: 31.080898767284083
  CPU_sse: 77.460348005631616
  CPU_fma: 144.31198299240612
  CPU_avx: 0
  CPU_avx512: 0
  m_CPU_enc_SHA: 88931456.745137393
  m_CPU_enc_AES: 48261758.512591273
  m_CPU_enc_ECDSA: 52048445.650835022
  ME_ALLOC_S: 0
  ME_READ_S: 0
  ME_READ_L: 0
  ME_WRITE: 0
  ME_LARGE: 0
  ME_LATENCY: 0
  ME_THREADED: 0
  SUMM_CPU: 0
  SUMM_ME: 0
SystemInformation:
  OSName: Ubuntu 18.04.6 LTS
  Kernel: 4.9.337-tegra
  Device: quill
  Processor: ARM Cortex-A57 6 Core 2035 MHz
  NumSockets: 2
  Manufacturer: ARM
  NumCores: 6
  NumLogicals: 6
  CPUFrequency: 2035
  Memory: 7850
Checksum: D5F4E2A40EFC5D1B445FA122A6896CF76669C907