BaselineInfo:
  WebDBID: -1
  TimeStamp: 20240828171711
Version:
  Major: 11
  Minor: 0
  Build: 1002
  SpecialBuildName: ""
  ptArchitecture: aarch64_linux
Results:
  Results Complete: true
  NumTestProcesses: 6
  CPU_INTEGER_MATH: 7935.1966666666667
  CPU_FLOATINGPOINT_MATH: 2150.2151589971127
  CPU_PRIME: 6.3487020062044266
  CPU_SORTING: 3172.7326225332886
  CPU_ENCRYPTION: 218.29764970316145
  CPU_COMPRESSION: 5816.1614497822711
  CPU_SINGLETHREAD: 276.53133326131922
  CPU_PHYSICS: 111.72777774985518
  CPU_MATRIX_MULT_SSE: 471.46485861269701
  CPU_mm: 141.679803860101
  CPU_sse: 332.92609534810208
  CPU_fma: 610.00362187729206
  CPU_avx: 0
  CPU_avx512: 0
  m_CPU_enc_SHA: 314260895.92451525
  m_CPU_enc_AES: 176609707.98183346
  m_CPU_enc_ECDSA: 195834425.09907806
  ME_ALLOC_S: 0
  ME_READ_S: 0
  ME_READ_L: 0
  ME_WRITE: 0
  ME_LARGE: 0
  ME_LATENCY: 0
  ME_THREADED: 0
  SUMM_CPU: 821.69314377769933
  SUMM_ME: 0
SystemInformation:
  OSName: Ubuntu 18.04.6 LTS
  Kernel: 4.9.337-tegra
  Device: quill
  Processor: ARM Cortex-A57 6 Core 2035 MHz
  NumSockets: 2
  Manufacturer: ARM
  NumCores: 6
  NumLogicals: 6
  CPUFrequency: 2035
  Memory: 7850
Checksum: 6E9FC40E38358846C08F87E4ABAA3755729A8384