BaselineInfo:
  WebDBID: -1
  TimeStamp: 20240828150317
Version:
  Major: 11
  Minor: 0
  Build: 1002
  SpecialBuildName: ""
  ptArchitecture: aarch64_linux
Results:
  Results Complete: true
  NumTestProcesses: 6
  CPU_INTEGER_MATH: 7133.275333333333
  CPU_FLOATINGPOINT_MATH: 1941.1560337564797
  CPU_PRIME: 7.1675980815292242
  CPU_SORTING: 3045.5131294036596
  CPU_ENCRYPTION: 196.51282609766704
  CPU_COMPRESSION: 4914.4981402991698
  CPU_SINGLETHREAD: 250.91950774960947
  CPU_PHYSICS: 119.21177300930236
  CPU_MATRIX_MULT_SSE: 425.75246262620283
  CPU_mm: 127.49408435257006
  CPU_sse: 298.139989851694
  CPU_fma: 553.3649354007116
  CPU_avx: 0
  CPU_avx512: 0
  m_CPU_enc_SHA: 286372486.83714783
  m_CPU_enc_AES: 154015540.01165807
  m_CPU_enc_ECDSA: 177787872.56575599
  ME_ALLOC_S: 0
  ME_READ_S: 0
  ME_READ_L: 0
  ME_WRITE: 0
  ME_LARGE: 0
  ME_LATENCY: 0
  ME_THREADED: 0
  SUMM_CPU: 736.9672072820606
  SUMM_ME: 0
SystemInformation:
  OSName: Ubuntu 18.04.6 LTS
  Kernel: 4.9.337-tegra
  Device: quill
  Processor: ARM Cortex-A57 6 Core 2035 MHz
  NumSockets: 2
  Manufacturer: ARM
  NumCores: 6
  NumLogicals: 6
  CPUFrequency: 2035
  Memory: 7850
Checksum: 89B4C34D14602569720DF0230664DB12782BC5E0