BaselineInfo:
  WebDBID: -1
  TimeStamp: 20240828130807
Version:
  Major: 11
  Minor: 0
  Build: 1002
  SpecialBuildName: ""
  ptArchitecture: aarch64_linux
Results:
  Results Complete: true
  NumTestProcesses: 6
  CPU_INTEGER_MATH: 7086.7940000000008
  CPU_FLOATINGPOINT_MATH: 1923.8821035585149
  CPU_PRIME: 6.7624810364201835
  CPU_SORTING: 2956.0186492912899
  CPU_ENCRYPTION: 195.70756077261916
  CPU_COMPRESSION: 5038.168318050507
  CPU_SINGLETHREAD: 249.30736443066237
  CPU_PHYSICS: 112.19609763524046
  CPU_MATRIX_MULT_SSE: 423.59595666349617
  CPU_mm: 126.83314618260248
  CPU_sse: 297.4045159219562
  CPU_fma: 549.78739740503613
  CPU_avx: 0
  CPU_avx512: 0
  m_CPU_enc_SHA: 291055056.024037
  m_CPU_enc_AES: 155217253.56958801
  m_CPU_enc_ECDSA: 169370444.1405046
  ME_ALLOC_S: 0
  ME_READ_S: 0
  ME_READ_L: 0
  ME_WRITE: 0
  ME_LARGE: 0
  ME_LATENCY: 0
  ME_THREADED: 0
  SUMM_CPU: 736.66427821968932
  SUMM_ME: 0
SystemInformation:
  OSName: Ubuntu 18.04.6 LTS
  Kernel: 4.9.337-tegra
  Device: quill
  Processor: ARM Cortex-A57 6 Core 2035 MHz
  NumSockets: 2
  Manufacturer: ARM
  NumCores: 6
  NumLogicals: 6
  CPUFrequency: 2035
  Memory: 7850
Checksum: A1744615D6371410905FEC62CB21DC94359E244A