BaselineInfo:
  WebDBID: -1
  TimeStamp: 20240827195154
Version:
  Major: 11
  Minor: 0
  Build: 1002
  SpecialBuildName: ""
  ptArchitecture: aarch64_linux
Results:
  Results Complete: true
  NumTestProcesses: 6
  CPU_INTEGER_MATH: 1866.306
  CPU_FLOATINGPOINT_MATH: 501.23626423051508
  CPU_PRIME: 2.135373066952619
  CPU_SORTING: 766.95547921512264
  CPU_ENCRYPTION: 59.072844972988413
  CPU_COMPRESSION: 0
  CPU_SINGLETHREAD: 74.878686804924612
  CPU_PHYSICS: 44.629728463978523
  CPU_MATRIX_MULT_SSE: 125.55844235090669
  CPU_mm: 38.279563864431886
  CPU_sse: 89.613939651283886
  CPU_fma: 161.50294505052946
  CPU_avx: 0
  CPU_avx512: 0
  m_CPU_enc_SHA: 84781387.457542241
  m_CPU_enc_AES: 47589992.889888503
  m_CPU_enc_ECDSA: 53455722.123758145
  ME_ALLOC_S: 0
  ME_READ_S: 0
  ME_READ_L: 0
  ME_WRITE: 0
  ME_LARGE: 0
  ME_LATENCY: 0
  ME_THREADED: 0
  SUMM_CPU: 0
  SUMM_ME: 0
SystemInformation:
  OSName: Ubuntu 18.04.6 LTS
  Kernel: 4.9.337-tegra
  Device: quill
  Processor: ARM Cortex-A57 6 Core 2035 MHz
  NumSockets: 2
  Manufacturer: ARM
  NumCores: 6
  NumLogicals: 6
  CPUFrequency: 2035
  Memory: 7850
Checksum: F5DCE208DD4A7C0D85349D4A7EA16B99F1425461