BaselineInfo:
  WebDBID: -1
  TimeStamp: 20240828174634
Version:
  Major: 11
  Minor: 0
  Build: 1002
  SpecialBuildName: ""
  ptArchitecture: aarch64_linux
Results:
  Results Complete: true
  NumTestProcesses: 6
  CPU_INTEGER_MATH: 7091.5746666666664
  CPU_FLOATINGPOINT_MATH: 989.21725481707597
  CPU_PRIME: 0
  CPU_SORTING: 73.435840024593062
  CPU_ENCRYPTION: 122.89780491201272
  CPU_COMPRESSION: 2453.7711041200973
  CPU_SINGLETHREAD: 174.58185860290268
  CPU_PHYSICS: 5.1804465481642783
  CPU_MATRIX_MULT_SSE: 418.85091002663501
  CPU_mm: 128.84460930493887
  CPU_sse: 285.86937545477156
  CPU_fma: 551.83244459849834
  CPU_avx: 0
  CPU_avx512: 0
  m_CPU_enc_SHA: 161401402.06488472
  m_CPU_enc_AES: 114860244.04657692
  m_CPU_enc_ECDSA: 110341419.93879427
  ME_ALLOC_S: 0
  ME_READ_S: 0
  ME_READ_L: 0
  ME_WRITE: 0
  ME_LARGE: 0
  ME_LATENCY: 0
  ME_THREADED: 0
  SUMM_CPU: 0
  SUMM_ME: 0
SystemInformation:
  OSName: Ubuntu 18.04.6 LTS
  Kernel: 4.9.337-tegra
  Device: quill
  Processor: ARM Cortex-A57 6 Core 2035 MHz
  NumSockets: 2
  Manufacturer: ARM
  NumCores: 6
  NumLogicals: 6
  CPUFrequency: 2035
  Memory: 7850
Checksum: 7CBD125036FC563FAC9EF0FDC2DB70102F1172CA