BaselineInfo:
  WebDBID: -1
  TimeStamp: 20240828083212
Version:
  Major: 11
  Minor: 0
  Build: 1002
  SpecialBuildName: ""
  ptArchitecture: aarch64_linux
Results:
  Results Complete: true
  NumTestProcesses: 6
  CPU_INTEGER_MATH: 5067.0806666666667
  CPU_FLOATINGPOINT_MATH: 1289.9813707109365
  CPU_PRIME: 1.9245383580802169
  CPU_SORTING: 1469.4982833203278
  CPU_ENCRYPTION: 133.05825432855735
  CPU_COMPRESSION: 3230.9950882557405
  CPU_SINGLETHREAD: 170.70812038250568
  CPU_PHYSICS: 33.901177243894736
  CPU_MATRIX_MULT_SSE: 303.24470020989895
  CPU_mm: 90.578324236010346
  CPU_sse: 213.78583006203718
  CPU_fma: 392.70357035776067
  CPU_avx: 0
  CPU_avx512: 0
  m_CPU_enc_SHA: 193240020.22239932
  m_CPU_enc_AES: 112051614.92598076
  m_CPU_enc_ECDSA: 113273441.12408397
  ME_ALLOC_S: 0
  ME_READ_S: 0
  ME_READ_L: 0
  ME_WRITE: 0
  ME_LARGE: 0
  ME_LATENCY: 0
  ME_THREADED: 0
  SUMM_CPU: 459.88999595963423
  SUMM_ME: 0
SystemInformation:
  OSName: Ubuntu 18.04.6 LTS
  Kernel: 4.9.337-tegra
  Device: quill
  Processor: ARM Cortex-A57 6 Core 2035 MHz
  NumSockets: 2
  Manufacturer: ARM
  NumCores: 6
  NumLogicals: 6
  CPUFrequency: 2035
  Memory: 7850
Checksum: 01E4EA47C117C267CD8F03F9908750DD018CA6F7