BaselineInfo:
  WebDBID: -1
  TimeStamp: 20240827231856
Version:
  Major: 11
  Minor: 0
  Build: 1002
  SpecialBuildName: ""
  ptArchitecture: aarch64_linux
Results:
  Results Complete: true
  NumTestProcesses: 6
  CPU_INTEGER_MATH: 3043.1546666666668
  CPU_FLOATINGPOINT_MATH: 705.17259459245179
  CPU_PRIME: 0.88278787827386895
  CPU_SORTING: 750.94698522035935
  CPU_ENCRYPTION: 79.821227776514419
  CPU_COMPRESSION: 1788.6552153139255
  CPU_SINGLETHREAD: 102.67188045962368
  CPU_PHYSICS: 15.80639463604493
  CPU_MATRIX_MULT_SSE: 180.803554139255
  CPU_mm: 54.766581325657533
  CPU_sse: 125.66642767535384
  CPU_fma: 235.94068060315615
  CPU_avx: 0
  CPU_avx512: 0
  m_CPU_enc_SHA: 115201858.97791193
  m_CPU_enc_AES: 62149743.912687376
  m_CPU_enc_ECDSA: 73744268.320359796
  ME_ALLOC_S: 0
  ME_READ_S: 0
  ME_READ_L: 0
  ME_WRITE: 0
  ME_LARGE: 0
  ME_LATENCY: 0
  ME_THREADED: 0
  SUMM_CPU: 257.11881634113388
  SUMM_ME: 0
SystemInformation:
  OSName: Ubuntu 18.04.6 LTS
  Kernel: 4.9.337-tegra
  Device: quill
  Processor: ARM Cortex-A57 6 Core 2035 MHz
  NumSockets: 2
  Manufacturer: ARM
  NumCores: 6
  NumLogicals: 6
  CPUFrequency: 2035
  Memory: 7850
Checksum: 02460D32F01E8857F6DBEFE7698A9DF6648350D4