BaselineInfo:
  WebDBID: -1
  TimeStamp: 20240828005851
Version:
  Major: 11
  Minor: 0
  Build: 1002
  SpecialBuildName: ""
  ptArchitecture: aarch64_linux
Results:
  Results Complete: true
  NumTestProcesses: 6
  CPU_INTEGER_MATH: 3121.3019999999997
  CPU_FLOATINGPOINT_MATH: 851.22867164533466
  CPU_PRIME: 4.0616676745989393
  CPU_SORTING: 1365.8715247230045
  CPU_ENCRYPTION: 85.810977195976449
  CPU_COMPRESSION: 2181.0987020647349
  CPU_SINGLETHREAD: 113.00373548640552
  CPU_PHYSICS: 70.539494874760152
  CPU_MATRIX_MULT_SSE: 186.97586905675732
  CPU_mm: 56.348929690060984
  CPU_sse: 131.28872306675501
  CPU_fma: 242.6630150467596
  CPU_avx: 0
  CPU_avx512: 0
  m_CPU_enc_SHA: 129809448.92140663
  m_CPU_enc_AES: 67320894.18034485
  m_CPU_enc_ECDSA: 72807650.57099317
  ME_ALLOC_S: 0
  ME_READ_S: 0
  ME_READ_L: 0
  ME_WRITE: 0
  ME_LARGE: 0
  ME_LATENCY: 0
  ME_THREADED: 0
  SUMM_CPU: 328.31670914033157
  SUMM_ME: 0
SystemInformation:
  OSName: Ubuntu 18.04.6 LTS
  Kernel: 4.9.337-tegra
  Device: quill
  Processor: ARM Cortex-A57 6 Core 2035 MHz
  NumSockets: 2
  Manufacturer: ARM
  NumCores: 6
  NumLogicals: 6
  CPUFrequency: 2035
  Memory: 7850
Checksum: 5529D56CF41C8F4EEBD81DD08161F98B09FF37A0