BaselineInfo:
  WebDBID: -1
  TimeStamp: 20240828203351
Version:
  Major: 11
  Minor: 0
  Build: 1002
  SpecialBuildName: ""
  ptArchitecture: aarch64_linux
Results:
  Results Complete: true
  NumTestProcesses: 6
  CPU_INTEGER_MATH: 8969.003999999999
  CPU_FLOATINGPOINT_MATH: 2249.3113872931581
  CPU_PRIME: 2.0742185299544564
  CPU_SORTING: 1794.0277745353751
  CPU_ENCRYPTION: 235.22712617765424
  CPU_COMPRESSION: 5617.29151552453
  CPU_SINGLETHREAD: 290.67376474266825
  CPU_PHYSICS: 35.137029933394452
  CPU_MATRIX_MULT_SSE: 538.33115164577657
  CPU_mm: 160.97922316685111
  CPU_sse: 377.72024882947539
  CPU_fma: 698.94205446207764
  CPU_avx: 0
  CPU_avx512: 0
  m_CPU_enc_SHA: 354892141.56416106
  m_CPU_enc_AES: 186512048.40480474
  m_CPU_enc_ECDSA: 198556367.20761418
  ME_ALLOC_S: 0
  ME_READ_S: 0
  ME_READ_L: 0
  ME_WRITE: 0
  ME_LARGE: 0
  ME_LATENCY: 0
  ME_THREADED: 0
  SUMM_CPU: 737.97965399771408
  SUMM_ME: 0
SystemInformation:
  OSName: Ubuntu 18.04.6 LTS
  Kernel: 4.9.337-tegra
  Device: quill
  Processor: ARM Cortex-A57 6 Core 2035 MHz
  NumSockets: 2
  Manufacturer: ARM
  NumCores: 6
  NumLogicals: 6
  CPUFrequency: 2035
  Memory: 7850
Checksum: 0DC75FC533BF2E5571D4506AB96F7ADB5EEEE4E1