BaselineInfo:
  WebDBID: -1
  TimeStamp: 20240828061229
Version:
  Major: 11
  Minor: 0
  Build: 1002
  SpecialBuildName: ""
  ptArchitecture: aarch64_linux
Results:
  Results Complete: true
  NumTestProcesses: 6
  CPU_INTEGER_MATH: 4140.5780000000004
  CPU_FLOATINGPOINT_MATH: 1120.2708586962617
  CPU_PRIME: 4.7757218840415092
  CPU_SORTING: 1767.0405872704928
  CPU_ENCRYPTION: 114.71724287568698
  CPU_COMPRESSION: 2801.1817577436968
  CPU_SINGLETHREAD: 147.13148252133979
  CPU_PHYSICS: 83.158479145313322
  CPU_MATRIX_MULT_SSE: 245.99552865685666
  CPU_mm: 73.376157712758982
  CPU_sse: 174.16577227096624
  CPU_fma: 317.82528504274711
  CPU_avx: 0
  CPU_avx512: 0
  m_CPU_enc_SHA: 177247377.97989336
  m_CPU_enc_AES: 89834076.848236248
  m_CPU_enc_ECDSA: 93787788.168719441
  ME_ALLOC_S: 0
  ME_READ_S: 0
  ME_READ_L: 0
  ME_WRITE: 0
  ME_LARGE: 0
  ME_LATENCY: 0
  ME_THREADED: 0
  SUMM_CPU: 428.8042666229781
  SUMM_ME: 0
SystemInformation:
  OSName: Ubuntu 18.04.6 LTS
  Kernel: 4.9.337-tegra
  Device: quill
  Processor: ARM Cortex-A57 6 Core 2035 MHz
  NumSockets: 2
  Manufacturer: ARM
  NumCores: 6
  NumLogicals: 6
  CPUFrequency: 2035
  Memory: 7850
Checksum: 7E200F47C5196B5912452CDE9663B35DDD123F3A