BaselineInfo:
  WebDBID: -1
  TimeStamp: 20240828193043
Version:
  Major: 11
  Minor: 0
  Build: 1002
  SpecialBuildName: ""
  ptArchitecture: aarch64_linux
Results:
  Results Complete: true
  NumTestProcesses: 6
  CPU_INTEGER_MATH: 8771.8606666666674
  CPU_FLOATINGPOINT_MATH: 1890.2001708138137
  CPU_PRIME: 0.9847715762216348
  CPU_SORTING: 912.10346141773141
  CPU_ENCRYPTION: 214.04620836299375
  CPU_COMPRESSION: 4659.6185643636554
  CPU_SINGLETHREAD: 255.56213203670805
  CPU_PHYSICS: 17.589046930331566
  CPU_MATRIX_MULT_SSE: 522.83348398529654
  CPU_mm: 156.23977249414116
  CPU_sse: 364.83786002644462
  CPU_fma: 680.8291079441484
  CPU_avx: 0
  CPU_avx512: 0
  m_CPU_enc_SHA: 315760581.22061747
  m_CPU_enc_AES: 177515876.035101
  m_CPU_enc_ECDSA: 180054693.68558514
  ME_ALLOC_S: 0
  ME_READ_S: 0
  ME_READ_L: 0
  ME_WRITE: 0
  ME_LARGE: 0
  ME_LATENCY: 0
  ME_THREADED: 0
  SUMM_CPU: 551.76349193226531
  SUMM_ME: 0
SystemInformation:
  OSName: Ubuntu 18.04.6 LTS
  Kernel: 4.9.337-tegra
  Device: quill
  Processor: ARM Cortex-A57 6 Core 2035 MHz
  NumSockets: 2
  Manufacturer: ARM
  NumCores: 6
  NumLogicals: 6
  CPUFrequency: 2035
  Memory: 7850
Checksum: 95162C005654BECAEA981748C17299ABAD1E2DF7