BaselineInfo:
  WebDBID: -1
  TimeStamp: 20240827200640
Version:
  Major: 11
  Minor: 0
  Build: 1002
  SpecialBuildName: ""
  ptArchitecture: aarch64_linux
Results:
  Results Complete: true
  NumTestProcesses: 6
  CPU_INTEGER_MATH: 1704.6153333333334
  CPU_FLOATINGPOINT_MATH: 395.49731385254262
  CPU_PRIME: 0.77172054415467162
  CPU_SORTING: 623.85972739269926
  CPU_ENCRYPTION: 52.47335793575386
  CPU_COMPRESSION: 0
  CPU_SINGLETHREAD: 209.02899401579899
  CPU_PHYSICS: 968.15017547189245
  CPU_MATRIX_MULT_SSE: 103.30845294752919
  CPU_mm: 26.605807650726103
  CPU_sse: 74.422447274641911
  CPU_fma: 132.1944586204165
  CPU_avx: 0
  CPU_avx512: 0
  m_CPU_enc_SHA: 75785587.394122481
  m_CPU_enc_AES: 45061790.891573399
  m_CPU_enc_ECDSA: 44219533.026827253
  ME_ALLOC_S: 0
  ME_READ_S: 0
  ME_READ_L: 0
  ME_WRITE: 0
  ME_LARGE: 0
  ME_LATENCY: 0
  ME_THREADED: 0
  SUMM_CPU: 0
  SUMM_ME: 0
SystemInformation:
  OSName: Ubuntu 18.04.6 LTS
  Kernel: 4.9.337-tegra
  Device: quill
  Processor: ARM Cortex-A57 6 Core 2035 MHz
  NumSockets: 2
  Manufacturer: ARM
  NumCores: 6
  NumLogicals: 6
  CPUFrequency: 2035
  Memory: 7850
Checksum: 17EEF46B2FE9E177E0977166A3A4D8A8C5FC2C90