BaselineInfo:
  WebDBID: -1
  TimeStamp: 20240828130324
Version:
  Major: 11
  Minor: 0
  Build: 1002
  SpecialBuildName: ""
  ptArchitecture: aarch64_linux
Results:
  Results Complete: true
  NumTestProcesses: 6
  CPU_INTEGER_MATH: 6985.9266666666663
  CPU_FLOATINGPOINT_MATH: 1732.7281895296555
  CPU_PRIME: 2.0473885949698394
  CPU_SORTING: 1633.9295505976042
  CPU_ENCRYPTION: 186.06787919924787
  CPU_COMPRESSION: 4459.8843852023583
  CPU_SINGLETHREAD: 231.52468361888407
  CPU_PHYSICS: 35.927088297736994
  CPU_MATRIX_MULT_SSE: 415.38546895341671
  CPU_mm: 124.25590347890443
  CPU_sse: 286.34190701610152
  CPU_fma: 544.42903089073184
  CPU_avx: 0
  CPU_avx512: 0
  m_CPU_enc_SHA: 269937554.59468758
  m_CPU_enc_AES: 146101152.60605088
  m_CPU_enc_ECDSA: 169280230.2969532
  ME_ALLOC_S: 0
  ME_READ_S: 0
  ME_READ_L: 0
  ME_WRITE: 0
  ME_LARGE: 0
  ME_LATENCY: 0
  ME_THREADED: 0
  SUMM_CPU: 607.23606617382995
  SUMM_ME: 0
SystemInformation:
  OSName: Ubuntu 18.04.6 LTS
  Kernel: 4.9.337-tegra
  Device: quill
  Processor: ARM Cortex-A57 6 Core 2035 MHz
  NumSockets: 2
  Manufacturer: ARM
  NumCores: 6
  NumLogicals: 6
  CPUFrequency: 2035
  Memory: 7850
Checksum: F678D2BCFA04A3BF838114088383507C497794BB