BaselineInfo:
  WebDBID: -1
  TimeStamp: 20240828064455
Version:
  Major: 11
  Minor: 0
  Build: 1002
  SpecialBuildName: ""
  ptArchitecture: aarch64_linux
Results:
  Results Complete: true
  NumTestProcesses: 6
  CPU_INTEGER_MATH: 5148.0206666666663
  CPU_FLOATINGPOINT_MATH: 1397.1245646863338
  CPU_PRIME: 5.960527994830862
  CPU_SORTING: 2253.8926697056168
  CPU_ENCRYPTION: 138.34840565930477
  CPU_COMPRESSION: 3727.4718117173074
  CPU_SINGLETHREAD: 182.9371696157115
  CPU_PHYSICS: 100.64563102528074
  CPU_MATRIX_MULT_SSE: 306.68711343665854
  CPU_mm: 91.889699289134029
  CPU_sse: 216.34017090034564
  CPU_fma: 397.03405597297137
  CPU_avx: 0
  CPU_avx512: 0
  m_CPU_enc_SHA: 213880658.12099984
  m_CPU_enc_AES: 112235810.88287045
  m_CPU_enc_ECDSA: 109089984.43396322
  ME_ALLOC_S: 0
  ME_READ_S: 0
  ME_READ_L: 0
  ME_WRITE: 0
  ME_LARGE: 0
  ME_LATENCY: 0
  ME_THREADED: 0
  SUMM_CPU: 539.49410573365458
  SUMM_ME: 0
SystemInformation:
  OSName: Ubuntu 18.04.6 LTS
  Kernel: 4.9.337-tegra
  Device: quill
  Processor: ARM Cortex-A57 6 Core 2035 MHz
  NumSockets: 2
  Manufacturer: ARM
  NumCores: 6
  NumLogicals: 6
  CPUFrequency: 2035
  Memory: 7850
Checksum: AE2C498633BAF034DD44896DC051A6C7AA16829D