BaselineInfo:
  WebDBID: -1
  TimeStamp: 20240828111337
Version:
  Major: 11
  Minor: 0
  Build: 1002
  SpecialBuildName: ""
  ptArchitecture: aarch64_linux
Results:
  Results Complete: true
  NumTestProcesses: 6
  CPU_INTEGER_MATH: 5349.0926666666664
  CPU_FLOATINGPOINT_MATH: 632.63349534212477
  CPU_PRIME: 0
  CPU_SORTING: 89.791308700338334
  CPU_ENCRYPTION: 111.50855192304066
  CPU_COMPRESSION: 1611.7006873154378
  CPU_SINGLETHREAD: 117.79566698185216
  CPU_PHYSICS: 4.9875954850630366
  CPU_MATRIX_MULT_SSE: 319.7375415283596
  CPU_mm: 97.228253979389223
  CPU_sse: 229.28392681605743
  CPU_fma: 410.19115624066177
  CPU_avx: 0
  CPU_avx512: 0
  m_CPU_enc_SHA: 145766171.97522447
  m_CPU_enc_AES: 92880847.838282779
  m_CPU_enc_ECDSA: 55998482.143936045
  ME_ALLOC_S: 0
  ME_READ_S: 0
  ME_READ_L: 0
  ME_WRITE: 0
  ME_LARGE: 0
  ME_LATENCY: 0
  ME_THREADED: 0
  SUMM_CPU: 0
  SUMM_ME: 0
SystemInformation:
  OSName: Ubuntu 18.04.6 LTS
  Kernel: 4.9.337-tegra
  Device: quill
  Processor: ARM Cortex-A57 6 Core 2035 MHz
  NumSockets: 2
  Manufacturer: ARM
  NumCores: 6
  NumLogicals: 6
  CPUFrequency: 2035
  Memory: 7850
Checksum: 16428E1BBB32258B537C34061BD0E491D2C4AD43