BaselineInfo:
  WebDBID: -1
  TimeStamp: 20240828170544
Version:
  Major: 11
  Minor: 0
  Build: 1002
  SpecialBuildName: ""
  ptArchitecture: aarch64_linux
Results:
  Results Complete: true
  NumTestProcesses: 6
  CPU_INTEGER_MATH: 7915.6953333333322
  CPU_FLOATINGPOINT_MATH: 2148.4641687265866
  CPU_PRIME: 7.1197095447747252
  CPU_SORTING: 3308.3243970172912
  CPU_ENCRYPTION: 221.44756329916402
  CPU_COMPRESSION: 5622.9632239297334
  CPU_SINGLETHREAD: 278.30401491830816
  CPU_PHYSICS: 116.20495413329409
  CPU_MATRIX_MULT_SSE: 472.01581138736935
  CPU_mm: 142.10085442477521
  CPU_sse: 332.56995065954413
  CPU_fma: 611.46167211519457
  CPU_avx: 0
  CPU_avx512: 0
  m_CPU_enc_SHA: 323940128.95976901
  m_CPU_enc_AES: 175902731.18461525
  m_CPU_enc_ECDSA: 196770940.25756842
  ME_ALLOC_S: 0
  ME_READ_S: 0
  ME_READ_L: 0
  ME_WRITE: 0
  ME_LARGE: 0
  ME_LATENCY: 0
  ME_THREADED: 0
  SUMM_CPU: 822.59182761010265
  SUMM_ME: 0
SystemInformation:
  OSName: Ubuntu 18.04.6 LTS
  Kernel: 4.9.337-tegra
  Device: quill
  Processor: ARM Cortex-A57 6 Core 2035 MHz
  NumSockets: 2
  Manufacturer: ARM
  NumCores: 6
  NumLogicals: 6
  CPUFrequency: 2035
  Memory: 7850
Checksum: 38EFA2D66A345C82BFCB2F02350A821F508691D1