BaselineInfo:
  WebDBID: -1
  TimeStamp: 20240828074108
Version:
  Major: 11
  Minor: 0
  Build: 1002
  SpecialBuildName: ""
  ptArchitecture: aarch64_linux
Results:
  Results Complete: true
  NumTestProcesses: 6
  CPU_INTEGER_MATH: 5144.1866666666665
  CPU_FLOATINGPOINT_MATH: 1398.0061403229406
  CPU_PRIME: 5.849460446557913
  CPU_SORTING: 2170.6064166288184
  CPU_ENCRYPTION: 142.69531227800806
  CPU_COMPRESSION: 3709.7498208226807
  CPU_SINGLETHREAD: 184.06285571923186
  CPU_PHYSICS: 97.68771036462438
  CPU_MATRIX_MULT_SSE: 306.23868404926924
  CPU_mm: 92.074378452684869
  CPU_sse: 215.4082932978769
  CPU_fma: 397.06907480066161
  CPU_avx: 0
  CPU_avx512: 0
  m_CPU_enc_SHA: 211043029.93678945
  m_CPU_enc_AES: 114718223.95814043
  m_CPU_enc_ECDSA: 123119385.40674379
  ME_ALLOC_S: 0
  ME_READ_S: 0
  ME_READ_L: 0
  ME_WRITE: 0
  ME_LARGE: 0
  ME_LATENCY: 0
  ME_THREADED: 0
  SUMM_CPU: 542.34493472701206
  SUMM_ME: 0
SystemInformation:
  OSName: Ubuntu 18.04.6 LTS
  Kernel: 4.9.337-tegra
  Device: quill
  Processor: ARM Cortex-A57 6 Core 2035 MHz
  NumSockets: 2
  Manufacturer: ARM
  NumCores: 6
  NumLogicals: 6
  CPUFrequency: 2035
  Memory: 7850
Checksum: 5DC68B8A998AD54031BAC4D5AD50855A988E858B