BaselineInfo:
  WebDBID: -1
  TimeStamp: 20240828013619
Version:
  Major: 11
  Minor: 0
  Build: 1002
  SpecialBuildName: ""
  ptArchitecture: aarch64_linux
Results:
  Results Complete: true
  NumTestProcesses: 6
  CPU_INTEGER_MATH: 3132.6620000000003
  CPU_FLOATINGPOINT_MATH: 852.64050612264464
  CPU_PRIME: 3.9836436463487432
  CPU_SORTING: 1346.0554441907634
  CPU_ENCRYPTION: 86.746452831640639
  CPU_COMPRESSION: 2168.9186430173986
  CPU_SINGLETHREAD: 113.87859246071071
  CPU_PHYSICS: 69.837656095039222
  CPU_MATRIX_MULT_SSE: 186.89641897702131
  CPU_mm: 56.139059329148779
  CPU_sse: 131.32610744888075
  CPU_fma: 242.46673050516191
  CPU_avx: 0
  CPU_avx512: 0
  m_CPU_enc_SHA: 128758382.67984502
  m_CPU_enc_AES: 61642681.147965498
  m_CPU_enc_ECDSA: 82479681.745360732
  ME_ALLOC_S: 0
  ME_READ_S: 0
  ME_READ_L: 0
  ME_WRITE: 0
  ME_LARGE: 0
  ME_LATENCY: 0
  ME_THREADED: 0
  SUMM_CPU: 328.63489637227605
  SUMM_ME: 0
SystemInformation:
  OSName: Ubuntu 18.04.6 LTS
  Kernel: 4.9.337-tegra
  Device: quill
  Processor: ARM Cortex-A57 6 Core 2035 MHz
  NumSockets: 2
  Manufacturer: ARM
  NumCores: 6
  NumLogicals: 6
  CPUFrequency: 2035
  Memory: 7850
Checksum: D275F9093F3FE53794EE84635486A0A0F5E3C489