BaselineInfo:
  WebDBID: -1
  TimeStamp: 20240828134712
Version:
  Major: 11
  Minor: 0
  Build: 1002
  SpecialBuildName: ""
  ptArchitecture: aarch64_linux
Results:
  Results Complete: true
  NumTestProcesses: 6
  CPU_INTEGER_MATH: 7083.0546666666669
  CPU_FLOATINGPOINT_MATH: 1928.7569182635393
  CPU_PRIME: 6.8076484146219212
  CPU_SORTING: 2932.4746690719971
  CPU_ENCRYPTION: 194.73006822894334
  CPU_COMPRESSION: 4934.3491850029841
  CPU_SINGLETHREAD: 249.84229859453376
  CPU_PHYSICS: 116.45694728257904
  CPU_MATRIX_MULT_SSE: 421.88627583632194
  CPU_mm: 126.5965503962548
  CPU_sse: 296.99609388901615
  CPU_fma: 546.77645778362785
  CPU_avx: 0
  CPU_avx512: 0
  m_CPU_enc_SHA: 286102169.50465512
  m_CPU_enc_AES: 153320627.05391401
  m_CPU_enc_ECDSA: 173145031.51112837
  ME_ALLOC_S: 0
  ME_READ_S: 0
  ME_READ_L: 0
  ME_WRITE: 0
  ME_LARGE: 0
  ME_LATENCY: 0
  ME_THREADED: 0
  SUMM_CPU: 731.56516579843014
  SUMM_ME: 0
SystemInformation:
  OSName: Ubuntu 18.04.6 LTS
  Kernel: 4.9.337-tegra
  Device: quill
  Processor: ARM Cortex-A57 6 Core 2035 MHz
  NumSockets: 2
  Manufacturer: ARM
  NumCores: 6
  NumLogicals: 6
  CPUFrequency: 2035
  Memory: 7850
Checksum: F1AC8DE19B37C089EE32953040F45224F19FA265