BaselineInfo:
  WebDBID: -1
  TimeStamp: 20240828091730
Version:
  Major: 11
  Minor: 0
  Build: 1002
  SpecialBuildName: ""
  ptArchitecture: aarch64_linux
Results:
  Results Complete: true
  NumTestProcesses: 6
  CPU_INTEGER_MATH: 5129.2293333333328
  CPU_FLOATINGPOINT_MATH: 1374.4634365452171
  CPU_PRIME: 4.6230427317008731
  CPU_SORTING: 1978.7064763580856
  CPU_ENCRYPTION: 137.75304291380394
  CPU_COMPRESSION: 3619.6533679799386
  CPU_SINGLETHREAD: 181.00540422372728
  CPU_PHYSICS: 74.991302354343858
  CPU_MATRIX_MULT_SSE: 304.79317163505624
  CPU_mm: 91.363035880626512
  CPU_sse: 213.95869447534011
  CPU_fma: 395.62764879477237
  CPU_avx: 0
  CPU_avx512: 0
  m_CPU_enc_SHA: 208506864.14454222
  m_CPU_enc_AES: 114213827.23964788
  m_CPU_enc_ECDSA: 110612912.79496451
  ME_ALLOC_S: 0
  ME_READ_S: 0
  ME_READ_L: 0
  ME_WRITE: 0
  ME_LARGE: 0
  ME_LATENCY: 0
  ME_THREADED: 0
  SUMM_CPU: 523.09503423851993
  SUMM_ME: 0
SystemInformation:
  OSName: Ubuntu 18.04.6 LTS
  Kernel: 4.9.337-tegra
  Device: quill
  Processor: ARM Cortex-A57 6 Core 2035 MHz
  NumSockets: 2
  Manufacturer: ARM
  NumCores: 6
  NumLogicals: 6
  CPUFrequency: 2035
  Memory: 7850
Checksum: 4CDA067C3B99C85718C33B765AE2E3AC83A5896B