BaselineInfo:
  WebDBID: -1
  TimeStamp: 20240828193140
Version:
  Major: 11
  Minor: 0
  Build: 1002
  SpecialBuildName: ""
  ptArchitecture: aarch64_linux
Results:
  Results Complete: true
  NumTestProcesses: 6
  CPU_INTEGER_MATH: 8942.7813333333343
  CPU_FLOATINGPOINT_MATH: 2225.3433795462092
  CPU_PRIME: 2.1079056368707332
  CPU_SORTING: 1785.7155111912289
  CPU_ENCRYPTION: 233.85909016851156
  CPU_COMPRESSION: 5881.0145227173707
  CPU_SINGLETHREAD: 289.56417675560687
  CPU_PHYSICS: 37.525760142486433
  CPU_MATRIX_MULT_SSE: 532.91495986090285
  CPU_mm: 159.78142398486526
  CPU_sse: 376.03755541981428
  CPU_fma: 689.79236430199126
  CPU_avx: 0
  CPU_avx512: 0
  m_CPU_enc_SHA: 345889302.3426283
  m_CPU_enc_AES: 187700036.15243712
  m_CPU_enc_ECDSA: 202067749.50254619
  ME_ALLOC_S: 0
  ME_READ_S: 0
  ME_READ_L: 0
  ME_WRITE: 0
  ME_LARGE: 0
  ME_LATENCY: 0
  ME_THREADED: 0
  SUMM_CPU: 748.15082859761026
  SUMM_ME: 0
SystemInformation:
  OSName: Ubuntu 18.04.6 LTS
  Kernel: 4.9.337-tegra
  Device: quill
  Processor: ARM Cortex-A57 6 Core 2035 MHz
  NumSockets: 2
  Manufacturer: ARM
  NumCores: 6
  NumLogicals: 6
  CPUFrequency: 2035
  Memory: 7850
Checksum: DCA86E615A33318936FAF5659A37C725EAB487EB