BaselineInfo:
  WebDBID: -1
  TimeStamp: 20240828162711
Version:
  Major: 11
  Minor: 0
  Build: 1002
  SpecialBuildName: ""
  ptArchitecture: aarch64_linux
Results:
  Results Complete: true
  NumTestProcesses: 6
  CPU_INTEGER_MATH: 7735.8759999999984
  CPU_FLOATINGPOINT_MATH: 2126.2559030332732
  CPU_PRIME: 5.8463498836265622
  CPU_SORTING: 3132.213011169365
  CPU_ENCRYPTION: 220.32524405562538
  CPU_COMPRESSION: 5461.8210598539745
  CPU_SINGLETHREAD: 277.86853606084236
  CPU_PHYSICS: 96.816862184016685
  CPU_MATRIX_MULT_SSE: 472.60489987513108
  CPU_mm: 140.90809103565834
  CPU_sse: 332.99016324501713
  CPU_fma: 612.21963650524515
  CPU_avx: 0
  CPU_avx512: 0
  m_CPU_enc_SHA: 330866202.30452257
  m_CPU_enc_AES: 168941443.15809581
  m_CPU_enc_ECDSA: 193275643.86999583
  ME_ALLOC_S: 0
  ME_READ_S: 0
  ME_READ_L: 0
  ME_WRITE: 0
  ME_LARGE: 0
  ME_LATENCY: 0
  ME_THREADED: 0
  SUMM_CPU: 802.37359474414939
  SUMM_ME: 0
SystemInformation:
  OSName: Ubuntu 18.04.6 LTS
  Kernel: 4.9.337-tegra
  Device: quill
  Processor: ARM Cortex-A57 6 Core 2035 MHz
  NumSockets: 2
  Manufacturer: ARM
  NumCores: 6
  NumLogicals: 6
  CPUFrequency: 2035
  Memory: 7850
Checksum: 8A6F0001196601FC21D4C18302535FF0F60A9E5A