BaselineInfo:
  WebDBID: -1
  TimeStamp: 20240827234002
Version:
  Major: 11
  Minor: 0
  Build: 1002
  SpecialBuildName: ""
  ptArchitecture: aarch64_linux
Results:
  Results Complete: true
  NumTestProcesses: 6
  CPU_INTEGER_MATH: 3127.0293333333334
  CPU_FLOATINGPOINT_MATH: 823.60304581529283
  CPU_PRIME: 2.7912531986707427
  CPU_SORTING: 1195.4059497365308
  CPU_ENCRYPTION: 84.906128304895901
  CPU_COMPRESSION: 2072.3356124451957
  CPU_SINGLETHREAD: 110.92221915467863
  CPU_PHYSICS: 45.978278866165368
  CPU_MATRIX_MULT_SSE: 186.46005080120679
  CPU_mm: 55.222265849329531
  CPU_sse: 131.74599367209666
  CPU_fma: 241.17410793031689
  CPU_avx: 0
  CPU_avx512: 0
  m_CPU_enc_SHA: 124482010.29151776
  m_CPU_enc_AES: 68082963.745440423
  m_CPU_enc_ECDSA: 74526611.143345356
  ME_ALLOC_S: 0
  ME_READ_S: 0
  ME_READ_L: 0
  ME_WRITE: 0
  ME_LARGE: 0
  ME_LATENCY: 0
  ME_THREADED: 0
  SUMM_CPU: 313.79045863665556
  SUMM_ME: 0
SystemInformation:
  OSName: Ubuntu 18.04.6 LTS
  Kernel: 4.9.337-tegra
  Device: quill
  Processor: ARM Cortex-A57 6 Core 2035 MHz
  NumSockets: 2
  Manufacturer: ARM
  NumCores: 6
  NumLogicals: 6
  CPUFrequency: 2035
  Memory: 7850
Checksum: 4ED4B7A8629C621457089598FF715E81A7188788