BaselineInfo:
  WebDBID: -1
  TimeStamp: 20240828110911
Version:
  Major: 11
  Minor: 0
  Build: 1002
  SpecialBuildName: ""
  ptArchitecture: aarch64_linux
Results:
  Results Complete: true
  NumTestProcesses: 6
  CPU_INTEGER_MATH: 6152.1026666666667
  CPU_FLOATINGPOINT_MATH: 1672.2013380770322
  CPU_PRIME: 6.2387797999716152
  CPU_SORTING: 2574.0204733536216
  CPU_ENCRYPTION: 172.61351517636103
  CPU_COMPRESSION: 4354.5844868684908
  CPU_SINGLETHREAD: 216.918924712803
  CPU_PHYSICS: 103.47176630956379
  CPU_MATRIX_MULT_SSE: 233.72082793780569
  CPU_mm: 84.733328009299399
  CPU_sse: 170.00069028684325
  CPU_fma: 297.44096558876817
  CPU_avx: 0
  CPU_avx512: 0
  m_CPU_enc_SHA: 253410844.45087034
  m_CPU_enc_AES: 136848238.0976629
  m_CPU_enc_ECDSA: 152736085.32017064
  ME_ALLOC_S: 0
  ME_READ_S: 0
  ME_READ_L: 0
  ME_WRITE: 0
  ME_LARGE: 0
  ME_LATENCY: 0
  ME_THREADED: 0
  SUMM_CPU: 591.06690583014358
  SUMM_ME: 0
SystemInformation:
  OSName: Ubuntu 18.04.6 LTS
  Kernel: 4.9.337-tegra
  Device: quill
  Processor: ARM Cortex-A57 6 Core 2035 MHz
  NumSockets: 2
  Manufacturer: ARM
  NumCores: 6
  NumLogicals: 6
  CPUFrequency: 2035
  Memory: 7850
Checksum: B7748E3A9A5B354D66F7F5F938D047082A9E2C53