BaselineInfo:
  WebDBID: -1
  TimeStamp: 20240828065807
Version:
  Major: 11
  Minor: 0
  Build: 1002
  SpecialBuildName: ""
  ptArchitecture: aarch64_linux
Results:
  Results Complete: true
  NumTestProcesses: 6
  CPU_INTEGER_MATH: 5143.4293333333344
  CPU_FLOATINGPOINT_MATH: 1398.5274166238028
  CPU_PRIME: 5.6351898238991369
  CPU_SORTING: 2215.273268421276
  CPU_ENCRYPTION: 142.11880924823902
  CPU_COMPRESSION: 3645.7068953287599
  CPU_SINGLETHREAD: 183.73070467200904
  CPU_PHYSICS: 99.154250667854797
  CPU_MATRIX_MULT_SSE: 306.0650961155327
  CPU_mm: 91.711645941859473
  CPU_sse: 215.58379538021765
  CPU_fma: 396.54639685084777
  CPU_avx: 0
  CPU_avx512: 0
  m_CPU_enc_SHA: 211165318.11189562
  m_CPU_enc_AES: 117511061.31053247
  m_CPU_enc_ECDSA: 118390738.15641639
  ME_ALLOC_S: 0
  ME_READ_S: 0
  ME_READ_L: 0
  ME_WRITE: 0
  ME_LARGE: 0
  ME_LATENCY: 0
  ME_THREADED: 0
  SUMM_CPU: 539.16955016418012
  SUMM_ME: 0
SystemInformation:
  OSName: Ubuntu 18.04.6 LTS
  Kernel: 4.9.337-tegra
  Device: quill
  Processor: ARM Cortex-A57 6 Core 2035 MHz
  NumSockets: 2
  Manufacturer: ARM
  NumCores: 6
  NumLogicals: 6
  CPUFrequency: 2035
  Memory: 7850
Checksum: BE38DD2DA458693EEBEBAFC97579C207F0AEA8D5