BaselineInfo:
  WebDBID: -1
  TimeStamp: 20240828062658
Version:
  Major: 11
  Minor: 0
  Build: 1002
  SpecialBuildName: ""
  ptArchitecture: aarch64_linux
Results:
  Results Complete: true
  NumTestProcesses: 6
  CPU_INTEGER_MATH: 4142.8973333333333
  CPU_FLOATINGPOINT_MATH: 1121.2988562769735
  CPU_PRIME: 4.6116396499902743
  CPU_SORTING: 1760.2580556793271
  CPU_ENCRYPTION: 117.37023627388155
  CPU_COMPRESSION: 2787.7380200720386
  CPU_SINGLETHREAD: 147.04537268049373
  CPU_PHYSICS: 74.472016537887697
  CPU_MATRIX_MULT_SSE: 246.24625707912259
  CPU_mm: 73.855903047825279
  CPU_sse: 174.26098769224814
  CPU_fma: 318.23152646599704
  CPU_avx: 0
  CPU_avx512: 0
  m_CPU_enc_SHA: 173804057.51944223
  m_CPU_enc_AES: 93058093.772023425
  m_CPU_enc_ECDSA: 102352687.32189915
  ME_ALLOC_S: 0
  ME_READ_S: 0
  ME_READ_L: 0
  ME_WRITE: 0
  ME_LARGE: 0
  ME_LATENCY: 0
  ME_THREADED: 0
  SUMM_CPU: 429.73076061331034
  SUMM_ME: 0
SystemInformation:
  OSName: Ubuntu 18.04.6 LTS
  Kernel: 4.9.337-tegra
  Device: quill
  Processor: ARM Cortex-A57 6 Core 2035 MHz
  NumSockets: 2
  Manufacturer: ARM
  NumCores: 6
  NumLogicals: 6
  CPUFrequency: 2035
  Memory: 7850
Checksum: DFE8745EA0E52AA856A8AAF39CE9FD9EF6477BEA