BaselineInfo:
  WebDBID: -1
  TimeStamp: 20240828010015
Version:
  Major: 11
  Minor: 0
  Build: 1002
  SpecialBuildName: ""
  ptArchitecture: aarch64_linux
Results:
  Results Complete: true
  NumTestProcesses: 6
  CPU_INTEGER_MATH: 3144.9686666666666
  CPU_FLOATINGPOINT_MATH: 848.80794330374124
  CPU_PRIME: 4.1657808277815054
  CPU_SORTING: 1341.2947077350195
  CPU_ENCRYPTION: 85.779989502781859
  CPU_COMPRESSION: 2153.3158652785223
  CPU_SINGLETHREAD: 113.05085949632188
  CPU_PHYSICS: 69.418878158608678
  CPU_MATRIX_MULT_SSE: 187.45277089194354
  CPU_mm: 56.32684556091521
  CPU_sse: 131.74121792156339
  CPU_fma: 243.16432386232367
  CPU_avx: 0
  CPU_avx512: 0
  m_CPU_enc_SHA: 125305597.18145522
  m_CPU_enc_AES: 69340969.971772417
  m_CPU_enc_ECDSA: 75193947.665379331
  ME_ALLOC_S: 0
  ME_READ_S: 0
  ME_READ_L: 0
  ME_WRITE: 0
  ME_LARGE: 0
  ME_LATENCY: 0
  ME_THREADED: 0
  SUMM_CPU: 327.03187357576854
  SUMM_ME: 0
SystemInformation:
  OSName: Ubuntu 18.04.6 LTS
  Kernel: 4.9.337-tegra
  Device: quill
  Processor: ARM Cortex-A57 6 Core 2035 MHz
  NumSockets: 2
  Manufacturer: ARM
  NumCores: 6
  NumLogicals: 6
  CPUFrequency: 2035
  Memory: 7850
Checksum: D809B3B47E8D95828BC8DBDD817F12EAABF44A14