BaselineInfo:
  WebDBID: -1
  TimeStamp: 20240827205333
Version:
  Major: 11
  Minor: 0
  Build: 1002
  SpecialBuildName: ""
  ptArchitecture: aarch64_linux
Results:
  Results Complete: true
  NumTestProcesses: 6
  CPU_INTEGER_MATH: 2139.6559999999999
  CPU_FLOATINGPOINT_MATH: 578.97473181301336
  CPU_PRIME: 2.6513465753570062
  CPU_SORTING: 915.90308472233392
  CPU_ENCRYPTION: 59.176317320719029
  CPU_COMPRESSION: 0
  CPU_SINGLETHREAD: 237.09580119706166
  CPU_PHYSICS: 43.994983704926398
  CPU_MATRIX_MULT_SSE: 108.70647217072882
  CPU_mm: 33.505260097661491
  CPU_sse: 73.378901864196749
  CPU_fma: 144.0340424772609
  CPU_avx: 0
  CPU_avx512: 0
  m_CPU_enc_SHA: 84272152.465178609
  m_CPU_enc_AES: 49400473.171295628
  m_CPU_enc_ECDSA: 52479972.696196578
  ME_ALLOC_S: 0
  ME_READ_S: 0
  ME_READ_L: 0
  ME_WRITE: 0
  ME_LARGE: 0
  ME_LATENCY: 0
  ME_THREADED: 0
  SUMM_CPU: 0
  SUMM_ME: 0
SystemInformation:
  OSName: Ubuntu 18.04.6 LTS
  Kernel: 4.9.337-tegra
  Device: quill
  Processor: ARM Cortex-A57 6 Core 2035 MHz
  NumSockets: 2
  Manufacturer: ARM
  NumCores: 6
  NumLogicals: 6
  CPUFrequency: 2035
  Memory: 7850
Checksum: D8D2F9C8B5D9881AA366B1E0EDE912343279EB5E