BaselineInfo:
  WebDBID: -1
  TimeStamp: 20240827213608
Version:
  Major: 11
  Minor: 0
  Build: 1002
  SpecialBuildName: ""
  ptArchitecture: aarch64_linux
Results:
  Results Complete: true
  NumTestProcesses: 6
  CPU_INTEGER_MATH: 1781.674
  CPU_FLOATINGPOINT_MATH: 500.26599162709761
  CPU_PRIME: 2.3799957068269251
  CPU_SORTING: 816.03870144112261
  CPU_ENCRYPTION: 61.572666980345687
  CPU_COMPRESSION: 0
  CPU_SINGLETHREAD: 241.29474709708427
  CPU_PHYSICS: 45.581590880346752
  CPU_MATRIX_MULT_SSE: 110.98325480622114
  CPU_mm: 31.323864048533544
  CPU_sse: 78.423424452067223
  CPU_fma: 143.54308516037509
  CPU_avx: 0
  CPU_avx512: 0
  m_CPU_enc_SHA: 89577867.650155112
  m_CPU_enc_AES: 47787069.109323002
  m_CPU_enc_ECDSA: 56325925.795270741
  ME_ALLOC_S: 0
  ME_READ_S: 0
  ME_READ_L: 0
  ME_WRITE: 0
  ME_LARGE: 0
  ME_LATENCY: 0
  ME_THREADED: 0
  SUMM_CPU: 0
  SUMM_ME: 0
SystemInformation:
  OSName: Ubuntu 18.04.6 LTS
  Kernel: 4.9.337-tegra
  Device: quill
  Processor: ARM Cortex-A57 6 Core 2035 MHz
  NumSockets: 2
  Manufacturer: ARM
  NumCores: 6
  NumLogicals: 6
  CPUFrequency: 2035
  Memory: 7850
Checksum: 27471679373761AF16CEAFDAD08BDCB657C960FE