BaselineInfo:
  WebDBID: -1
  TimeStamp: 20240828191315
Version:
  Major: 11
  Minor: 0
  Build: 1002
  SpecialBuildName: ""
  ptArchitecture: aarch64_linux
Results:
  Results Complete: true
  NumTestProcesses: 6
  CPU_INTEGER_MATH: 9091.9286666666667
  CPU_FLOATINGPOINT_MATH: 2472.0638245254722
  CPU_PRIME: 8.0288997013490331
  CPU_SORTING: 3790.8440178028113
  CPU_ENCRYPTION: 250.3368578907567
  CPU_COMPRESSION: 6532.8758126474022
  CPU_SINGLETHREAD: 317.44142927371615
  CPU_PHYSICS: 130.82783084667085
  CPU_MATRIX_MULT_SSE: 541.07899580756634
  CPU_mm: 162.38985680452225
  CPU_sse: 382.50344388053998
  CPU_fma: 699.65454773459271
  CPU_avx: 0
  CPU_avx512: 0
  m_CPU_enc_SHA: 367489481.40030456
  m_CPU_enc_AES: 202014768.64099231
  m_CPU_enc_ECDSA: 217987413.25767726
  ME_ALLOC_S: 0
  ME_READ_S: 0
  ME_READ_L: 0
  ME_WRITE: 0
  ME_LARGE: 0
  ME_LATENCY: 0
  ME_THREADED: 0
  SUMM_CPU: 942.06950063068507
  SUMM_ME: 0
SystemInformation:
  OSName: Ubuntu 18.04.6 LTS
  Kernel: 4.9.337-tegra
  Device: quill
  Processor: ARM Cortex-A57 6 Core 2035 MHz
  NumSockets: 2
  Manufacturer: ARM
  NumCores: 6
  NumLogicals: 6
  CPUFrequency: 2035
  Memory: 7850
Checksum: B253279275DC68774AE4E3C0737DB1D75B147F2E