BaselineInfo:
  WebDBID: -1
  TimeStamp: 20240828183359
Version:
  Major: 11
  Minor: 0
  Build: 1002
  SpecialBuildName: ""
  ptArchitecture: aarch64_linux
Results:
  Results Complete: true
  NumTestProcesses: 6
  CPU_INTEGER_MATH: 8961.2886666666673
  CPU_FLOATINGPOINT_MATH: 2405.7053337118341
  CPU_PRIME: 7.3264417008345033
  CPU_SORTING: 3502.0352846443802
  CPU_ENCRYPTION: 248.23850012938402
  CPU_COMPRESSION: 5976.7146716417137
  CPU_SINGLETHREAD: 318.69617199284062
  CPU_PHYSICS: 121.95748105594282
  CPU_MATRIX_MULT_SSE: 541.42468457862742
  CPU_mm: 162.43385820331576
  CPU_sse: 379.36766276909151
  CPU_fma: 703.4817063881635
  CPU_avx: 0
  CPU_avx512: 0
  m_CPU_enc_SHA: 366826630.44987786
  m_CPU_enc_AES: 195653983.44477633
  m_CPU_enc_ECDSA: 218410186.64035282
  ME_ALLOC_S: 0
  ME_READ_S: 0
  ME_READ_L: 0
  ME_WRITE: 0
  ME_LARGE: 0
  ME_LATENCY: 0
  ME_THREADED: 0
  SUMM_CPU: 906.38418911984763
  SUMM_ME: 0
SystemInformation:
  OSName: Ubuntu 18.04.6 LTS
  Kernel: 4.9.337-tegra
  Device: quill
  Processor: ARM Cortex-A57 6 Core 2035 MHz
  NumSockets: 2
  Manufacturer: ARM
  NumCores: 6
  NumLogicals: 6
  CPUFrequency: 2035
  Memory: 7850
Checksum: F68827BE9F53221F4C75AF144ABD077D16CA4D7A