BaselineInfo:
  WebDBID: -1
  TimeStamp: 20240828142231
Version:
  Major: 11
  Minor: 0
  Build: 1002
  SpecialBuildName: ""
  ptArchitecture: aarch64_linux
Results:
  Results Complete: true
  NumTestProcesses: 6
  CPU_INTEGER_MATH: 7127.2639999999992
  CPU_FLOATINGPOINT_MATH: 1904.757593570167
  CPU_PRIME: 5.4492689987625065
  CPU_SORTING: 2842.5231645204494
  CPU_ENCRYPTION: 195.12906038919422
  CPU_COMPRESSION: 4796.6734186004651
  CPU_SINGLETHREAD: 248.9433494693057
  CPU_PHYSICS: 91.792688418697281
  CPU_MATRIX_MULT_SSE: 424.95736813595909
  CPU_mm: 127.26830214598824
  CPU_sse: 298.43741038993983
  CPU_fma: 551.47732588197846
  CPU_avx: 0
  CPU_avx512: 0
  m_CPU_enc_SHA: 291899090.87262321
  m_CPU_enc_AES: 152799880.57366118
  m_CPU_enc_ECDSA: 169123977.43369478
  ME_ALLOC_S: 0
  ME_READ_S: 0
  ME_READ_L: 0
  ME_WRITE: 0
  ME_LARGE: 0
  ME_LATENCY: 0
  ME_THREADED: 0
  SUMM_CPU: 716.26717924664433
  SUMM_ME: 0
SystemInformation:
  OSName: Ubuntu 18.04.6 LTS
  Kernel: 4.9.337-tegra
  Device: quill
  Processor: ARM Cortex-A57 6 Core 2035 MHz
  NumSockets: 2
  Manufacturer: ARM
  NumCores: 6
  NumLogicals: 6
  CPUFrequency: 2035
  Memory: 7850
Checksum: 24B44CB8DDD502270C14AC3140703ABB561E46D0