BaselineInfo:
  WebDBID: -1
  TimeStamp: 20240828115354
Version:
  Major: 11
  Minor: 0
  Build: 1002
  SpecialBuildName: ""
  ptArchitecture: aarch64_linux
Results:
  Results Complete: true
  NumTestProcesses: 6
  CPU_INTEGER_MATH: 5539.1833333333334
  CPU_FLOATINGPOINT_MATH: 706.83965533977209
  CPU_PRIME: 0
  CPU_SORTING: 73.153764487389466
  CPU_ENCRYPTION: 103.2090127493771
  CPU_COMPRESSION: 1903.3892669769634
  CPU_SINGLETHREAD: 145.55221662090122
  CPU_PHYSICS: 5.3015811007947669
  CPU_MATRIX_MULT_SSE: 328.02465347429825
  CPU_mm: 97.69545413898139
  CPU_sse: 227.08725962572225
  CPU_fma: 428.96204732287424
  CPU_avx: 0
  CPU_avx512: 0
  m_CPU_enc_SHA: 146330806.745004
  m_CPU_enc_AES: 97822954.873812109
  m_CPU_enc_ECDSA: 80513719.639256433
  ME_ALLOC_S: 0
  ME_READ_S: 0
  ME_READ_L: 0
  ME_WRITE: 0
  ME_LARGE: 0
  ME_LATENCY: 0
  ME_THREADED: 0
  SUMM_CPU: 0
  SUMM_ME: 0
SystemInformation:
  OSName: Ubuntu 18.04.6 LTS
  Kernel: 4.9.337-tegra
  Device: quill
  Processor: ARM Cortex-A57 6 Core 2035 MHz
  NumSockets: 2
  Manufacturer: ARM
  NumCores: 6
  NumLogicals: 6
  CPUFrequency: 2035
  Memory: 7850
Checksum: 14994A6DF166E5C00BF6AB28CC609DF83CE5338F