BaselineInfo:
  WebDBID: -1
  TimeStamp: 20240828145037
Version:
  Major: 11
  Minor: 0
  Build: 1002
  SpecialBuildName: ""
  ptArchitecture: aarch64_linux
Results:
  Results Complete: true
  NumTestProcesses: 6
  CPU_INTEGER_MATH: 7141.1799999999994
  CPU_FLOATINGPOINT_MATH: 1948.0920215520434
  CPU_PRIME: 7.1619997096801233
  CPU_SORTING: 3014.8899480428317
  CPU_ENCRYPTION: 199.64344909860026
  CPU_COMPRESSION: 5070.3532250410462
  CPU_SINGLETHREAD: 251.28904661221955
  CPU_PHYSICS: 117.75084929673439
  CPU_MATRIX_MULT_SSE: 425.17510770258593
  CPU_mm: 127.27540899970246
  CPU_sse: 300.60328000334232
  CPU_fma: 549.74693540182966
  CPU_avx: 0
  CPU_avx512: 0
  m_CPU_enc_SHA: 291152356.51141244
  m_CPU_enc_AES: 156791344.13793471
  m_CPU_enc_ECDSA: 180080287.19669449
  ME_ALLOC_S: 0
  ME_READ_S: 0
  ME_READ_L: 0
  ME_WRITE: 0
  ME_LARGE: 0
  ME_LATENCY: 0
  ME_THREADED: 0
  SUMM_CPU: 746.59911581903441
  SUMM_ME: 0
SystemInformation:
  OSName: Ubuntu 18.04.6 LTS
  Kernel: 4.9.337-tegra
  Device: quill
  Processor: ARM Cortex-A57 6 Core 2035 MHz
  NumSockets: 2
  Manufacturer: ARM
  NumCores: 6
  NumLogicals: 6
  CPUFrequency: 2035
  Memory: 7850
Checksum: EE5CC5FC2983BC7EC9985FC564722F677EBE1406