BaselineInfo:
  WebDBID: -1
  TimeStamp: 20240828113000
Version:
  Major: 11
  Minor: 0
  Build: 1002
  SpecialBuildName: ""
  ptArchitecture: aarch64_linux
Results:
  Results Complete: true
  NumTestProcesses: 6
  CPU_INTEGER_MATH: 5920.4059999999999
  CPU_FLOATINGPOINT_MATH: 1358.8824778069688
  CPU_PRIME: 0.93420229581224767
  CPU_SORTING: 838.47439286100268
  CPU_ENCRYPTION: 147.78425811173935
  CPU_COMPRESSION: 3241.5476395085461
  CPU_SINGLETHREAD: 185.30373887303375
  CPU_PHYSICS: 17.40792852719909
  CPU_MATRIX_MULT_SSE: 350.0496156508695
  CPU_mm: 106.45439499068453
  CPU_sse: 249.0650618808271
  CPU_fma: 451.03416942091184
  CPU_avx: 0
  CPU_avx512: 0
  m_CPU_enc_SHA: 221545957.55374086
  m_CPU_enc_AES: 124565878.17428423
  m_CPU_enc_ECDSA: 118777242.97330044
  ME_ALLOC_S: 0
  ME_READ_S: 0
  ME_READ_L: 0
  ME_WRITE: 0
  ME_LARGE: 0
  ME_LATENCY: 0
  ME_THREADED: 0
  SUMM_CPU: 422.71757166681357
  SUMM_ME: 0
SystemInformation:
  OSName: Ubuntu 18.04.6 LTS
  Kernel: 4.9.337-tegra
  Device: quill
  Processor: ARM Cortex-A57 6 Core 2035 MHz
  NumSockets: 2
  Manufacturer: ARM
  NumCores: 6
  NumLogicals: 6
  CPUFrequency: 2035
  Memory: 7850
Checksum: 8523B8E8C92C272124DC01779F4C1EC6994E2E22