BaselineInfo:
  WebDBID: -1
  TimeStamp: 20240828174805
Version:
  Major: 11
  Minor: 0
  Build: 1002
  SpecialBuildName: ""
  ptArchitecture: aarch64_linux
Results:
  Results Complete: true
  NumTestProcesses: 6
  CPU_INTEGER_MATH: 7512.4626666666672
  CPU_FLOATINGPOINT_MATH: 1399.0366137476965
  CPU_PRIME: 0.57206037035827939
  CPU_SORTING: 529.61930908084457
  CPU_ENCRYPTION: 173.16077994947102
  CPU_COMPRESSION: 3540.1823672949622
  CPU_SINGLETHREAD: 211.6513368451437
  CPU_PHYSICS: 10.438228779647936
  CPU_MATRIX_MULT_SSE: 436.24605087679606
  CPU_mm: 137.27476914316114
  CPU_sse: 320.67509266949617
  CPU_fma: 551.81700908409596
  CPU_avx: 0
  CPU_avx512: 0
  m_CPU_enc_SHA: 258545228.58920243
  m_CPU_enc_AES: 142459373.03639078
  m_CPU_enc_ECDSA: 143712112.36329642
  ME_ALLOC_S: 0
  ME_READ_S: 0
  ME_READ_L: 0
  ME_WRITE: 0
  ME_LARGE: 0
  ME_LATENCY: 0
  ME_THREADED: 0
  SUMM_CPU: 388.04454915413652
  SUMM_ME: 0
SystemInformation:
  OSName: Ubuntu 18.04.6 LTS
  Kernel: 4.9.337-tegra
  Device: quill
  Processor: ARM Cortex-A57 6 Core 2035 MHz
  NumSockets: 2
  Manufacturer: ARM
  NumCores: 6
  NumLogicals: 6
  CPUFrequency: 2035
  Memory: 7850
Checksum: A0E3E8AE1BED958AEA417C5664FB92499E4ED3DC