BaselineInfo:
  WebDBID: -1
  TimeStamp: 20240828072336
Version:
  Major: 11
  Minor: 0
  Build: 1002
  SpecialBuildName: ""
  ptArchitecture: aarch64_linux
Results:
  Results Complete: true
  NumTestProcesses: 6
  CPU_INTEGER_MATH: 5128.1406666666662
  CPU_FLOATINGPOINT_MATH: 1375.333438022423
  CPU_PRIME: 4.6632499207761562
  CPU_SORTING: 2131.320846231537
  CPU_ENCRYPTION: 141.6805292521496
  CPU_COMPRESSION: 3470.8662167274292
  CPU_SINGLETHREAD: 184.05887197523711
  CPU_PHYSICS: 80.676824902332982
  CPU_MATRIX_MULT_SSE: 305.87229499032486
  CPU_mm: 91.753450372596546
  CPU_sse: 215.19703393360891
  CPU_fma: 396.54755604704076
  CPU_avx: 0
  CPU_avx512: 0
  m_CPU_enc_SHA: 205553722.3098731
  m_CPU_enc_AES: 114155369.5125483
  m_CPU_enc_ECDSA: 125979316.10088459
  ME_ALLOC_S: 0
  ME_READ_S: 0
  ME_READ_L: 0
  ME_WRITE: 0
  ME_LARGE: 0
  ME_LATENCY: 0
  ME_THREADED: 0
  SUMM_CPU: 524.52727864232804
  SUMM_ME: 0
SystemInformation:
  OSName: Ubuntu 18.04.6 LTS
  Kernel: 4.9.337-tegra
  Device: quill
  Processor: ARM Cortex-A57 6 Core 2035 MHz
  NumSockets: 2
  Manufacturer: ARM
  NumCores: 6
  NumLogicals: 6
  CPUFrequency: 2035
  Memory: 7850
Checksum: 06685D1AF9F30F17045FE5770041FE0C1E63D6F9