BaselineInfo:
  WebDBID: -1
  TimeStamp: 20240828052731
Version:
  Major: 11
  Minor: 0
  Build: 1002
  SpecialBuildName: ""
  ptArchitecture: aarch64_linux
Results:
  Results Complete: true
  NumTestProcesses: 6
  CPU_INTEGER_MATH: 4145.1220000000003
  CPU_FLOATINGPOINT_MATH: 1120.9525409027585
  CPU_PRIME: 4.9829218971384526
  CPU_SORTING: 1754.8810150901488
  CPU_ENCRYPTION: 113.37379056708582
  CPU_COMPRESSION: 2865.3383563309262
  CPU_SINGLETHREAD: 149.68937753257268
  CPU_PHYSICS: 86.588633591973519
  CPU_MATRIX_MULT_SSE: 247.41083277248362
  CPU_mm: 74.059086286381913
  CPU_sse: 174.25139853691863
  CPU_fma: 320.57026700804869
  CPU_avx: 0
  CPU_avx512: 0
  m_CPU_enc_SHA: 170733472.76696971
  m_CPU_enc_AES: 89403671.945456371
  m_CPU_enc_ECDSA: 96505962.740591645
  ME_ALLOC_S: 0
  ME_READ_S: 0
  ME_READ_L: 0
  ME_WRITE: 0
  ME_LARGE: 0
  ME_LATENCY: 0
  ME_THREADED: 0
  SUMM_CPU: 431.482782329847
  SUMM_ME: 0
SystemInformation:
  OSName: Ubuntu 18.04.6 LTS
  Kernel: 4.9.337-tegra
  Device: quill
  Processor: ARM Cortex-A57 6 Core 2035 MHz
  NumSockets: 2
  Manufacturer: ARM
  NumCores: 6
  NumLogicals: 6
  CPUFrequency: 2035
  Memory: 7850
Checksum: EFEFE9CFB3DCD066DDE708774D14E7F043761900