BaselineInfo:
  WebDBID: -1
  TimeStamp: 20240827232027
Version:
  Major: 11
  Minor: 0
  Build: 1002
  SpecialBuildName: ""
  ptArchitecture: aarch64_linux
Results:
  Results Complete: true
  NumTestProcesses: 6
  CPU_INTEGER_MATH: 3081.9206666666664
  CPU_FLOATINGPOINT_MATH: 789.65548789918591
  CPU_PRIME: 1.6718176489869787
  CPU_SORTING: 1124.5444607124073
  CPU_ENCRYPTION: 85.31147439639048
  CPU_COMPRESSION: 1979.5987841496419
  CPU_SINGLETHREAD: 109.65389762439088
  CPU_PHYSICS: 30.163694194577047
  CPU_MATRIX_MULT_SSE: 184.61719298467591
  CPU_mm: 55.961528390499844
  CPU_sse: 129.57642006350045
  CPU_fma: 239.65796590585143
  CPU_avx: 0
  CPU_avx512: 0
  m_CPU_enc_SHA: 125798459.59019452
  m_CPU_enc_AES: 67064367.91303537
  m_CPU_enc_ECDSA: 75503866.226778761
  ME_ALLOC_S: 0
  ME_READ_S: 0
  ME_READ_L: 0
  ME_WRITE: 0
  ME_LARGE: 0
  ME_LATENCY: 0
  ME_THREADED: 0
  SUMM_CPU: 298.15057515641865
  SUMM_ME: 0
SystemInformation:
  OSName: Ubuntu 18.04.6 LTS
  Kernel: 4.9.337-tegra
  Device: quill
  Processor: ARM Cortex-A57 6 Core 2035 MHz
  NumSockets: 2
  Manufacturer: ARM
  NumCores: 6
  NumLogicals: 6
  CPUFrequency: 2035
  Memory: 7850
Checksum: AF2D010FC404F2BCCE51752DD4E97C7E754794DF