BaselineInfo:
  WebDBID: -1
  TimeStamp: 20240828090517
Version:
  Major: 11
  Minor: 0
  Build: 1002
  SpecialBuildName: ""
  ptArchitecture: aarch64_linux
Results:
  Results Complete: true
  NumTestProcesses: 6
  CPU_INTEGER_MATH: 5136.8026666666665
  CPU_FLOATINGPOINT_MATH: 1392.0906158562971
  CPU_PRIME: 5.0695536075147603
  CPU_SORTING: 2227.96322893962
  CPU_ENCRYPTION: 139.56891115081211
  CPU_COMPRESSION: 3587.8960555003978
  CPU_SINGLETHREAD: 182.09782672161342
  CPU_PHYSICS: 88.186965431009924
  CPU_MATRIX_MULT_SSE: 305.47560644379371
  CPU_mm: 91.859969109489754
  CPU_sse: 215.68374968043659
  CPU_fma: 395.26746320715085
  CPU_avx: 0
  CPU_avx512: 0
  m_CPU_enc_SHA: 207415862.03310868
  m_CPU_enc_AES: 112489634.13577881
  m_CPU_enc_ECDSA: 119140335.56773439
  ME_ALLOC_S: 0
  ME_READ_S: 0
  ME_READ_L: 0
  ME_WRITE: 0
  ME_LARGE: 0
  ME_LATENCY: 0
  ME_THREADED: 0
  SUMM_CPU: 530.77063681410675
  SUMM_ME: 0
SystemInformation:
  OSName: Ubuntu 18.04.6 LTS
  Kernel: 4.9.337-tegra
  Device: quill
  Processor: ARM Cortex-A57 6 Core 2035 MHz
  NumSockets: 2
  Manufacturer: ARM
  NumCores: 6
  NumLogicals: 6
  CPUFrequency: 2035
  Memory: 7850
Checksum: 1A2F1A5D39C6B032A6DEC65228DF02109B1867C9