BaselineInfo:
  WebDBID: -1
  TimeStamp: 20240827202406
Version:
  Major: 11
  Minor: 0
  Build: 1002
  SpecialBuildName: ""
  ptArchitecture: aarch64_linux
Results:
  Results Complete: true
  NumTestProcesses: 6
  CPU_INTEGER_MATH: 601.32266666666669
  CPU_FLOATINGPOINT_MATH: 133.98095487108378
  CPU_PRIME: 0
  CPU_SORTING: 0.26393318132898536
  CPU_ENCRYPTION: 225.47612321159286
  CPU_COMPRESSION: 29.961323190265187
  CPU_SINGLETHREAD: 0
  CPU_PHYSICS: 0
  CPU_MATRIX_MULT_SSE: 34.951417112618756
  CPU_mm: 10.673168954094386
  CPU_sse: 25.626752720095517
  CPU_fma: 44.276081505141995
  CPU_avx: 0
  CPU_avx512: 0
  m_CPU_enc_SHA: 0
  m_CPU_enc_AES: 34023504.868589751
  m_CPU_enc_ECDSA: 0
  ME_ALLOC_S: 0
  ME_READ_S: 0
  ME_READ_L: 0
  ME_WRITE: 0
  ME_LARGE: 0
  ME_LATENCY: 0
  ME_THREADED: 0
  SUMM_CPU: 0
  SUMM_ME: 0
SystemInformation:
  OSName: Ubuntu 18.04.6 LTS
  Kernel: 4.9.337-tegra
  Device: quill
  Processor: ARM Cortex-A57 6 Core 2035 MHz
  NumSockets: 2
  Manufacturer: ARM
  NumCores: 6
  NumLogicals: 6
  CPUFrequency: 2035
  Memory: 7850
Checksum: E4D6B0F7AE5FE6EE91BED72CEB1DB6369F140181