BaselineInfo:
  WebDBID: -1
  TimeStamp: 20240827203827
Version:
  Major: 11
  Minor: 0
  Build: 1002
  SpecialBuildName: ""
  ptArchitecture: aarch64_linux
Results:
  Results Complete: true
  NumTestProcesses: 6
  CPU_INTEGER_MATH: 2143.2060000000001
  CPU_FLOATINGPOINT_MATH: 558.37855421993663
  CPU_PRIME: 2.8064519148272367
  CPU_SORTING: 942.14683756167994
  CPU_ENCRYPTION: 57.385655891122418
  CPU_COMPRESSION: 0
  CPU_SINGLETHREAD: 78.149066004542149
  CPU_PHYSICS: 50.838234914812816
  CPU_MATRIX_MULT_SSE: 127.91996348669423
  CPU_mm: 38.413257816088382
  CPU_sse: 89.141540212283942
  CPU_fma: 166.69838676110453
  CPU_avx: 0
  CPU_avx512: 0
  m_CPU_enc_SHA: 81361312.343531176
  m_CPU_enc_AES: 45805054.263914257
  m_CPU_enc_ECDSA: 53353297.927623302
  ME_ALLOC_S: 0
  ME_READ_S: 0
  ME_READ_L: 0
  ME_WRITE: 0
  ME_LARGE: 0
  ME_LATENCY: 0
  ME_THREADED: 0
  SUMM_CPU: 0
  SUMM_ME: 0
SystemInformation:
  OSName: Ubuntu 18.04.6 LTS
  Kernel: 4.9.337-tegra
  Device: quill
  Processor: ARM Cortex-A57 6 Core 2035 MHz
  NumSockets: 2
  Manufacturer: ARM
  NumCores: 6
  NumLogicals: 6
  CPUFrequency: 2035
  Memory: 7850
Checksum: E8209DE086E76B5B029035F32726AC93BB58C941