BaselineInfo:
  WebDBID: -1
  TimeStamp: 20240828063827
Version:
  Major: 11
  Minor: 0
  Build: 1002
  SpecialBuildName: ""
  ptArchitecture: aarch64_linux
Results:
  Results Complete: true
  NumTestProcesses: 6
  CPU_INTEGER_MATH: 5114.177333333334
  CPU_FLOATINGPOINT_MATH: 1345.1432071917234
  CPU_PRIME: 3.4559781416763267
  CPU_SORTING: 1951.1725224239785
  CPU_ENCRYPTION: 140.0763852530481
  CPU_COMPRESSION: 3443.2729028481217
  CPU_SINGLETHREAD: 180.99677153680909
  CPU_PHYSICS: 56.239074874970512
  CPU_MATRIX_MULT_SSE: 304.00354440896183
  CPU_mm: 91.643308706840557
  CPU_sse: 214.24556724172288
  CPU_fma: 393.76152157620089
  CPU_avx: 0
  CPU_avx512: 0
  m_CPU_enc_SHA: 212352454.52475891
  m_CPU_enc_AES: 110301400.72891951
  m_CPU_enc_ECDSA: 117988351.97562219
  ME_ALLOC_S: 0
  ME_READ_S: 0
  ME_READ_L: 0
  ME_WRITE: 0
  ME_LARGE: 0
  ME_LATENCY: 0
  ME_THREADED: 0
  SUMM_CPU: 507.79661411341573
  SUMM_ME: 0
SystemInformation:
  OSName: Ubuntu 18.04.6 LTS
  Kernel: 4.9.337-tegra
  Device: quill
  Processor: ARM Cortex-A57 6 Core 2035 MHz
  NumSockets: 2
  Manufacturer: ARM
  NumCores: 6
  NumLogicals: 6
  CPUFrequency: 2035
  Memory: 7850
Checksum: A54D616FB78CAB3F344A05A9B66B78D91594970B