BaselineInfo:
  WebDBID: -1
  TimeStamp: 20240828173021
Version:
  Major: 11
  Minor: 0
  Build: 1002
  SpecialBuildName: ""
  ptArchitecture: aarch64_linux
Results:
  Results Complete: true
  NumTestProcesses: 6
  CPU_INTEGER_MATH: 7960.5199999999995
  CPU_FLOATINGPOINT_MATH: 2154.3348037066362
  CPU_PRIME: 7.059844881575529
  CPU_SORTING: 3317.947410016392
  CPU_ENCRYPTION: 221.94647572226711
  CPU_COMPRESSION: 5477.8867767587535
  CPU_SINGLETHREAD: 277.77949822113158
  CPU_PHYSICS: 114.34680402890631
  CPU_MATRIX_MULT_SSE: 474.0679650047461
  CPU_mm: 142.65499903842755
  CPU_sse: 333.39810541580562
  CPU_fma: 614.7378245936867
  CPU_avx: 0
  CPU_avx512: 0
  m_CPU_enc_SHA: 325981425.75429928
  m_CPU_enc_AES: 176658843.38772205
  m_CPU_enc_ECDSA: 195542974.0388346
  ME_ALLOC_S: 0
  ME_READ_S: 0
  ME_READ_L: 0
  ME_WRITE: 0
  ME_LARGE: 0
  ME_LATENCY: 0
  ME_THREADED: 0
  SUMM_CPU: 817.49365926235021
  SUMM_ME: 0
SystemInformation:
  OSName: Ubuntu 18.04.6 LTS
  Kernel: 4.9.337-tegra
  Device: quill
  Processor: ARM Cortex-A57 6 Core 2035 MHz
  NumSockets: 2
  Manufacturer: ARM
  NumCores: 6
  NumLogicals: 6
  CPUFrequency: 2035
  Memory: 7850
Checksum: 989E45C1E7AA77F112F91B492A5A631BCE5D28BA