BaselineInfo:
  WebDBID: -1
  TimeStamp: 20240828170731
Version:
  Major: 11
  Minor: 0
  Build: 1002
  SpecialBuildName: ""
  ptArchitecture: aarch64_linux
Results:
  Results Complete: true
  NumTestProcesses: 6
  CPU_INTEGER_MATH: 7934.3446666666678
  CPU_FLOATINGPOINT_MATH: 2148.423751499718
  CPU_PRIME: 7.5202425753276465
  CPU_SORTING: 3290.5331269520548
  CPU_ENCRYPTION: 219.45238723974177
  CPU_COMPRESSION: 5791.4014942181748
  CPU_SINGLETHREAD: 278.5475275230732
  CPU_PHYSICS: 126.21365540736222
  CPU_MATRIX_MULT_SSE: 471.69429991922073
  CPU_mm: 141.77536491965179
  CPU_sse: 331.95425484982928
  CPU_fma: 611.43434498861211
  CPU_avx: 0
  CPU_avx512: 0
  m_CPU_enc_SHA: 317693520.10305262
  m_CPU_enc_AES: 179810920.49568343
  m_CPU_enc_ECDSA: 192833078.60816246
  ME_ALLOC_S: 0
  ME_READ_S: 0
  ME_READ_L: 0
  ME_WRITE: 0
  ME_LARGE: 0
  ME_LATENCY: 0
  ME_THREADED: 0
  SUMM_CPU: 830.00158886474276
  SUMM_ME: 0
SystemInformation:
  OSName: Ubuntu 18.04.6 LTS
  Kernel: 4.9.337-tegra
  Device: quill
  Processor: ARM Cortex-A57 6 Core 2035 MHz
  NumSockets: 2
  Manufacturer: ARM
  NumCores: 6
  NumLogicals: 6
  CPUFrequency: 2035
  Memory: 7850
Checksum: 4015610C7814810094F800859BA08D957A4135DA