BaselineInfo:
  WebDBID: -1
  TimeStamp: 20240828152151
Version:
  Major: 11
  Minor: 0
  Build: 1002
  SpecialBuildName: ""
  ptArchitecture: aarch64_linux
Results:
  Results Complete: true
  NumTestProcesses: 6
  CPU_INTEGER_MATH: 7659.1960000000008
  CPU_FLOATINGPOINT_MATH: 1680.7960521307491
  CPU_PRIME: 0.95787545642644001
  CPU_SORTING: 915.65485516730064
  CPU_ENCRYPTION: 189.29057154180123
  CPU_COMPRESSION: 4232.3739107936781
  CPU_SINGLETHREAD: 230.93835495522524
  CPU_PHYSICS: 17.536652180655693
  CPU_MATRIX_MULT_SSE: 452.18020909373678
  CPU_mm: 136.58794638039927
  CPU_sse: 321.39777898275122
  CPU_fma: 582.96263920472234
  CPU_avx: 0
  CPU_avx512: 0
  m_CPU_enc_SHA: 281645570.04601902
  m_CPU_enc_AES: 157064125.34950697
  m_CPU_enc_ECDSA: 156746955.63952136
  ME_ALLOC_S: 0
  ME_READ_S: 0
  ME_READ_L: 0
  ME_WRITE: 0
  ME_LARGE: 0
  ME_LATENCY: 0
  ME_THREADED: 0
  SUMM_CPU: 509.29065037230572
  SUMM_ME: 0
SystemInformation:
  OSName: Ubuntu 18.04.6 LTS
  Kernel: 4.9.337-tegra
  Device: quill
  Processor: ARM Cortex-A57 6 Core 2035 MHz
  NumSockets: 2
  Manufacturer: ARM
  NumCores: 6
  NumLogicals: 6
  CPUFrequency: 2035
  Memory: 7850
Checksum: 2D0456339B8D036EB8B3ADC804113E544ACBF10F