BaselineInfo:
  WebDBID: -1
  TimeStamp: 20240828024805
Version:
  Major: 11
  Minor: 0
  Build: 1002
  SpecialBuildName: ""
  ptArchitecture: aarch64_linux
Results:
  Results Complete: true
  NumTestProcesses: 6
  CPU_INTEGER_MATH: 3139.6199999999999
  CPU_FLOATINGPOINT_MATH: 827.96680518858977
  CPU_PRIME: 4.1905565565775031
  CPU_SORTING: 1358.2420170534092
  CPU_ENCRYPTION: 86.217643177118347
  CPU_COMPRESSION: 2145.8762354496712
  CPU_SINGLETHREAD: 112.75938835659974
  CPU_PHYSICS: 70.111244711611931
  CPU_MATRIX_MULT_SSE: 186.65175303402151
  CPU_mm: 56.136472861048034
  CPU_sse: 131.66701191158126
  CPU_fma: 241.63649415646171
  CPU_avx: 0
  CPU_avx512: 0
  m_CPU_enc_SHA: 119761608.62069646
  m_CPU_enc_AES: 71458098.230730176
  m_CPU_enc_ECDSA: 79997547.384843513
  ME_ALLOC_S: 0
  ME_READ_S: 0
  ME_READ_L: 0
  ME_WRITE: 0
  ME_LARGE: 0
  ME_LATENCY: 0
  ME_THREADED: 0
  SUMM_CPU: 326.38618219381533
  SUMM_ME: 0
SystemInformation:
  OSName: Ubuntu 18.04.6 LTS
  Kernel: 4.9.337-tegra
  Device: quill
  Processor: ARM Cortex-A57 6 Core 2035 MHz
  NumSockets: 2
  Manufacturer: ARM
  NumCores: 6
  NumLogicals: 6
  CPUFrequency: 2035
  Memory: 7850
Checksum: 33B09EC99EE5517B7C995210765322ED538E1EE9