BaselineInfo:
  WebDBID: -1
  TimeStamp: 20240828111010
Version:
  Major: 11
  Minor: 0
  Build: 1002
  SpecialBuildName: ""
  ptArchitecture: aarch64_linux
Results:
  Results Complete: true
  NumTestProcesses: 6
  CPU_INTEGER_MATH: 4707.9153333333343
  CPU_FLOATINGPOINT_MATH: 1169.4419729939564
  CPU_PRIME: 6.3633901748161001
  CPU_SORTING: 2600.3784730405537
  CPU_ENCRYPTION: 174.33059594981842
  CPU_COMPRESSION: 4331.0141297702576
  CPU_SINGLETHREAD: 218.82820415865172
  CPU_PHYSICS: 108.25939733709768
  CPU_MATRIX_MULT_SSE: 365.7138413160398
  CPU_mm: 109.89846481038892
  CPU_sse: 258.38895683546417
  CPU_fma: 473.03872579661549
  CPU_avx: 0
  CPU_avx512: 0
  m_CPU_enc_SHA: 259565503.33721346
  m_CPU_enc_AES: 133354328.68446329
  m_CPU_enc_ECDSA: 155476804.91435367
  ME_ALLOC_S: 0
  ME_READ_S: 0
  ME_READ_L: 0
  ME_WRITE: 0
  ME_LARGE: 0
  ME_LATENCY: 0
  ME_THREADED: 0
  SUMM_CPU: 611.40824878720002
  SUMM_ME: 0
SystemInformation:
  OSName: Ubuntu 18.04.6 LTS
  Kernel: 4.9.337-tegra
  Device: quill
  Processor: ARM Cortex-A57 6 Core 2035 MHz
  NumSockets: 2
  Manufacturer: ARM
  NumCores: 6
  NumLogicals: 6
  CPUFrequency: 2035
  Memory: 7850
Checksum: ED536F2BEF4F42B311247FBEBCF001A7AD9240B1