BaselineInfo:
  WebDBID: -1
  TimeStamp: 20240828134133
Version:
  Major: 11
  Minor: 0
  Build: 1002
  SpecialBuildName: ""
  ptArchitecture: aarch64_linux
Results:
  Results Complete: true
  NumTestProcesses: 6
  CPU_INTEGER_MATH: 6978.0693333333338
  CPU_FLOATINGPOINT_MATH: 1723.0701299779635
  CPU_PRIME: 1.9615335570548555
  CPU_SORTING: 1680.6691951615969
  CPU_ENCRYPTION: 185.41782712219199
  CPU_COMPRESSION: 4509.7347502719422
  CPU_SINGLETHREAD: 230.56910243678269
  CPU_PHYSICS: 35.701163766623111
  CPU_MATRIX_MULT_SSE: 415.42850595620939
  CPU_mm: 125.88778158012056
  CPU_sse: 295.28053376659079
  CPU_fma: 535.57647814582799
  CPU_avx: 0
  CPU_avx512: 0
  m_CPU_enc_SHA: 268323041.97797978
  m_CPU_enc_AES: 147617267.68666434
  m_CPU_enc_ECDSA: 167333740.81279466
  ME_ALLOC_S: 0
  ME_READ_S: 0
  ME_READ_L: 0
  ME_WRITE: 0
  ME_LARGE: 0
  ME_LATENCY: 0
  ME_THREADED: 0
  SUMM_CPU: 607.09659602876286
  SUMM_ME: 0
SystemInformation:
  OSName: Ubuntu 18.04.6 LTS
  Kernel: 4.9.337-tegra
  Device: quill
  Processor: ARM Cortex-A57 6 Core 2035 MHz
  NumSockets: 2
  Manufacturer: ARM
  NumCores: 6
  NumLogicals: 6
  CPUFrequency: 2035
  Memory: 7850
Checksum: 79061E893A266A3AC93CD15E07083D965774D41C