BaselineInfo:
  WebDBID: -1
  TimeStamp: 20240828040631
Version:
  Major: 11
  Minor: 0
  Build: 1002
  SpecialBuildName: ""
  ptArchitecture: aarch64_linux
Results:
  Results Complete: true
  NumTestProcesses: 6
  CPU_INTEGER_MATH: 4143.7966666666671
  CPU_FLOATINGPOINT_MATH: 1104.4632600179211
  CPU_PRIME: 4.5164989198901093
  CPU_SORTING: 1792.0423443765651
  CPU_ENCRYPTION: 113.99801976755209
  CPU_COMPRESSION: 2812.5079339662161
  CPU_SINGLETHREAD: 147.43228154914681
  CPU_PHYSICS: 81.95474573551455
  CPU_MATRIX_MULT_SSE: 246.61766138662912
  CPU_mm: 73.796034474655045
  CPU_sse: 174.11657023833357
  CPU_fma: 319.11875253492468
  CPU_avx: 0
  CPU_avx512: 0
  m_CPU_enc_SHA: 173820700.89403731
  m_CPU_enc_AES: 92253994.318935201
  m_CPU_enc_ECDSA: 92532067.514369607
  ME_ALLOC_S: 0
  ME_READ_S: 0
  ME_READ_L: 0
  ME_WRITE: 0
  ME_LARGE: 0
  ME_LATENCY: 0
  ME_THREADED: 0
  SUMM_CPU: 427.79785625253533
  SUMM_ME: 0
SystemInformation:
  OSName: Ubuntu 18.04.6 LTS
  Kernel: 4.9.337-tegra
  Device: quill
  Processor: ARM Cortex-A57 6 Core 2035 MHz
  NumSockets: 2
  Manufacturer: ARM
  NumCores: 6
  NumLogicals: 6
  CPUFrequency: 2035
  Memory: 7850
Checksum: D66BF4916F9CD037D54120932122EB33DEBC463D