BaselineInfo:
  WebDBID: -1
  TimeStamp: 20240828072125
Version:
  Major: 11
  Minor: 0
  Build: 1002
  SpecialBuildName: ""
  ptArchitecture: aarch64_linux
Results:
  Results Complete: true
  NumTestProcesses: 6
  CPU_INTEGER_MATH: 5116.402
  CPU_FLOATINGPOINT_MATH: 1347.1317261957608
  CPU_PRIME: 3.4137760762809806
  CPU_SORTING: 1913.0645494492419
  CPU_ENCRYPTION: 140.63511068832537
  CPU_COMPRESSION: 3617.073105912727
  CPU_SINGLETHREAD: 178.56420407471722
  CPU_PHYSICS: 55.930420447641438
  CPU_MATRIX_MULT_SSE: 302.82945377849171
  CPU_mm: 91.61480289674293
  CPU_sse: 214.13587344836122
  CPU_fma: 391.52303410862226
  CPU_avx: 0
  CPU_avx512: 0
  m_CPU_enc_SHA: 206613373.96860486
  m_CPU_enc_AES: 111860728.9770751
  m_CPU_enc_ECDSA: 123925702.52968444
  ME_ALLOC_S: 0
  ME_READ_S: 0
  ME_READ_L: 0
  ME_WRITE: 0
  ME_LARGE: 0
  ME_LATENCY: 0
  ME_THREADED: 0
  SUMM_CPU: 514.13019702948327
  SUMM_ME: 0
SystemInformation:
  OSName: Ubuntu 18.04.6 LTS
  Kernel: 4.9.337-tegra
  Device: quill
  Processor: ARM Cortex-A57 6 Core 2035 MHz
  NumSockets: 2
  Manufacturer: ARM
  NumCores: 6
  NumLogicals: 6
  CPUFrequency: 2035
  Memory: 7850
Checksum: 2275667A6F86CA2C86D6CA89AEB97ABA7CEF34AF