BaselineInfo:
  WebDBID: -1
  TimeStamp: 20240828102955
Version:
  Major: 11
  Minor: 0
  Build: 1002
  SpecialBuildName: ""
  ptArchitecture: aarch64_linux
Results:
  Results Complete: true
  NumTestProcesses: 6
  CPU_INTEGER_MATH: 6115.0406666666668
  CPU_FLOATINGPOINT_MATH: 1666.6497590498213
  CPU_PRIME: 6.6407857364452632
  CPU_SORTING: 2663.9166990772319
  CPU_ENCRYPTION: 166.76187214284744
  CPU_COMPRESSION: 4346.8487529800404
  CPU_SINGLETHREAD: 217.39255914868573
  CPU_PHYSICS: 109.58988073585863
  CPU_MATRIX_MULT_SSE: 365.31749861150638
  CPU_mm: 109.95634335298999
  CPU_sse: 258.80640171201651
  CPU_fma: 471.82859551099631
  CPU_avx: 0
  CPU_avx512: 0
  m_CPU_enc_SHA: 262716727.11772341
  m_CPU_enc_AES: 131513444.8646933
  m_CPU_enc_ECDSA: 130357318.54975842
  ME_ALLOC_S: 0
  ME_READ_S: 0
  ME_READ_L: 0
  ME_WRITE: 0
  ME_LARGE: 0
  ME_LATENCY: 0
  ME_THREADED: 0
  SUMM_CPU: 638.68094156164636
  SUMM_ME: 0
SystemInformation:
  OSName: Ubuntu 18.04.6 LTS
  Kernel: 4.9.337-tegra
  Device: quill
  Processor: ARM Cortex-A57 6 Core 2035 MHz
  NumSockets: 2
  Manufacturer: ARM
  NumCores: 6
  NumLogicals: 6
  CPUFrequency: 2035
  Memory: 7850
Checksum: DA641C92B603B3EDD57FE65D5CFD34DACB1021F8