BaselineInfo:
  WebDBID: -1
  TimeStamp: 20240828090055
Version:
  Major: 11
  Minor: 0
  Build: 1002
  SpecialBuildName: ""
  ptArchitecture: aarch64_linux
Results:
  Results Complete: true
  NumTestProcesses: 6
  CPU_INTEGER_MATH: 5071.2460000000001
  CPU_FLOATINGPOINT_MATH: 1268.5865967397767
  CPU_PRIME: 1.9325642995711543
  CPU_SORTING: 1500.0037700319401
  CPU_ENCRYPTION: 134.70122834076616
  CPU_COMPRESSION: 3200.5376277088731
  CPU_SINGLETHREAD: 171.09232648778604
  CPU_PHYSICS: 33.450610839358113
  CPU_MATRIX_MULT_SSE: 303.48159442670146
  CPU_mm: 90.893634923301903
  CPU_sse: 213.70476743580531
  CPU_fma: 393.25842141759767
  CPU_avx: 0
  CPU_avx512: 0
  m_CPU_enc_SHA: 202832147.99955675
  m_CPU_enc_AES: 105970273.54695001
  m_CPU_enc_ECDSA: 114931004.07943484
  ME_ALLOC_S: 0
  ME_READ_S: 0
  ME_READ_L: 0
  ME_WRITE: 0
  ME_LARGE: 0
  ME_LATENCY: 0
  ME_THREADED: 0
  SUMM_CPU: 459.88396629634735
  SUMM_ME: 0
SystemInformation:
  OSName: Ubuntu 18.04.6 LTS
  Kernel: 4.9.337-tegra
  Device: quill
  Processor: ARM Cortex-A57 6 Core 2035 MHz
  NumSockets: 2
  Manufacturer: ARM
  NumCores: 6
  NumLogicals: 6
  CPUFrequency: 2035
  Memory: 7850
Checksum: 510AF9CE6DB814F478D73D2C7B059B0A6F240311