BaselineInfo:
  WebDBID: -1
  TimeStamp: 20240827231206
Version:
  Major: 11
  Minor: 0
  Build: 1002
  SpecialBuildName: ""
  ptArchitecture: aarch64_linux
Results:
  Results Complete: true
  NumTestProcesses: 6
  CPU_INTEGER_MATH: 1851.2066666666665
  CPU_FLOATINGPOINT_MATH: 493.18178486113226
  CPU_PRIME: 2.3946303341972004
  CPU_SORTING: 885.8736289183397
  CPU_ENCRYPTION: 59.314787831850957
  CPU_COMPRESSION: 0
  CPU_SINGLETHREAD: 78.147801540274045
  CPU_PHYSICS: 52.411316644944762
  CPU_MATRIX_MULT_SSE: 127.42949254748851
  CPU_mm: 38.370013610309151
  CPU_sse: 89.842377793256261
  CPU_fma: 165.01660730172077
  CPU_avx: 0
  CPU_avx512: 0
  m_CPU_enc_SHA: 89003623.214215577
  m_CPU_enc_AES: 48845760.806086726
  m_CPU_enc_ECDSA: 48738804.876410544
  ME_ALLOC_S: 0
  ME_READ_S: 0
  ME_READ_L: 0
  ME_WRITE: 0
  ME_LARGE: 0
  ME_LATENCY: 0
  ME_THREADED: 0
  SUMM_CPU: 0
  SUMM_ME: 0
SystemInformation:
  OSName: Ubuntu 18.04.6 LTS
  Kernel: 4.9.337-tegra
  Device: quill
  Processor: ARM Cortex-A57 6 Core 2035 MHz
  NumSockets: 2
  Manufacturer: ARM
  NumCores: 6
  NumLogicals: 6
  CPUFrequency: 2035
  Memory: 7850
Checksum: 32B15AE9FE83DE24D7DFE26B3E811143ED7DBE9C