BaselineInfo:
  WebDBID: -1
  TimeStamp: 20240827191454
Version:
  Major: 11
  Minor: 0
  Build: 1002
  SpecialBuildName: ""
  ptArchitecture: aarch64_linux
Results:
  Results Complete: true
  NumTestProcesses: 6
  CPU_INTEGER_MATH: 1871.8913333333335
  CPU_FLOATINGPOINT_MATH: 493.07752394799911
  CPU_PRIME: 2.1436022141884878
  CPU_SORTING: 824.00447134864146
  CPU_ENCRYPTION: 60.682960036528684
  CPU_COMPRESSION: 0
  CPU_SINGLETHREAD: 234.51235654793052
  CPU_PHYSICS: 42.164854342395074
  CPU_MATRIX_MULT_SSE: 109.43821108400059
  CPU_mm: 33.250291615700093
  CPU_sse: 74.488463396004164
  CPU_fma: 144.38795877199701
  CPU_avx: 0
  CPU_avx512: 0
  m_CPU_enc_SHA: 85672688.220453173
  m_CPU_enc_AES: 48290441.775377728
  m_CPU_enc_ECDSA: 56928956.513958387
  ME_ALLOC_S: 0
  ME_READ_S: 0
  ME_READ_L: 0
  ME_WRITE: 0
  ME_LARGE: 0
  ME_LATENCY: 0
  ME_THREADED: 0
  SUMM_CPU: 0
  SUMM_ME: 0
SystemInformation:
  OSName: Ubuntu 18.04.6 LTS
  Kernel: 4.9.337-tegra
  Device: quill
  Processor: ARM Cortex-A57 6 Core 2035 MHz
  NumSockets: 2
  Manufacturer: ARM
  NumCores: 6
  NumLogicals: 6
  CPUFrequency: 2035
  Memory: 7850
Checksum: 5B3E38D3BCCE79EB06DF6D19177DF6E164C566E7