BaselineInfo:
  WebDBID: -1
  TimeStamp: 20240828053207
Version:
  Major: 11
  Minor: 0
  Build: 1002
  SpecialBuildName: ""
  ptArchitecture: aarch64_linux
Results:
  Results Complete: true
  NumTestProcesses: 6
  CPU_INTEGER_MATH: 3911.2479999999996
  CPU_FLOATINGPOINT_MATH: 778.93989122591802
  CPU_PRIME: 0.55752918081976921
  CPU_SORTING: 513.37041142631188
  CPU_ENCRYPTION: 95.458919665196817
  CPU_COMPRESSION: 2017.3758405853437
  CPU_SINGLETHREAD: 120.53045524031869
  CPU_PHYSICS: 9.9477461680761703
  CPU_MATRIX_MULT_SSE: 234.84890041851469
  CPU_mm: 70.879713254552087
  CPU_sse: 164.52785554253987
  CPU_fma: 305.16994529448959
  CPU_avx: 0
  CPU_avx512: 0
  m_CPU_enc_SHA: 142300973.157998
  m_CPU_enc_AES: 78641637.665474415
  m_CPU_enc_ECDSA: 79345185.617087856
  ME_ALLOC_S: 0
  ME_READ_S: 0
  ME_READ_L: 0
  ME_WRITE: 0
  ME_LARGE: 0
  ME_LATENCY: 0
  ME_THREADED: 0
  SUMM_CPU: 262.65302777363189
  SUMM_ME: 0
SystemInformation:
  OSName: Ubuntu 18.04.6 LTS
  Kernel: 4.9.337-tegra
  Device: quill
  Processor: ARM Cortex-A57 6 Core 2035 MHz
  NumSockets: 2
  Manufacturer: ARM
  NumCores: 6
  NumLogicals: 6
  CPUFrequency: 2035
  Memory: 7850
Checksum: F7AB4747E07FB473FE3FD5A244A392639DB02ACA