BaselineInfo:
  WebDBID: -1
  TimeStamp: 20240828142613
Version:
  Major: 11
  Minor: 0
  Build: 1002
  SpecialBuildName: ""
  ptArchitecture: aarch64_linux
Results:
  Results Complete: true
  NumTestProcesses: 6
  CPU_INTEGER_MATH: 7149.2266666666674
  CPU_FLOATINGPOINT_MATH: 1937.6955697597127
  CPU_PRIME: 7.2736310870536904
  CPU_SORTING: 2994.4160852052373
  CPU_ENCRYPTION: 197.85376883837154
  CPU_COMPRESSION: 5063.6920177800366
  CPU_SINGLETHREAD: 254.73255011650915
  CPU_PHYSICS: 120.89769956159185
  CPU_MATRIX_MULT_SSE: 421.46111630272702
  CPU_mm: 127.48454503621376
  CPU_sse: 298.73501741406875
  CPU_fma: 544.18721519138523
  CPU_avx: 0
  CPU_avx512: 0
  m_CPU_enc_SHA: 295892208.93719226
  m_CPU_enc_AES: 157960439.47429469
  m_CPU_enc_ECDSA: 168541492.12890586
  ME_ALLOC_S: 0
  ME_READ_S: 0
  ME_READ_L: 0
  ME_WRITE: 0
  ME_LARGE: 0
  ME_LATENCY: 0
  ME_THREADED: 0
  SUMM_CPU: 743.95469481427358
  SUMM_ME: 0
SystemInformation:
  OSName: Ubuntu 18.04.6 LTS
  Kernel: 4.9.337-tegra
  Device: quill
  Processor: ARM Cortex-A57 6 Core 2035 MHz
  NumSockets: 2
  Manufacturer: ARM
  NumCores: 6
  NumLogicals: 6
  CPUFrequency: 2035
  Memory: 7850
Checksum: 33A65C85F93992A3FFA70013832F0D19613B80EF