BaselineInfo:
  WebDBID: -1
  TimeStamp: 20240828055311
Version:
  Major: 11
  Minor: 0
  Build: 1002
  SpecialBuildName: ""
  ptArchitecture: aarch64_linux
Results:
  Results Complete: true
  NumTestProcesses: 6
  CPU_INTEGER_MATH: 4129.4073333333336
  CPU_FLOATINGPOINT_MATH: 1110.033646458631
  CPU_PRIME: 4.1661019082546771
  CPU_SORTING: 1762.6779035818249
  CPU_ENCRYPTION: 114.57217496916867
  CPU_COMPRESSION: 2812.1929368980036
  CPU_SINGLETHREAD: 146.2661731904625
  CPU_PHYSICS: 68.941229188892805
  CPU_MATRIX_MULT_SSE: 245.96811103670831
  CPU_mm: 74.311134140554202
  CPU_sse: 172.28432180956858
  CPU_fma: 319.65190026384806
  CPU_avx: 0
  CPU_avx512: 0
  m_CPU_enc_SHA: 165633315.20885214
  m_CPU_enc_AES: 93551862.873973086
  m_CPU_enc_ECDSA: 101227720.73858781
  ME_ALLOC_S: 0
  ME_READ_S: 0
  ME_READ_L: 0
  ME_WRITE: 0
  ME_LARGE: 0
  ME_LATENCY: 0
  ME_THREADED: 0
  SUMM_CPU: 425.58050710794322
  SUMM_ME: 0
SystemInformation:
  OSName: Ubuntu 18.04.6 LTS
  Kernel: 4.9.337-tegra
  Device: quill
  Processor: ARM Cortex-A57 6 Core 2035 MHz
  NumSockets: 2
  Manufacturer: ARM
  NumCores: 6
  NumLogicals: 6
  CPUFrequency: 2035
  Memory: 7850
Checksum: 62E15C978846134493999673471825DC210B74C4