BaselineInfo:
  WebDBID: -1
  TimeStamp: 20240827215052
Version:
  Major: 11
  Minor: 0
  Build: 1002
  SpecialBuildName: ""
  ptArchitecture: aarch64_linux
Results:
  Results Complete: true
  NumTestProcesses: 6
  CPU_INTEGER_MATH: 1847.846
  CPU_FLOATINGPOINT_MATH: 496.85080310798725
  CPU_PRIME: 2.2706204368062526
  CPU_SORTING: 788.87914632655202
  CPU_ENCRYPTION: 60.505613117681072
  CPU_COMPRESSION: 0
  CPU_SINGLETHREAD: 231.45740286611522
  CPU_PHYSICS: 42.765148723635377
  CPU_MATRIX_MULT_SSE: 111.98973050445962
  CPU_mm: 31.650436681398933
  CPU_sse: 78.278310282026496
  CPU_fma: 145.70115072689276
  CPU_avx: 0
  CPU_avx512: 0
  m_CPU_enc_SHA: 84368264.010383174
  m_CPU_enc_AES: 44411097.788189135
  m_CPU_enc_ECDSA: 61554839.542884327
  ME_ALLOC_S: 0
  ME_READ_S: 0
  ME_READ_L: 0
  ME_WRITE: 0
  ME_LARGE: 0
  ME_LATENCY: 0
  ME_THREADED: 0
  SUMM_CPU: 0
  SUMM_ME: 0
SystemInformation:
  OSName: Ubuntu 18.04.6 LTS
  Kernel: 4.9.337-tegra
  Device: quill
  Processor: ARM Cortex-A57 6 Core 2035 MHz
  NumSockets: 2
  Manufacturer: ARM
  NumCores: 6
  NumLogicals: 6
  CPUFrequency: 2035
  Memory: 7850
Checksum: 5394381E323419B692E75A69505523BAAE8A6AB3