BaselineInfo:
  WebDBID: -1
  TimeStamp: 20240828171950
Version:
  Major: 11
  Minor: 0
  Build: 1002
  SpecialBuildName: ""
  ptArchitecture: aarch64_linux
Results:
  Results Complete: true
  NumTestProcesses: 6
  CPU_INTEGER_MATH: 7934.4393333333337
  CPU_FLOATINGPOINT_MATH: 2166.8072750135216
  CPU_PRIME: 7.6202487152141112
  CPU_SORTING: 3322.7870151062261
  CPU_ENCRYPTION: 222.20743776381983
  CPU_COMPRESSION: 5713.8828673840053
  CPU_SINGLETHREAD: 279.17695320485029
  CPU_PHYSICS: 126.59585602691725
  CPU_MATRIX_MULT_SSE: 473.79909136459889
  CPU_mm: 142.17762398273999
  CPU_sse: 331.33573469168624
  CPU_fma: 616.26244803751149
  CPU_avx: 0
  CPU_avx512: 0
  m_CPU_enc_SHA: 327830890.71817994
  m_CPU_enc_AES: 172975256.84319544
  m_CPU_enc_ECDSA: 198198011.22053006
  ME_ALLOC_S: 0
  ME_READ_S: 0
  ME_READ_L: 0
  ME_WRITE: 0
  ME_LARGE: 0
  ME_LATENCY: 0
  ME_THREADED: 0
  SUMM_CPU: 831.90065542398236
  SUMM_ME: 0
SystemInformation:
  OSName: Ubuntu 18.04.6 LTS
  Kernel: 4.9.337-tegra
  Device: quill
  Processor: ARM Cortex-A57 6 Core 2035 MHz
  NumSockets: 2
  Manufacturer: ARM
  NumCores: 6
  NumLogicals: 6
  CPUFrequency: 2035
  Memory: 7850
Checksum: 0B27C4F74ABDCD0845539EFCF02550F0E560A823