BaselineInfo:
  WebDBID: -1
  TimeStamp: 20240828134617
Version:
  Major: 11
  Minor: 0
  Build: 1002
  SpecialBuildName: ""
  ptArchitecture: aarch64_linux
Results:
  Results Complete: true
  NumTestProcesses: 6
  CPU_INTEGER_MATH: 7084.3326666666671
  CPU_FLOATINGPOINT_MATH: 1911.9007555352366
  CPU_PRIME: 6.5531364149616582
  CPU_SORTING: 2952.6257689971026
  CPU_ENCRYPTION: 192.7482912324237
  CPU_COMPRESSION: 5033.9160496439627
  CPU_SINGLETHREAD: 248.9071928238813
  CPU_PHYSICS: 111.72597938805174
  CPU_MATRIX_MULT_SSE: 420.99135745410439
  CPU_mm: 126.93934154882861
  CPU_sse: 295.56195287914545
  CPU_fma: 546.42076202906344
  CPU_avx: 0
  CPU_avx512: 0
  m_CPU_enc_SHA: 278131849.38632429
  m_CPU_enc_AES: 160005636.17756176
  m_CPU_enc_ECDSA: 168196211.11810365
  ME_ALLOC_S: 0
  ME_READ_S: 0
  ME_READ_L: 0
  ME_WRITE: 0
  ME_LARGE: 0
  ME_LATENCY: 0
  ME_THREADED: 0
  SUMM_CPU: 731.35903418358066
  SUMM_ME: 0
SystemInformation:
  OSName: Ubuntu 18.04.6 LTS
  Kernel: 4.9.337-tegra
  Device: quill
  Processor: ARM Cortex-A57 6 Core 2035 MHz
  NumSockets: 2
  Manufacturer: ARM
  NumCores: 6
  NumLogicals: 6
  CPUFrequency: 2035
  Memory: 7850
Checksum: 497EEB3752D1EB28A53A2EB14E0205AD5A104578