BaselineInfo:
  WebDBID: -1
  TimeStamp: 20240828045008
Version:
  Major: 11
  Minor: 0
  Build: 1002
  SpecialBuildName: ""
  ptArchitecture: aarch64_linux
Results:
  Results Complete: true
  NumTestProcesses: 6
  CPU_INTEGER_MATH: 4117.3846666666668
  CPU_FLOATINGPOINT_MATH: 1103.839619483573
  CPU_PRIME: 4.0811272589941812
  CPU_SORTING: 1686.9782015052992
  CPU_ENCRYPTION: 114.73861761093278
  CPU_COMPRESSION: 2847.4711087527012
  CPU_SINGLETHREAD: 146.1917255215283
  CPU_PHYSICS: 66.435578416342281
  CPU_MATRIX_MULT_SSE: 245.56578699049555
  CPU_mm: 74.143981527565487
  CPU_sse: 174.19753615291845
  CPU_fma: 316.93403782807269
  CPU_avx: 0
  CPU_avx512: 0
  m_CPU_enc_SHA: 179058679.21719792
  m_CPU_enc_AES: 91520447.751428708
  m_CPU_enc_ECDSA: 90357355.131377712
  ME_ALLOC_S: 0
  ME_READ_S: 0
  ME_READ_L: 0
  ME_WRITE: 0
  ME_LARGE: 0
  ME_LATENCY: 0
  ME_THREADED: 0
  SUMM_CPU: 425.52058623991854
  SUMM_ME: 0
SystemInformation:
  OSName: Ubuntu 18.04.6 LTS
  Kernel: 4.9.337-tegra
  Device: quill
  Processor: ARM Cortex-A57 6 Core 2035 MHz
  NumSockets: 2
  Manufacturer: ARM
  NumCores: 6
  NumLogicals: 6
  CPUFrequency: 2035
  Memory: 7850
Checksum: FE73B03DAC664C31F152A50801D7F51D5B50159D