BaselineInfo:
  WebDBID: -1
  TimeStamp: 20240828172208
Version:
  Major: 11
  Minor: 0
  Build: 1002
  SpecialBuildName: ""
  ptArchitecture: aarch64_linux
Results:
  Results Complete: true
  NumTestProcesses: 6
  CPU_INTEGER_MATH: 6957.5740000000005
  CPU_FLOATINGPOINT_MATH: 740.14081298975975
  CPU_PRIME: 0
  CPU_SORTING: 69.647022546238617
  CPU_ENCRYPTION: 120.95543783606885
  CPU_COMPRESSION: 2304.9922296380878
  CPU_SINGLETHREAD: 172.81225011656005
  CPU_PHYSICS: 4.9982500179259368
  CPU_MATRIX_MULT_SSE: 415.83023841227475
  CPU_mm: 128.06859390279496
  CPU_sse: 300.99902167080057
  CPU_fma: 530.66145515374899
  CPU_avx: 0
  CPU_avx512: 0
  m_CPU_enc_SHA: 154372021.34674051
  m_CPU_enc_AES: 113575392.83902183
  m_CPU_enc_ECDSA: 84957668.9673374
  ME_ALLOC_S: 0
  ME_READ_S: 0
  ME_READ_L: 0
  ME_WRITE: 0
  ME_LARGE: 0
  ME_LATENCY: 0
  ME_THREADED: 0
  SUMM_CPU: 0
  SUMM_ME: 0
SystemInformation:
  OSName: Ubuntu 18.04.6 LTS
  Kernel: 4.9.337-tegra
  Device: quill
  Processor: ARM Cortex-A57 6 Core 2035 MHz
  NumSockets: 2
  Manufacturer: ARM
  NumCores: 6
  NumLogicals: 6
  CPUFrequency: 2035
  Memory: 7850
Checksum: 6CAF57CBA181EEEF3E9FF3137E129DB1603B36C2