BaselineInfo:
  WebDBID: -1
  TimeStamp: 20240827202115
Version:
  Major: 11
  Minor: 0
  Build: 1002
  SpecialBuildName: ""
  ptArchitecture: aarch64_linux
Results:
  Results Complete: true
  NumTestProcesses: 6
  CPU_INTEGER_MATH: 1363.6733333333334
  CPU_FLOATINGPOINT_MATH: 260.7304649482702
  CPU_PRIME: 0
  CPU_SORTING: 116.1877578368733
  CPU_ENCRYPTION: 0.18611866633937021
  CPU_COMPRESSION: 23.254204959215976
  CPU_SINGLETHREAD: 0
  CPU_PHYSICS: 0
  CPU_MATRIX_MULT_SSE: 31.234677999614615
  CPU_mm: 9.5701713427670754
  CPU_sse: 22.005664169105675
  CPU_fma: 40.463691830123551
  CPU_avx: 0
  CPU_avx512: 0
  m_CPU_enc_SHA: 0
  m_CPU_enc_AES: 0
  m_CPU_enc_ECDSA: 0
  ME_ALLOC_S: 0
  ME_READ_S: 0
  ME_READ_L: 0
  ME_WRITE: 0
  ME_LARGE: 0
  ME_LATENCY: 0
  ME_THREADED: 0
  SUMM_CPU: 0
  SUMM_ME: 0
SystemInformation:
  OSName: Ubuntu 18.04.6 LTS
  Kernel: 4.9.337-tegra
  Device: quill
  Processor: ARM Cortex-A57 6 Core 2035 MHz
  NumSockets: 2
  Manufacturer: ARM
  NumCores: 6
  NumLogicals: 6
  CPUFrequency: 2035
  Memory: 7850
Checksum: 3261F0CFA08667570AA3E3D0022A31F194CF3A28