BaselineInfo:
  WebDBID: -1
  TimeStamp: 20240828070327
Version:
  Major: 11
  Minor: 0
  Build: 1002
  SpecialBuildName: ""
  ptArchitecture: aarch64_linux
Results:
  Results Complete: true
  NumTestProcesses: 6
  CPU_INTEGER_MATH: 4805.3273333333336
  CPU_FLOATINGPOINT_MATH: 922.43930873516911
  CPU_PRIME: 0.56183512861286633
  CPU_SORTING: 522.58181665958534
  CPU_ENCRYPTION: 119.37961161134524
  CPU_COMPRESSION: 2433.1891610784887
  CPU_SINGLETHREAD: 146.52692595864272
  CPU_PHYSICS: 10.438195789088608
  CPU_MATRIX_MULT_SSE: 288.73155271250738
  CPU_mm: 87.226216354478822
  CPU_sse: 205.51513110862655
  CPU_fma: 371.94797431638824
  CPU_avx: 0
  CPU_avx512: 0
  m_CPU_enc_SHA: 178558397.80836928
  m_CPU_enc_AES: 98503332.342312425
  m_CPU_enc_ECDSA: 98474056.724252105
  ME_ALLOC_S: 0
  ME_READ_S: 0
  ME_READ_L: 0
  ME_WRITE: 0
  ME_LARGE: 0
  ME_LATENCY: 0
  ME_THREADED: 0
  SUMM_CPU: 303.55760964308445
  SUMM_ME: 0
SystemInformation:
  OSName: Ubuntu 18.04.6 LTS
  Kernel: 4.9.337-tegra
  Device: quill
  Processor: ARM Cortex-A57 6 Core 2035 MHz
  NumSockets: 2
  Manufacturer: ARM
  NumCores: 6
  NumLogicals: 6
  CPUFrequency: 2035
  Memory: 7850
Checksum: 42DD6510DD46A2FA4C06EAAF548F2BDD8ABDE4BD