BaselineInfo:
  WebDBID: -1
  TimeStamp: 20240828075111
Version:
  Major: 11
  Minor: 0
  Build: 1002
  SpecialBuildName: ""
  ptArchitecture: aarch64_linux
Results:
  Results Complete: true
  NumTestProcesses: 6
  CPU_INTEGER_MATH: 5136.8026666666665
  CPU_FLOATINGPOINT_MATH: 1371.1385504727684
  CPU_PRIME: 4.5714699006600537
  CPU_SORTING: 2099.1552926173613
  CPU_ENCRYPTION: 140.25867923826183
  CPU_COMPRESSION: 3478.9340253807004
  CPU_SINGLETHREAD: 181.24995130346477
  CPU_PHYSICS: 74.10389222699294
  CPU_MATRIX_MULT_SSE: 306.03692086438031
  CPU_mm: 91.72667250755471
  CPU_sse: 214.63448085750866
  CPU_fma: 397.43936087125201
  CPU_avx: 0
  CPU_avx512: 0
  m_CPU_enc_SHA: 211226808.3665536
  m_CPU_enc_AES: 112784474.68840359
  m_CPU_enc_ECDSA: 117204371.46786173
  ME_ALLOC_S: 0
  ME_READ_S: 0
  ME_READ_L: 0
  ME_WRITE: 0
  ME_LARGE: 0
  ME_LATENCY: 0
  ME_THREADED: 0
  SUMM_CPU: 521.25186269224855
  SUMM_ME: 0
SystemInformation:
  OSName: Ubuntu 18.04.6 LTS
  Kernel: 4.9.337-tegra
  Device: quill
  Processor: ARM Cortex-A57 6 Core 2035 MHz
  NumSockets: 2
  Manufacturer: ARM
  NumCores: 6
  NumLogicals: 6
  CPUFrequency: 2035
  Memory: 7850
Checksum: 1BC0811B6D479DA2399904FF4764A9388C9694AC