BaselineInfo:
  WebDBID: -1
  TimeStamp: 20240828164757
Version:
  Major: 11
  Minor: 0
  Build: 1002
  SpecialBuildName: ""
  ptArchitecture: aarch64_linux
Results:
  Results Complete: true
  NumTestProcesses: 6
  CPU_INTEGER_MATH: 7497.3160000000007
  CPU_FLOATINGPOINT_MATH: 1649.6843757132199
  CPU_PRIME: 0.9610958171482572
  CPU_SORTING: 877.32294465633981
  CPU_ENCRYPTION: 191.13580985692408
  CPU_COMPRESSION: 4193.3712934637097
  CPU_SINGLETHREAD: 228.94751912889916
  CPU_PHYSICS: 17.635704527657403
  CPU_MATRIX_MULT_SSE: 453.98761727559037
  CPU_mm: 138.29205501673616
  CPU_sse: 318.92122894569627
  CPU_fma: 589.05400560548446
  CPU_avx: 0
  CPU_avx512: 0
  m_CPU_enc_SHA: 284424178.78111094
  m_CPU_enc_AES: 153896761.92009643
  m_CPU_enc_ECDSA: 162940328.16839474
  ME_ALLOC_S: 0
  ME_READ_S: 0
  ME_READ_L: 0
  ME_WRITE: 0
  ME_LARGE: 0
  ME_LATENCY: 0
  ME_THREADED: 0
  SUMM_CPU: 506.63484714242156
  SUMM_ME: 0
SystemInformation:
  OSName: Ubuntu 18.04.6 LTS
  Kernel: 4.9.337-tegra
  Device: quill
  Processor: ARM Cortex-A57 6 Core 2035 MHz
  NumSockets: 2
  Manufacturer: ARM
  NumCores: 6
  NumLogicals: 6
  CPUFrequency: 2035
  Memory: 7850
Checksum: 41719516BE3D42BEA4DC37209C6F31835851821C