BaselineInfo:
  WebDBID: -1
  TimeStamp: 20240828162950
Version:
  Major: 11
  Minor: 0
  Build: 1002
  SpecialBuildName: ""
  ptArchitecture: aarch64_linux
Results:
  Results Complete: true
  NumTestProcesses: 6
  CPU_INTEGER_MATH: 7915.1273333333329
  CPU_FLOATINGPOINT_MATH: 2161.5546470065929
  CPU_PRIME: 7.3084527524039267
  CPU_SORTING: 3305.265517355615
  CPU_ENCRYPTION: 222.10826490790998
  CPU_COMPRESSION: 5530.2588346179655
  CPU_SINGLETHREAD: 277.8814082251734
  CPU_PHYSICS: 121.81649281669233
  CPU_MATRIX_MULT_SSE: 474.37398048786622
  CPU_mm: 141.39938559670222
  CPU_sse: 333.69801670620433
  CPU_fma: 615.04994426952817
  CPU_avx: 0
  CPU_avx512: 0
  m_CPU_enc_SHA: 336333914.82884288
  m_CPU_enc_AES: 177131790.41961557
  m_CPU_enc_ECDSA: 185226482.70377132
  ME_ALLOC_S: 0
  ME_READ_S: 0
  ME_READ_L: 0
  ME_WRITE: 0
  ME_LARGE: 0
  ME_LATENCY: 0
  ME_THREADED: 0
  SUMM_CPU: 821.99786302684481
  SUMM_ME: 0
SystemInformation:
  OSName: Ubuntu 18.04.6 LTS
  Kernel: 4.9.337-tegra
  Device: quill
  Processor: ARM Cortex-A57 6 Core 2035 MHz
  NumSockets: 2
  Manufacturer: ARM
  NumCores: 6
  NumLogicals: 6
  CPUFrequency: 2035
  Memory: 7850
Checksum: B631D3C9863F6A4B90804A9AC7B8AE3709D48895