BaselineInfo:
  WebDBID: -1
  TimeStamp: 20240828081857
Version:
  Major: 11
  Minor: 0
  Build: 1002
  SpecialBuildName: ""
  ptArchitecture: aarch64_linux
Results:
  Results Complete: true
  NumTestProcesses: 6
  CPU_INTEGER_MATH: 5129.6553333333331
  CPU_FLOATINGPOINT_MATH: 1337.6254222346288
  CPU_PRIME: 3.3955024883927161
  CPU_SORTING: 1941.1315978040575
  CPU_ENCRYPTION: 140.02547537190182
  CPU_COMPRESSION: 3481.2429306589161
  CPU_SINGLETHREAD: 179.61036150972944
  CPU_PHYSICS: 57.709432932297922
  CPU_MATRIX_MULT_SSE: 304.06053406835747
  CPU_mm: 91.533163988236822
  CPU_sse: 214.54500305054478
  CPU_fma: 393.57606508617022
  CPU_avx: 0
  CPU_avx512: 0
  m_CPU_enc_SHA: 219517972.47663042
  m_CPU_enc_AES: 107880829.23641843
  m_CPU_enc_ECDSA: 113083256.87765308
  ME_ALLOC_S: 0
  ME_READ_S: 0
  ME_READ_L: 0
  ME_WRITE: 0
  ME_LARGE: 0
  ME_LATENCY: 0
  ME_THREADED: 0
  SUMM_CPU: 509.00757433997489
  SUMM_ME: 0
SystemInformation:
  OSName: Ubuntu 18.04.6 LTS
  Kernel: 4.9.337-tegra
  Device: quill
  Processor: ARM Cortex-A57 6 Core 2035 MHz
  NumSockets: 2
  Manufacturer: ARM
  NumCores: 6
  NumLogicals: 6
  CPUFrequency: 2035
  Memory: 7850
Checksum: 91C030A31735CA408D3473BADAD488E88A71D9AF