BaselineInfo:
  WebDBID: -1
  TimeStamp: 20240828085301
Version:
  Major: 11
  Minor: 0
  Build: 1002
  SpecialBuildName: ""
  ptArchitecture: aarch64_linux
Results:
  Results Complete: true
  NumTestProcesses: 6
  CPU_INTEGER_MATH: 5130.6019999999999
  CPU_FLOATINGPOINT_MATH: 1391.1147097908527
  CPU_PRIME: 5.6440509621655304
  CPU_SORTING: 2189.7828441494794
  CPU_ENCRYPTION: 139.62891811922242
  CPU_COMPRESSION: 3530.5155471225562
  CPU_SINGLETHREAD: 185.22406004415171
  CPU_PHYSICS: 99.155651730667785
  CPU_MATRIX_MULT_SSE: 306.94378382293229
  CPU_mm: 92.179869662966524
  CPU_sse: 213.24338334923249
  CPU_fma: 400.64418429663203
  CPU_avx: 0
  CPU_avx512: 0
  m_CPU_enc_SHA: 214672399.67565528
  m_CPU_enc_AES: 116701368.59538132
  m_CPU_enc_ECDSA: 107860829.06630869
  ME_ALLOC_S: 0
  ME_READ_S: 0
  ME_READ_L: 0
  ME_WRITE: 0
  ME_LARGE: 0
  ME_LATENCY: 0
  ME_THREADED: 0
  SUMM_CPU: 531.30820463897328
  SUMM_ME: 0
SystemInformation:
  OSName: Ubuntu 18.04.6 LTS
  Kernel: 4.9.337-tegra
  Device: quill
  Processor: ARM Cortex-A57 6 Core 2035 MHz
  NumSockets: 2
  Manufacturer: ARM
  NumCores: 6
  NumLogicals: 6
  CPUFrequency: 2035
  Memory: 7850
Checksum: 7E7F386A8D5CF90E87E1F7811207DCC64646FCEA