BaselineInfo:
  WebDBID: -1
  TimeStamp: 20240827230017
Version:
  Major: 11
  Minor: 0
  Build: 1002
  SpecialBuildName: ""
  ptArchitecture: aarch64_linux
Results:
  Results Complete: true
  NumTestProcesses: 6
  CPU_INTEGER_MATH: 1709.0173333333335
  CPU_FLOATINGPOINT_MATH: 405.30035996072399
  CPU_PRIME: 0.72805360033202293
  CPU_SORTING: 617.87692493716531
  CPU_ENCRYPTION: 56.644114719756878
  CPU_COMPRESSION: 0
  CPU_SINGLETHREAD: 198.05914741587657
  CPU_PHYSICS: 13.056519457773319
  CPU_MATRIX_MULT_SSE: 106.77167987951739
  CPU_mm: 32.605340070584013
  CPU_sse: 74.847947960847932
  CPU_fma: 138.69541179818685
  CPU_avx: 0
  CPU_avx512: 0
  m_CPU_enc_SHA: 80238396.722247392
  m_CPU_enc_AES: 46541041.618637882
  m_CPU_enc_ECDSA: 51407539.368266091
  ME_ALLOC_S: 0
  ME_READ_S: 0
  ME_READ_L: 0
  ME_WRITE: 0
  ME_LARGE: 0
  ME_LATENCY: 0
  ME_THREADED: 0
  SUMM_CPU: 0
  SUMM_ME: 0
SystemInformation:
  OSName: Ubuntu 18.04.6 LTS
  Kernel: 4.9.337-tegra
  Device: quill
  Processor: ARM Cortex-A57 6 Core 2035 MHz
  NumSockets: 2
  Manufacturer: ARM
  NumCores: 6
  NumLogicals: 6
  CPUFrequency: 2035
  Memory: 7850
Checksum: DC176B1813431BB76DC7FBD82E17F7A6BD35B6D5