BaselineInfo:
  WebDBID: -1
  TimeStamp: 20240827232152
Version:
  Major: 11
  Minor: 0
  Build: 1002
  SpecialBuildName: ""
  ptArchitecture: aarch64_linux
Results:
  Results Complete: true
  NumTestProcesses: 6
  CPU_INTEGER_MATH: 3101.6586666666667
  CPU_FLOATINGPOINT_MATH: 825.26967955864723
  CPU_PRIME: 2.7111621927261917
  CPU_SORTING: 1218.1356110523648
  CPU_ENCRYPTION: 85.603285516555047
  CPU_COMPRESSION: 2105.2818785542781
  CPU_SINGLETHREAD: 111.21788276143867
  CPU_PHYSICS: 45.131628971701062
  CPU_MATRIX_MULT_SSE: 185.72151129589574
  CPU_mm: 55.757629932692765
  CPU_sse: 132.5058341726147
  CPU_fma: 238.93718841917678
  CPU_avx: 0
  CPU_avx512: 0
  m_CPU_enc_SHA: 121690382.47314082
  m_CPU_enc_AES: 69734116.714151949
  m_CPU_enc_ECDSA: 77860152.954128936
  ME_ALLOC_S: 0
  ME_READ_S: 0
  ME_READ_L: 0
  ME_WRITE: 0
  ME_LARGE: 0
  ME_LATENCY: 0
  ME_THREADED: 0
  SUMM_CPU: 315.62289848393493
  SUMM_ME: 0
SystemInformation:
  OSName: Ubuntu 18.04.6 LTS
  Kernel: 4.9.337-tegra
  Device: quill
  Processor: ARM Cortex-A57 6 Core 2035 MHz
  NumSockets: 2
  Manufacturer: ARM
  NumCores: 6
  NumLogicals: 6
  CPUFrequency: 2035
  Memory: 7850
Checksum: 012F75CEBA8D77DA445A8E0EAC7719D131C2D7D2