BaselineInfo:
  WebDBID: -1
  TimeStamp: 20240828200933
Version:
  Major: 11
  Minor: 0
  Build: 1002
  SpecialBuildName: ""
  ptArchitecture: aarch64_linux
Results:
  Results Complete: true
  NumTestProcesses: 6
  CPU_INTEGER_MATH: 9081.0893333333333
  CPU_FLOATINGPOINT_MATH: 2435.0373993104199
  CPU_PRIME: 5.7805313808396246
  CPU_SORTING: 3474.388574691618
  CPU_ENCRYPTION: 249.54429771589315
  CPU_COMPRESSION: 6432.9088756074125
  CPU_SINGLETHREAD: 313.09347149008642
  CPU_PHYSICS: 100.51076766229204
  CPU_MATRIX_MULT_SSE: 539.98352689517901
  CPU_mm: 161.90441320234555
  CPU_sse: 382.09781209537709
  CPU_fma: 697.86924169498093
  CPU_avx: 0
  CPU_avx512: 0
  m_CPU_enc_SHA: 375965422.44352663
  m_CPU_enc_AES: 195973100.0441398
  m_CPU_enc_ECDSA: 213059962.0775547
  ME_ALLOC_S: 0
  ME_READ_S: 0
  ME_READ_L: 0
  ME_WRITE: 0
  ME_LARGE: 0
  ME_LATENCY: 0
  ME_THREADED: 0
  SUMM_CPU: 914.56279183040272
  SUMM_ME: 0
SystemInformation:
  OSName: Ubuntu 18.04.6 LTS
  Kernel: 4.9.337-tegra
  Device: quill
  Processor: ARM Cortex-A57 6 Core 2035 MHz
  NumSockets: 2
  Manufacturer: ARM
  NumCores: 6
  NumLogicals: 6
  CPUFrequency: 2035
  Memory: 7850
Checksum: 726AD26689ACC0CEA5FBCDBA375F280159D214F2