BaselineInfo:
  WebDBID: -1
  TimeStamp: 20240828082756
Version:
  Major: 11
  Minor: 0
  Build: 1002
  SpecialBuildName: ""
  ptArchitecture: aarch64_linux
Results:
  Results Complete: true
  NumTestProcesses: 6
  CPU_INTEGER_MATH: 4657.4106666666667
  CPU_FLOATINGPOINT_MATH: 647.56487349880808
  CPU_PRIME: 0
  CPU_SORTING: 0.22837288171139047
  CPU_ENCRYPTION: 121.5906722947565
  CPU_COMPRESSION: 1178.011938333055
  CPU_SINGLETHREAD: 125.24293695940597
  CPU_PHYSICS: 5.2494830460147401
  CPU_MATRIX_MULT_SSE: 275.77992045607209
  CPU_mm: 83.059136582341637
  CPU_sse: 195.25115474154276
  CPU_fma: 356.3086861706015
  CPU_avx: 0
  CPU_avx512: 0
  m_CPU_enc_SHA: 139944773.25051689
  m_CPU_enc_AES: 82722574.613760114
  m_CPU_enc_ECDSA: 28409381.16285466
  ME_ALLOC_S: 0
  ME_READ_S: 0
  ME_READ_L: 0
  ME_WRITE: 0
  ME_LARGE: 0
  ME_LATENCY: 0
  ME_THREADED: 0
  SUMM_CPU: 0
  SUMM_ME: 0
SystemInformation:
  OSName: Ubuntu 18.04.6 LTS
  Kernel: 4.9.337-tegra
  Device: quill
  Processor: ARM Cortex-A57 6 Core 2035 MHz
  NumSockets: 2
  Manufacturer: ARM
  NumCores: 6
  NumLogicals: 6
  CPUFrequency: 2035
  Memory: 7850
Checksum: A3CED42953D49494482412D9FA83CAD9F668B8B7