BaselineInfo:
  WebDBID: -1
  TimeStamp: 20240828090202
Version:
  Major: 11
  Minor: 0
  Build: 1002
  SpecialBuildName: ""
  ptArchitecture: aarch64_linux
Results:
  Results Complete: true
  NumTestProcesses: 6
  CPU_INTEGER_MATH: 5097.0900000000001
  CPU_FLOATINGPOINT_MATH: 1334.5354728340239
  CPU_PRIME: 3.5058243130789188
  CPU_SORTING: 1981.8098544870145
  CPU_ENCRYPTION: 142.07178123472929
  CPU_COMPRESSION: 3532.6406772454593
  CPU_SINGLETHREAD: 178.32991800610969
  CPU_PHYSICS: 57.801557051505128
  CPU_MATRIX_MULT_SSE: 305.14500541142547
  CPU_mm: 90.673765259572662
  CPU_sse: 214.1435229975248
  CPU_fma: 396.14648782532618
  CPU_avx: 0
  CPU_avx512: 0
  m_CPU_enc_SHA: 208074734.61748835
  m_CPU_enc_AES: 112933340.57713109
  m_CPU_enc_ECDSA: 125911105.04534301
  ME_ALLOC_S: 0
  ME_READ_S: 0
  ME_READ_L: 0
  ME_WRITE: 0
  ME_LARGE: 0
  ME_LATENCY: 0
  ME_THREADED: 0
  SUMM_CPU: 514.10313683435822
  SUMM_ME: 0
SystemInformation:
  OSName: Ubuntu 18.04.6 LTS
  Kernel: 4.9.337-tegra
  Device: quill
  Processor: ARM Cortex-A57 6 Core 2035 MHz
  NumSockets: 2
  Manufacturer: ARM
  NumCores: 6
  NumLogicals: 6
  CPUFrequency: 2035
  Memory: 7850
Checksum: E4FEE6F2D2409505E072B1ABF0693F9120B89EA6