BaselineInfo:
  WebDBID: -1
  TimeStamp: 20240828201114
Version:
  Major: 11
  Minor: 0
  Build: 1002
  SpecialBuildName: ""
  ptArchitecture: aarch64_linux
Results:
  Results Complete: true
  NumTestProcesses: 6
  CPU_INTEGER_MATH: 9108.4480000000003
  CPU_FLOATINGPOINT_MATH: 2470.0067909160812
  CPU_PRIME: 7.4250694353688491
  CPU_SORTING: 3752.3191846654045
  CPU_ENCRYPTION: 249.19415339965735
  CPU_COMPRESSION: 6439.4257507681486
  CPU_SINGLETHREAD: 317.74968086798299
  CPU_PHYSICS: 123.37700173266424
  CPU_MATRIX_MULT_SSE: 540.22139684491583
  CPU_mm: 162.18030651592625
  CPU_sse: 376.05197918088328
  CPU_fma: 704.39081450894844
  CPU_avx: 0
  CPU_avx512: 0
  m_CPU_enc_SHA: 371755839.07899797
  m_CPU_enc_AES: 195228596.75700337
  m_CPU_enc_ECDSA: 216912589.94959608
  ME_ALLOC_S: 0
  ME_READ_S: 0
  ME_READ_L: 0
  ME_WRITE: 0
  ME_LARGE: 0
  ME_LATENCY: 0
  ME_THREADED: 0
  SUMM_CPU: 932.92131622485454
  SUMM_ME: 0
SystemInformation:
  OSName: Ubuntu 18.04.6 LTS
  Kernel: 4.9.337-tegra
  Device: quill
  Processor: ARM Cortex-A57 6 Core 2035 MHz
  NumSockets: 2
  Manufacturer: ARM
  NumCores: 6
  NumLogicals: 6
  CPUFrequency: 2035
  Memory: 7850
Checksum: E36132664982592862318527ADA80076DEB13D9E