BaselineInfo:
  WebDBID: -1
  TimeStamp: 20240827192401
Version:
  Major: 11
  Minor: 0
  Build: 1002
  SpecialBuildName: ""
  ptArchitecture: aarch64_linux
Results:
  Results Complete: true
  NumTestProcesses: 6
  CPU_INTEGER_MATH: 1925.8513333333331
  CPU_FLOATINGPOINT_MATH: 305.85933261993131
  CPU_PRIME: 0
  CPU_SORTING: 89.672133558701532
  CPU_ENCRYPTION: 37.147809076419087
  CPU_COMPRESSION: 0
  CPU_SINGLETHREAD: 0
  CPU_PHYSICS: 0
  CPU_MATRIX_MULT_SSE: 44.012863429020854
  CPU_mm: 14.764614798806537
  CPU_sse: 32.934467687556591
  CPU_fma: 55.09125917048511
  CPU_avx: 0
  CPU_avx512: 0
  m_CPU_enc_SHA: 65321427.431969181
  m_CPU_enc_AES: 38233543.082989372
  m_CPU_enc_ECDSA: 30927698.487310126
  ME_ALLOC_S: 0
  ME_READ_S: 0
  ME_READ_L: 0
  ME_WRITE: 0
  ME_LARGE: 0
  ME_LATENCY: 0
  ME_THREADED: 0
  SUMM_CPU: 0
  SUMM_ME: 0
SystemInformation:
  OSName: Ubuntu 18.04.6 LTS
  Kernel: 4.9.337-tegra
  Device: quill
  Processor: ARM Cortex-A57 6 Core 2035 MHz
  NumSockets: 2
  Manufacturer: ARM
  NumCores: 6
  NumLogicals: 6
  CPUFrequency: 2035
  Memory: 7850
Checksum: 6B10E2C639C3E88D5C134FB1E6A58F4576392F0D