BaselineInfo:
  WebDBID: -1
  TimeStamp: 20240828125615
Version:
  Major: 11
  Minor: 0
  Build: 1002
  SpecialBuildName: ""
  ptArchitecture: aarch64_linux
Results:
  Results Complete: true
  NumTestProcesses: 6
  CPU_INTEGER_MATH: 7097.2546666666667
  CPU_FLOATINGPOINT_MATH: 1922.1934698220639
  CPU_PRIME: 6.8877942757426034
  CPU_SORTING: 2998.0403111852484
  CPU_ENCRYPTION: 195.62341713960529
  CPU_COMPRESSION: 5153.7724511893221
  CPU_SINGLETHREAD: 249.05519174810965
  CPU_PHYSICS: 117.25058777395824
  CPU_MATRIX_MULT_SSE: 421.98040055811327
  CPU_mm: 126.73577654402101
  CPU_sse: 298.67937534414637
  CPU_fma: 545.28142577208007
  CPU_avx: 0
  CPU_avx512: 0
  m_CPU_enc_SHA: 284374310.54431999
  m_CPU_enc_AES: 156255809.79975918
  m_CPU_enc_ECDSA: 174747940.407657
  ME_ALLOC_S: 0
  ME_READ_S: 0
  ME_READ_L: 0
  ME_WRITE: 0
  ME_LARGE: 0
  ME_LATENCY: 0
  ME_THREADED: 0
  SUMM_CPU: 742.35424756652458
  SUMM_ME: 0
SystemInformation:
  OSName: Ubuntu 18.04.6 LTS
  Kernel: 4.9.337-tegra
  Device: quill
  Processor: ARM Cortex-A57 6 Core 2035 MHz
  NumSockets: 2
  Manufacturer: ARM
  NumCores: 6
  NumLogicals: 6
  CPUFrequency: 2035
  Memory: 7850
Checksum: 0F46BCD3CC943CF9A265C2EE34A158C22D071AE8