BaselineInfo:
  WebDBID: -1
  TimeStamp: 20240828172647
Version:
  Major: 11
  Minor: 0
  Build: 1002
  SpecialBuildName: ""
  ptArchitecture: aarch64_linux
Results:
  Results Complete: true
  NumTestProcesses: 6
  CPU_INTEGER_MATH: 7902.9153333333343
  CPU_FLOATINGPOINT_MATH: 2063.2907765082878
  CPU_PRIME: 4.0351058353739164
  CPU_SORTING: 2578.2951819416667
  CPU_ENCRYPTION: 214.82568483437061
  CPU_COMPRESSION: 5460.4019023831816
  CPU_SINGLETHREAD: 269.77918016662909
  CPU_PHYSICS: 64.649632901310184
  CPU_MATRIX_MULT_SSE: 471.31239570402226
  CPU_mm: 141.88284463736179
  CPU_sse: 330.85761793396301
  CPU_fma: 611.76717347408146
  CPU_avx: 0
  CPU_avx512: 0
  m_CPU_enc_SHA: 323399561.34037197
  m_CPU_enc_AES: 176166709.38361773
  m_CPU_enc_ECDSA: 176216901.1786654
  ME_ALLOC_S: 0
  ME_READ_S: 0
  ME_READ_L: 0
  ME_WRITE: 0
  ME_LARGE: 0
  ME_LATENCY: 0
  ME_THREADED: 0
  SUMM_CPU: 764.35421388719237
  SUMM_ME: 0
SystemInformation:
  OSName: Ubuntu 18.04.6 LTS
  Kernel: 4.9.337-tegra
  Device: quill
  Processor: ARM Cortex-A57 6 Core 2035 MHz
  NumSockets: 2
  Manufacturer: ARM
  NumCores: 6
  NumLogicals: 6
  CPUFrequency: 2035
  Memory: 7850
Checksum: E6521754F81F02933543D3181354B0A9B2839663