BaselineInfo:
  WebDBID: -1
  TimeStamp: 20240828144245
Version:
  Major: 11
  Minor: 0
  Build: 1002
  SpecialBuildName: ""
  ptArchitecture: aarch64_linux
Results:
  Results Complete: true
  NumTestProcesses: 6
  CPU_INTEGER_MATH: 6722.185333333332
  CPU_FLOATINGPOINT_MATH: 1197.4925876615732
  CPU_PRIME: 0.58467315497052008
  CPU_SORTING: 516.91687729459625
  CPU_ENCRYPTION: 152.61315490005683
  CPU_COMPRESSION: 3218.3492341170713
  CPU_SINGLETHREAD: 192.92497763424922
  CPU_PHYSICS: 10.273854251917864
  CPU_MATRIX_MULT_SSE: 401.17051223055859
  CPU_mm: 120.45258989782286
  CPU_sse: 280.0539204336996
  CPU_fma: 522.28710402741763
  CPU_avx: 0
  CPU_avx512: 0
  m_CPU_enc_SHA: 227197377.71574321
  m_CPU_enc_AES: 131383159.83100356
  m_CPU_enc_ECDSA: 121498936.99069913
  ME_ALLOC_S: 0
  ME_READ_S: 0
  ME_READ_L: 0
  ME_WRITE: 0
  ME_LARGE: 0
  ME_LATENCY: 0
  ME_THREADED: 0
  SUMM_CPU: 362.66816149727288
  SUMM_ME: 0
SystemInformation:
  OSName: Ubuntu 18.04.6 LTS
  Kernel: 4.9.337-tegra
  Device: quill
  Processor: ARM Cortex-A57 6 Core 2035 MHz
  NumSockets: 2
  Manufacturer: ARM
  NumCores: 6
  NumLogicals: 6
  CPUFrequency: 2035
  Memory: 7850
Checksum: 2124C9E5ECD8035A80EC11F39D7266CD8B298A64