BaselineInfo:
  WebDBID: -1
  TimeStamp: 20240828155956
Version:
  Major: 11
  Minor: 0
  Build: 1002
  SpecialBuildName: ""
  ptArchitecture: aarch64_linux
Results:
  Results Complete: true
  NumTestProcesses: 6
  CPU_INTEGER_MATH: 7757.9333333333343
  CPU_FLOATINGPOINT_MATH: 1946.8176427235708
  CPU_PRIME: 2.0535409549267447
  CPU_SORTING: 1713.3345005167055
  CPU_ENCRYPTION: 209.86340056218734
  CPU_COMPRESSION: 5067.3481675696885
  CPU_SINGLETHREAD: 257.1450635057144
  CPU_PHYSICS: 36.922503138741739
  CPU_MATRIX_MULT_SSE: 463.00345294777816
  CPU_mm: 140.43691494974061
  CPU_sse: 328.44205808101015
  CPU_fma: 597.5648478145464
  CPU_avx: 0
  CPU_avx512: 0
  m_CPU_enc_SHA: 315301355.91129512
  m_CPU_enc_AES: 167197083.40711573
  m_CPU_enc_ECDSA: 177674736.00527748
  ME_ALLOC_S: 0
  ME_READ_S: 0
  ME_READ_L: 0
  ME_WRITE: 0
  ME_LARGE: 0
  ME_LATENCY: 0
  ME_THREADED: 0
  SUMM_CPU: 671.08428272678213
  SUMM_ME: 0
SystemInformation:
  OSName: Ubuntu 18.04.6 LTS
  Kernel: 4.9.337-tegra
  Device: quill
  Processor: ARM Cortex-A57 6 Core 2035 MHz
  NumSockets: 2
  Manufacturer: ARM
  NumCores: 6
  NumLogicals: 6
  CPUFrequency: 2035
  Memory: 7850
Checksum: 6ECA177C86AF3D72DE5336844B616F42E87CDEFF