BaselineInfo:
  WebDBID: -1
  TimeStamp: 20240827205209
Version:
  Major: 11
  Minor: 0
  Build: 1002
  SpecialBuildName: ""
  ptArchitecture: aarch64_linux
Results:
  Results Complete: true
  NumTestProcesses: 6
  CPU_INTEGER_MATH: 1841.9293333333333
  CPU_FLOATINGPOINT_MATH: 481.41763856426962
  CPU_PRIME: 2.2207586528557468
  CPU_SORTING: 814.16286727438592
  CPU_ENCRYPTION: 59.45216489487678
  CPU_COMPRESSION: 0
  CPU_SINGLETHREAD: 77.50352396052115
  CPU_PHYSICS: 47.928655169772568
  CPU_MATRIX_MULT_SSE: 127.31197819394043
  CPU_mm: 38.29515564321698
  CPU_sse: 89.444243356933669
  CPU_fma: 165.17971303094723
  CPU_avx: 0
  CPU_avx512: 0
  m_CPU_enc_SHA: 86241603.433194757
  m_CPU_enc_AES: 47073291.739132717
  m_CPU_enc_ECDSA: 53705444.598103456
  ME_ALLOC_S: 0
  ME_READ_S: 0
  ME_READ_L: 0
  ME_WRITE: 0
  ME_LARGE: 0
  ME_LATENCY: 0
  ME_THREADED: 0
  SUMM_CPU: 0
  SUMM_ME: 0
SystemInformation:
  OSName: Ubuntu 18.04.6 LTS
  Kernel: 4.9.337-tegra
  Device: quill
  Processor: ARM Cortex-A57 6 Core 2035 MHz
  NumSockets: 2
  Manufacturer: ARM
  NumCores: 6
  NumLogicals: 6
  CPUFrequency: 2035
  Memory: 7850
Checksum: 12725F4E41C5D76F7E1A7586A5B433773E8E3FBF