BaselineInfo:
  WebDBID: -1
  TimeStamp: 20240828144654
Version:
  Major: 11
  Minor: 0
  Build: 1002
  SpecialBuildName: ""
  ptArchitecture: aarch64_linux
Results:
  Results Complete: true
  NumTestProcesses: 6
  CPU_INTEGER_MATH: 7119.6906666666673
  CPU_FLOATINGPOINT_MATH: 1892.7102774809862
  CPU_PRIME: 5.1475718962097208
  CPU_SORTING: 2805.8655381170402
  CPU_ENCRYPTION: 195.9315356364225
  CPU_COMPRESSION: 5051.2516517471631
  CPU_SINGLETHREAD: 247.77041813415039
  CPU_PHYSICS: 88.337656192827808
  CPU_MATRIX_MULT_SSE: 426.14883139875889
  CPU_mm: 126.3188498550125
  CPU_sse: 299.22129799341377
  CPU_fma: 553.07636480410406
  CPU_avx: 0
  CPU_avx512: 0
  m_CPU_enc_SHA: 285468932.02384651
  m_CPU_enc_AES: 157064041.08131027
  m_CPU_enc_ECDSA: 173814344.62933534
  ME_ALLOC_S: 0
  ME_READ_S: 0
  ME_READ_L: 0
  ME_WRITE: 0
  ME_LARGE: 0
  ME_LATENCY: 0
  ME_THREADED: 0
  SUMM_CPU: 724.79514958896277
  SUMM_ME: 0
SystemInformation:
  OSName: Ubuntu 18.04.6 LTS
  Kernel: 4.9.337-tegra
  Device: quill
  Processor: ARM Cortex-A57 6 Core 2035 MHz
  NumSockets: 2
  Manufacturer: ARM
  NumCores: 6
  NumLogicals: 6
  CPUFrequency: 2035
  Memory: 7850
Checksum: 9A231F17A8E077B12A45396BC1FAD62041623626