BaselineInfo:
  WebDBID: -1
  TimeStamp: 20240828052131
Version:
  Major: 11
  Minor: 0
  Build: 1002
  SpecialBuildName: ""
  ptArchitecture: aarch64_linux
Results:
  Results Complete: true
  NumTestProcesses: 6
  CPU_INTEGER_MATH: 4126.6146666666664
  CPU_FLOATINGPOINT_MATH: 1104.7707289148373
  CPU_PRIME: 4.0549945685555109
  CPU_SORTING: 1720.2710990263347
  CPU_ENCRYPTION: 119.1926629600799
  CPU_COMPRESSION: 2815.7286194892149
  CPU_SINGLETHREAD: 146.35709717458391
  CPU_PHYSICS: 69.26844309613999
  CPU_MATRIX_MULT_SSE: 245.93354591777606
  CPU_mm: 74.128814730749426
  CPU_sse: 172.58307498534003
  CPU_fma: 319.28401685021203
  CPU_avx: 0
  CPU_avx512: 0
  m_CPU_enc_SHA: 172489958.40543684
  m_CPU_enc_AES: 94645143.540437073
  m_CPU_enc_ECDSA: 107812595.32221237
  ME_ALLOC_S: 0
  ME_READ_S: 0
  ME_READ_L: 0
  ME_WRITE: 0
  ME_LARGE: 0
  ME_LATENCY: 0
  ME_THREADED: 0
  SUMM_CPU: 429.61762121852155
  SUMM_ME: 0
SystemInformation:
  OSName: Ubuntu 18.04.6 LTS
  Kernel: 4.9.337-tegra
  Device: quill
  Processor: ARM Cortex-A57 6 Core 2035 MHz
  NumSockets: 2
  Manufacturer: ARM
  NumCores: 6
  NumLogicals: 6
  CPUFrequency: 2035
  Memory: 7850
Checksum: 5A814A89B906BBEB2D93D8C4C7BCBEE68260E37F