BaselineInfo:
  WebDBID: -1
  TimeStamp: 20240828190712
Version:
  Major: 11
  Minor: 0
  Build: 1002
  SpecialBuildName: ""
  ptArchitecture: aarch64_linux
Results:
  Results Complete: true
  NumTestProcesses: 6
  CPU_INTEGER_MATH: 8569.7946666666667
  CPU_FLOATINGPOINT_MATH: 1880.6448119311772
  CPU_PRIME: 0.97683954051186062
  CPU_SORTING: 883.24002685618871
  CPU_ENCRYPTION: 216.86302683753465
  CPU_COMPRESSION: 4806.3544243922252
  CPU_SINGLETHREAD: 255.12433862183738
  CPU_PHYSICS: 18.043336902062183
  CPU_MATRIX_MULT_SSE: 522.78662395378944
  CPU_mm: 155.93924552771614
  CPU_sse: 368.58174438287659
  CPU_fma: 676.99150352470224
  CPU_avx: 0
  CPU_avx512: 0
  m_CPU_enc_SHA: 320537052.60647607
  m_CPU_enc_AES: 176715777.63084942
  m_CPU_enc_ECDSA: 184939265.45025882
  ME_ALLOC_S: 0
  ME_READ_S: 0
  ME_READ_L: 0
  ME_WRITE: 0
  ME_LARGE: 0
  ME_LATENCY: 0
  ME_THREADED: 0
  SUMM_CPU: 555.64910009573964
  SUMM_ME: 0
SystemInformation:
  OSName: Ubuntu 18.04.6 LTS
  Kernel: 4.9.337-tegra
  Device: quill
  Processor: ARM Cortex-A57 6 Core 2035 MHz
  NumSockets: 2
  Manufacturer: ARM
  NumCores: 6
  NumLogicals: 6
  CPUFrequency: 2035
  Memory: 7850
Checksum: 039D31D3ADB86C73A9897F074C23B81CD8661CB1