BaselineInfo:
  WebDBID: -1
  TimeStamp: 20240827191036
Version:
  Major: 11
  Minor: 0
  Build: 1002
  SpecialBuildName: ""
  ptArchitecture: aarch64_linux
Results:
  Results Complete: true
  NumTestProcesses: 6
  CPU_INTEGER_MATH: 897.72400000000016
  CPU_FLOATINGPOINT_MATH: 432.39269816193047
  CPU_PRIME: 1.2918828245971499
  CPU_SORTING: 789.67769604126954
  CPU_ENCRYPTION: 56.899069546126618
  CPU_COMPRESSION: 0
  CPU_SINGLETHREAD: 216.50988734045393
  CPU_PHYSICS: 20.771309900693844
  CPU_MATRIX_MULT_SSE: 94.33371866248838
  CPU_mm: 28.622054282208708
  CPU_sse: 66.609209016177701
  CPU_fma: 122.05822830879906
  CPU_avx: 0
  CPU_avx512: 0
  m_CPU_enc_SHA: 85196758.849091023
  m_CPU_enc_AES: 46258088.093821377
  m_CPU_enc_ECDSA: 47534149.302285381
  ME_ALLOC_S: 0
  ME_READ_S: 0
  ME_READ_L: 0
  ME_WRITE: 0
  ME_LARGE: 0
  ME_LATENCY: 0
  ME_THREADED: 0
  SUMM_CPU: 0
  SUMM_ME: 0
SystemInformation:
  OSName: Ubuntu 18.04.6 LTS
  Kernel: 4.9.337-tegra
  Device: quill
  Processor: ARM Cortex-A57 6 Core 2035 MHz
  NumSockets: 2
  Manufacturer: ARM
  NumCores: 6
  NumLogicals: 6
  CPUFrequency: 2035
  Memory: 7850
Checksum: D6DD95313A4B75A45BE7FB008FADB2641F37F753