BaselineInfo:
  WebDBID: -1
  TimeStamp: 20240828114933
Version:
  Major: 11
  Minor: 0
  Build: 1002
  SpecialBuildName: ""
  ptArchitecture: aarch64_linux
Results:
  Results Complete: true
  NumTestProcesses: 6
  CPU_INTEGER_MATH: 6147.6060000000007
  CPU_FLOATINGPOINT_MATH: 1667.0164921682931
  CPU_PRIME: 6.1519531805400858
  CPU_SORTING: 2571.5619636938518
  CPU_ENCRYPTION: 173.19814408300365
  CPU_COMPRESSION: 4319.7506137166165
  CPU_SINGLETHREAD: 216.89858628643844
  CPU_PHYSICS: 104.91986755777457
  CPU_MATRIX_MULT_SSE: 367.38641148478212
  CPU_mm: 109.63878460782406
  CPU_sse: 257.56455542692669
  CPU_fma: 477.2082675426376
  CPU_avx: 0
  CPU_avx512: 0
  m_CPU_enc_SHA: 258507384.66204849
  m_CPU_enc_AES: 135019832.0511083
  m_CPU_enc_ECDSA: 151307034.67678213
  ME_ALLOC_S: 0
  ME_READ_S: 0
  ME_READ_L: 0
  ME_WRITE: 0
  ME_LARGE: 0
  ME_LATENCY: 0
  ME_THREADED: 0
  SUMM_CPU: 642.54579672363207
  SUMM_ME: 0
SystemInformation:
  OSName: Ubuntu 18.04.6 LTS
  Kernel: 4.9.337-tegra
  Device: quill
  Processor: ARM Cortex-A57 6 Core 2035 MHz
  NumSockets: 2
  Manufacturer: ARM
  NumCores: 6
  NumLogicals: 6
  CPUFrequency: 2035
  Memory: 7850
Checksum: C8785C0CD6EC8A3223C334A7DD86CF03A666A5D0