BaselineInfo:
  WebDBID: -1
  TimeStamp: 20240828133743
Version:
  Major: 11
  Minor: 0
  Build: 1002
  SpecialBuildName: ""
  ptArchitecture: aarch64_linux
Results:
  Results Complete: true
  NumTestProcesses: 6
  CPU_INTEGER_MATH: 6321.0353333333342
  CPU_FLOATINGPOINT_MATH: 865.2347289617519
  CPU_PRIME: 0
  CPU_SORTING: 68.983829700341531
  CPU_ENCRYPTION: 96.830854028682396
  CPU_COMPRESSION: 2152.8360294156068
  CPU_SINGLETHREAD: 162.64315374717313
  CPU_PHYSICS: 5.2452074006542135
  CPU_MATRIX_MULT_SSE: 375.56814152231374
  CPU_mm: 115.12893413274509
  CPU_sse: 270.2689990277438
  CPU_fma: 480.86728401688373
  CPU_avx: 0
  CPU_avx512: 0
  m_CPU_enc_SHA: 153953810.32309976
  m_CPU_enc_AES: 105609372.76151092
  m_CPU_enc_ECDSA: 95382909.288767248
  ME_ALLOC_S: 0
  ME_READ_S: 0
  ME_READ_L: 0
  ME_WRITE: 0
  ME_LARGE: 0
  ME_LATENCY: 0
  ME_THREADED: 0
  SUMM_CPU: 0
  SUMM_ME: 0
SystemInformation:
  OSName: Ubuntu 18.04.6 LTS
  Kernel: 4.9.337-tegra
  Device: quill
  Processor: ARM Cortex-A57 6 Core 2035 MHz
  NumSockets: 2
  Manufacturer: ARM
  NumCores: 6
  NumLogicals: 6
  CPUFrequency: 2035
  Memory: 7850
Checksum: 87E3E306D33E555240B32A9698C142D52655CECA