BaselineInfo:
  WebDBID: -1
  TimeStamp: 20240828144847
Version:
  Major: 11
  Minor: 0
  Build: 1002
  SpecialBuildName: ""
  ptArchitecture: aarch64_linux
Results:
  Results Complete: true
  NumTestProcesses: 6
  CPU_INTEGER_MATH: 7141.8900000000003
  CPU_FLOATINGPOINT_MATH: 1914.1848109379912
  CPU_PRIME: 6.1288177160656607
  CPU_SORTING: 3006.6551831623478
  CPU_ENCRYPTION: 197.73073505987091
  CPU_COMPRESSION: 5151.4829621355384
  CPU_SINGLETHREAD: 250.3666324134833
  CPU_PHYSICS: 103.19024254138839
  CPU_MATRIX_MULT_SSE: 425.35855015734387
  CPU_mm: 127.41682750212023
  CPU_sse: 299.15479209426394
  CPU_fma: 551.5623082204238
  CPU_avx: 0
  CPU_avx512: 0
  m_CPU_enc_SHA: 294484917.41896683
  m_CPU_enc_AES: 157844218.88160169
  m_CPU_enc_ECDSA: 169677973.43784901
  ME_ALLOC_S: 0
  ME_READ_S: 0
  ME_READ_L: 0
  ME_WRITE: 0
  ME_LARGE: 0
  ME_LATENCY: 0
  ME_THREADED: 0
  SUMM_CPU: 740.99023409568042
  SUMM_ME: 0
SystemInformation:
  OSName: Ubuntu 18.04.6 LTS
  Kernel: 4.9.337-tegra
  Device: quill
  Processor: ARM Cortex-A57 6 Core 2035 MHz
  NumSockets: 2
  Manufacturer: ARM
  NumCores: 6
  NumLogicals: 6
  CPUFrequency: 2035
  Memory: 7850
Checksum: 5ABE6761C8C729EDB83AACEF40E80137E139BF66