BaselineInfo:
  WebDBID: -1
  TimeStamp: 20240828171429
Version:
  Major: 11
  Minor: 0
  Build: 1002
  SpecialBuildName: ""
  ptArchitecture: aarch64_linux
Results:
  Results Complete: true
  NumTestProcesses: 6
  CPU_INTEGER_MATH: 7903.4360000000006
  CPU_FLOATINGPOINT_MATH: 2080.4870683270119
  CPU_PRIME: 4.059280117171018
  CPU_SORTING: 2653.3523684910265
  CPU_ENCRYPTION: 216.77336457665854
  CPU_COMPRESSION: 5437.8905789105092
  CPU_SINGLETHREAD: 270.86543333645386
  CPU_PHYSICS: 63.800092050976502
  CPU_MATRIX_MULT_SSE: 469.94004916521737
  CPU_mm: 141.40536384951892
  CPU_sse: 330.29560853280412
  CPU_fma: 609.58448979763068
  CPU_avx: 0
  CPU_avx512: 0
  m_CPU_enc_SHA: 325594322.26923281
  m_CPU_enc_AES: 172358287.01034266
  m_CPU_enc_ECDSA: 183957433.32342741
  ME_ALLOC_S: 0
  ME_READ_S: 0
  ME_READ_L: 0
  ME_WRITE: 0
  ME_LARGE: 0
  ME_LATENCY: 0
  ME_THREADED: 0
  SUMM_CPU: 766.60723267936635
  SUMM_ME: 0
SystemInformation:
  OSName: Ubuntu 18.04.6 LTS
  Kernel: 4.9.337-tegra
  Device: quill
  Processor: ARM Cortex-A57 6 Core 2035 MHz
  NumSockets: 2
  Manufacturer: ARM
  NumCores: 6
  NumLogicals: 6
  CPUFrequency: 2035
  Memory: 7850
Checksum: 5BCC4B8075ABED5E6A6CD0C421FD5B846A4FAC58