BaselineInfo:
  WebDBID: -1
  TimeStamp: 20240827220254
Version:
  Major: 11
  Minor: 0
  Build: 1002
  SpecialBuildName: ""
  ptArchitecture: aarch64_linux
Results:
  Results Complete: true
  NumTestProcesses: 6
  CPU_INTEGER_MATH: 1833.1253333333336
  CPU_FLOATINGPOINT_MATH: 391.32605683073598
  CPU_PRIME: 0.74019002069143625
  CPU_SORTING: 594.42440053265386
  CPU_ENCRYPTION: 53.112728668127843
  CPU_COMPRESSION: 0
  CPU_SINGLETHREAD: 201.00003174809243
  CPU_PHYSICS: 206.93574556224394
  CPU_MATRIX_MULT_SSE: 102.89321492570764
  CPU_mm: 30.55308460497784
  CPU_sse: 74.814840411665998
  CPU_fma: 130.97158943974929
  CPU_avx: 0
  CPU_avx512: 0
  m_CPU_enc_SHA: 77946505.549214914
  m_CPU_enc_AES: 44481017.701513499
  m_CPU_enc_ECDSA: 44650674.477004066
  ME_ALLOC_S: 0
  ME_READ_S: 0
  ME_READ_L: 0
  ME_WRITE: 0
  ME_LARGE: 0
  ME_LATENCY: 0
  ME_THREADED: 0
  SUMM_CPU: 0
  SUMM_ME: 0
SystemInformation:
  OSName: Ubuntu 18.04.6 LTS
  Kernel: 4.9.337-tegra
  Device: quill
  Processor: ARM Cortex-A57 6 Core 2035 MHz
  NumSockets: 2
  Manufacturer: ARM
  NumCores: 6
  NumLogicals: 6
  CPUFrequency: 2035
  Memory: 7850
Checksum: A01EACA75B85296A03F23D103C78D8ACA834FB56