BaselineInfo:
  WebDBID: -1
  TimeStamp: 20240828011237
Version:
  Major: 11
  Minor: 0
  Build: 1002
  SpecialBuildName: ""
  ptArchitecture: aarch64_linux
Results:
  Results Complete: true
  NumTestProcesses: 6
  CPU_INTEGER_MATH: 3135.3126666666667
  CPU_FLOATINGPOINT_MATH: 846.82059289428116
  CPU_PRIME: 3.5469348678237838
  CPU_SORTING: 1280.5883221798745
  CPU_ENCRYPTION: 85.792820601393998
  CPU_COMPRESSION: 2220.9816160846349
  CPU_SINGLETHREAD: 112.60326669256925
  CPU_PHYSICS: 62.378938371970946
  CPU_MATRIX_MULT_SSE: 187.46931796753469
  CPU_mm: 56.080237849008668
  CPU_sse: 131.01265242319073
  CPU_fma: 243.92598351187868
  CPU_avx: 0
  CPU_avx512: 0
  m_CPU_enc_SHA: 130071656.16147728
  m_CPU_enc_AES: 69683106.955568373
  m_CPU_enc_ECDSA: 70126114.847736299
  ME_ALLOC_S: 0
  ME_READ_S: 0
  ME_READ_L: 0
  ME_WRITE: 0
  ME_LARGE: 0
  ME_LATENCY: 0
  ME_THREADED: 0
  SUMM_CPU: 327.46846318603923
  SUMM_ME: 0
SystemInformation:
  OSName: Ubuntu 18.04.6 LTS
  Kernel: 4.9.337-tegra
  Device: quill
  Processor: ARM Cortex-A57 6 Core 2035 MHz
  NumSockets: 2
  Manufacturer: ARM
  NumCores: 6
  NumLogicals: 6
  CPUFrequency: 2035
  Memory: 7850
Checksum: 1D44A67222EC2CE403F922638AA18C98F23685B2