BaselineInfo:
  WebDBID: -1
  TimeStamp: 20240827195339
Version:
  Major: 11
  Minor: 0
  Build: 1002
  SpecialBuildName: ""
  ptArchitecture: aarch64_linux
Results:
  Results Complete: true
  NumTestProcesses: 6
  CPU_INTEGER_MATH: 2137.0053333333331
  CPU_FLOATINGPOINT_MATH: 575.83211180650028
  CPU_PRIME: 2.5745875041893482
  CPU_SORTING: 906.87758995867352
  CPU_ENCRYPTION: 61.948562968322832
  CPU_COMPRESSION: 0
  CPU_SINGLETHREAD: 77.171814979329511
  CPU_PHYSICS: 47.162243242786197
  CPU_MATRIX_MULT_SSE: 127.85227411044698
  CPU_mm: 38.255201700275457
  CPU_sse: 90.064276832858738
  CPU_fma: 165.64027138803527
  CPU_avx: 0
  CPU_avx512: 0
  m_CPU_enc_SHA: 89374927.375832528
  m_CPU_enc_AES: 45513322.390179843
  m_CPU_enc_ECDSA: 59985079.323203892
  ME_ALLOC_S: 0
  ME_READ_S: 0
  ME_READ_L: 0
  ME_WRITE: 0
  ME_LARGE: 0
  ME_LATENCY: 0
  ME_THREADED: 0
  SUMM_CPU: 0
  SUMM_ME: 0
SystemInformation:
  OSName: Ubuntu 18.04.6 LTS
  Kernel: 4.9.337-tegra
  Device: quill
  Processor: ARM Cortex-A57 6 Core 2035 MHz
  NumSockets: 2
  Manufacturer: ARM
  NumCores: 6
  NumLogicals: 6
  CPUFrequency: 2035
  Memory: 7850
Checksum: 01F02E76FBB3D42E03896D321278852D1F1BA961