BaselineInfo:
  WebDBID: -1
  TimeStamp: 20240828050205
Version:
  Major: 11
  Minor: 0
  Build: 1002
  SpecialBuildName: ""
  ptArchitecture: aarch64_linux
Results:
  Results Complete: true
  NumTestProcesses: 6
  CPU_INTEGER_MATH: 4004.163333333333
  CPU_FLOATINGPOINT_MATH: 924.1685420764245
  CPU_PRIME: 0.91384856456733043
  CPU_SORTING: 814.43513599362711
  CPU_ENCRYPTION: 105.4942129898597
  CPU_COMPRESSION: 2298.4013749895021
  CPU_SINGLETHREAD: 131.32504127752057
  CPU_PHYSICS: 16.100278213586396
  CPU_MATRIX_MULT_SSE: 238.49581188633695
  CPU_mm: 71.765862860117494
  CPU_sse: 168.75546394071878
  CPU_fma: 308.23615983195521
  CPU_avx: 0
  CPU_avx512: 0
  m_CPU_enc_SHA: 156303599.55834222
  m_CPU_enc_AES: 85309353.699587926
  m_CPU_enc_ECDSA: 90243146.382235259
  ME_ALLOC_S: 0
  ME_READ_S: 0
  ME_READ_L: 0
  ME_WRITE: 0
  ME_LARGE: 0
  ME_LATENCY: 0
  ME_THREADED: 0
  SUMM_CPU: 320.67960951469331
  SUMM_ME: 0
SystemInformation:
  OSName: Ubuntu 18.04.6 LTS
  Kernel: 4.9.337-tegra
  Device: quill
  Processor: ARM Cortex-A57 6 Core 2035 MHz
  NumSockets: 2
  Manufacturer: ARM
  NumCores: 6
  NumLogicals: 6
  CPUFrequency: 2035
  Memory: 7850
Checksum: 89624A6CA60B48F5F0FB6D7160226E3F10D5379B