BaselineInfo:
  WebDBID: -1
  TimeStamp: 20240828102457
Version:
  Major: 11
  Minor: 0
  Build: 1002
  SpecialBuildName: ""
  ptArchitecture: aarch64_linux
Results:
  Results Complete: true
  NumTestProcesses: 6
  CPU_INTEGER_MATH: 6089.3386666666665
  CPU_FLOATINGPOINT_MATH: 1587.67619413224
  CPU_PRIME: 3.6081310790797474
  CPU_SORTING: 2225.325775337345
  CPU_ENCRYPTION: 168.06899660332786
  CPU_COMPRESSION: 4083.9646880232303
  CPU_SINGLETHREAD: 211.41961830836942
  CPU_PHYSICS: 61.598802856902658
  CPU_MATRIX_MULT_SSE: 363.39614643473845
  CPU_mm: 109.39206143084787
  CPU_sse: 255.87420531783286
  CPU_fma: 470.91808755164413
  CPU_avx: 0
  CPU_avx512: 0
  m_CPU_enc_SHA: 247904151.33600309
  m_CPU_enc_AES: 130212380.22527757
  m_CPU_enc_ECDSA: 150582816.98571271
  ME_ALLOC_S: 0
  ME_READ_S: 0
  ME_READ_L: 0
  ME_WRITE: 0
  ME_LARGE: 0
  ME_LATENCY: 0
  ME_THREADED: 0
  SUMM_CPU: 598.87752118177798
  SUMM_ME: 0
SystemInformation:
  OSName: Ubuntu 18.04.6 LTS
  Kernel: 4.9.337-tegra
  Device: quill
  Processor: ARM Cortex-A57 6 Core 2035 MHz
  NumSockets: 2
  Manufacturer: ARM
  NumCores: 6
  NumLogicals: 6
  CPUFrequency: 2035
  Memory: 7850
Checksum: CB7B130AAE3DF61A59784C4631F49A145C56ED1F