BaselineInfo:
  WebDBID: -1
  TimeStamp: 20240827191908
Version:
  Major: 11
  Minor: 0
  Build: 1002
  SpecialBuildName: ""
  ptArchitecture: aarch64_linux
Results:
  Results Complete: true
  NumTestProcesses: 6
  CPU_INTEGER_MATH: 1874.258
  CPU_FLOATINGPOINT_MATH: 507.81518185043046
  CPU_PRIME: 2.389380723247061
  CPU_SORTING: 755.21626136606505
  CPU_ENCRYPTION: 57.669365345419067
  CPU_COMPRESSION: 0
  CPU_SINGLETHREAD: 233.01164120658439
  CPU_PHYSICS: 45.169878354631827
  CPU_MATRIX_MULT_SSE: 110.94966027983536
  CPU_mm: 31.026057639438594
  CPU_sse: 79.140748534215206
  CPU_fma: 142.75857202545549
  CPU_avx: 0
  CPU_avx512: 0
  m_CPU_enc_SHA: 81678892.16266349
  m_CPU_enc_AES: 47774055.420831822
  m_CPU_enc_ECDSA: 51959189.725819133
  ME_ALLOC_S: 0
  ME_READ_S: 0
  ME_READ_L: 0
  ME_WRITE: 0
  ME_LARGE: 0
  ME_LATENCY: 0
  ME_THREADED: 0
  SUMM_CPU: 0
  SUMM_ME: 0
SystemInformation:
  OSName: Ubuntu 18.04.6 LTS
  Kernel: 4.9.337-tegra
  Device: quill
  Processor: ARM Cortex-A57 6 Core 2035 MHz
  NumSockets: 2
  Manufacturer: ARM
  NumCores: 6
  NumLogicals: 6
  CPUFrequency: 2035
  Memory: 7850
Checksum: 36F7C1B8CC1C3773567B0D50F4923F59225ED559