BaselineInfo:
  WebDBID: -1
  TimeStamp: 20240828071336
Version:
  Major: 11
  Minor: 0
  Build: 1002
  SpecialBuildName: ""
  ptArchitecture: aarch64_linux
Results:
  Results Complete: true
  NumTestProcesses: 6
  CPU_INTEGER_MATH: 5131.5013333333336
  CPU_FLOATINGPOINT_MATH: 1395.6388716782733
  CPU_PRIME: 5.7246297330236908
  CPU_SORTING: 2156.864822885952
  CPU_ENCRYPTION: 144.24767689129371
  CPU_COMPRESSION: 3577.264624209256
  CPU_SINGLETHREAD: 182.95642740632087
  CPU_PHYSICS: 101.78882485225142
  CPU_MATRIX_MULT_SSE: 305.89266297837088
  CPU_mm: 91.71771451066779
  CPU_sse: 215.66024833484545
  CPU_fma: 396.12507762189631
  CPU_avx: 0
  CPU_avx512: 0
  m_CPU_enc_SHA: 208412398.7265701
  m_CPU_enc_AES: 110915964.20918977
  m_CPU_enc_ECDSA: 134435593.19613573
  ME_ALLOC_S: 0
  ME_READ_S: 0
  ME_READ_L: 0
  ME_WRITE: 0
  ME_LARGE: 0
  ME_LATENCY: 0
  ME_THREADED: 0
  SUMM_CPU: 538.10723676504699
  SUMM_ME: 0
SystemInformation:
  OSName: Ubuntu 18.04.6 LTS
  Kernel: 4.9.337-tegra
  Device: quill
  Processor: ARM Cortex-A57 6 Core 2035 MHz
  NumSockets: 2
  Manufacturer: ARM
  NumCores: 6
  NumLogicals: 6
  CPUFrequency: 2035
  Memory: 7850
Checksum: 5BFCF89537DBF830DF9C98AA9A05A6BFE950EA62