BaselineInfo:
  WebDBID: -1
  TimeStamp: 20240828121619
Version:
  Major: 11
  Minor: 0
  Build: 1002
  SpecialBuildName: ""
  ptArchitecture: aarch64_linux
Results:
  Results Complete: true
  NumTestProcesses: 6
  CPU_INTEGER_MATH: 5947.3860000000004
  CPU_FLOATINGPOINT_MATH: 1671.4506557672676
  CPU_PRIME: 6.0100534265047525
  CPU_SORTING: 2585.7523240375849
  CPU_ENCRYPTION: 167.13168686927153
  CPU_COMPRESSION: 4231.8968379326489
  CPU_SINGLETHREAD: 217.07667558308393
  CPU_PHYSICS: 105.53579883550832
  CPU_MATRIX_MULT_SSE: 366.16915576562411
  CPU_mm: 109.62966632835244
  CPU_sse: 257.09529177629173
  CPU_fma: 475.24301975495661
  CPU_avx: 0
  CPU_avx512: 0
  m_CPU_enc_SHA: 251879142.14617011
  m_CPU_enc_AES: 133984433.00605896
  m_CPU_enc_ECDSA: 139887251.91967073
  ME_ALLOC_S: 0
  ME_READ_S: 0
  ME_READ_L: 0
  ME_WRITE: 0
  ME_LARGE: 0
  ME_LATENCY: 0
  ME_THREADED: 0
  SUMM_CPU: 630.99893354043934
  SUMM_ME: 0
SystemInformation:
  OSName: Ubuntu 18.04.6 LTS
  Kernel: 4.9.337-tegra
  Device: quill
  Processor: ARM Cortex-A57 6 Core 2035 MHz
  NumSockets: 2
  Manufacturer: ARM
  NumCores: 6
  NumLogicals: 6
  CPUFrequency: 2035
  Memory: 7850
Checksum: F7C34C9E9F7C460FAE30BF9AF25F9D02DB4B0D4C