BaselineInfo:
  WebDBID: -1
  TimeStamp: 20240828010949
Version:
  Major: 11
  Minor: 0
  Build: 1002
  SpecialBuildName: ""
  ptArchitecture: aarch64_linux
Results:
  Results Complete: true
  NumTestProcesses: 6
  CPU_INTEGER_MATH: 3128.2126666666663
  CPU_FLOATINGPOINT_MATH: 826.58826341493921
  CPU_PRIME: 2.6798558333074185
  CPU_SORTING: 1240.1852609719379
  CPU_ENCRYPTION: 88.318164215569439
  CPU_COMPRESSION: 2019.437271826449
  CPU_SINGLETHREAD: 111.46312738662226
  CPU_PHYSICS: 45.748865830980982
  CPU_MATRIX_MULT_SSE: 186.38736586403837
  CPU_mm: 55.693280597659864
  CPU_sse: 131.17567266467813
  CPU_fma: 241.59905906339858
  CPU_avx: 0
  CPU_avx512: 0
  m_CPU_enc_SHA: 133724786.65325788
  m_CPU_enc_AES: 66919247.788593225
  m_CPU_enc_ECDSA: 77180887.639663666
  ME_ALLOC_S: 0
  ME_READ_S: 0
  ME_READ_L: 0
  ME_WRITE: 0
  ME_LARGE: 0
  ME_LATENCY: 0
  ME_THREADED: 0
  SUMM_CPU: 315.13081565277889
  SUMM_ME: 0
SystemInformation:
  OSName: Ubuntu 18.04.6 LTS
  Kernel: 4.9.337-tegra
  Device: quill
  Processor: ARM Cortex-A57 6 Core 2035 MHz
  NumSockets: 2
  Manufacturer: ARM
  NumCores: 6
  NumLogicals: 6
  CPUFrequency: 2035
  Memory: 7850
Checksum: B8993331DDAFEF637CCDBAD4F3CF88AD246189A3