BaselineInfo:
  WebDBID: -1
  TimeStamp: 20240827195751
Version:
  Major: 11
  Minor: 0
  Build: 1002
  SpecialBuildName: ""
  ptArchitecture: aarch64_linux
Results:
  Results Complete: true
  NumTestProcesses: 6
  CPU_INTEGER_MATH: 1862.5666666666666
  CPU_FLOATINGPOINT_MATH: 498.42553343915893
  CPU_PRIME: 2.4389598217102586
  CPU_SORTING: 776.9916524081068
  CPU_ENCRYPTION: 60.632147759479167
  CPU_COMPRESSION: 0
  CPU_SINGLETHREAD: 237.99583396775887
  CPU_PHYSICS: 45.701261717123515
  CPU_MATRIX_MULT_SSE: 110.74593832732366
  CPU_mm: 33.36746198907781
  CPU_sse: 75.150560864985664
  CPU_fma: 146.34131578966168
  CPU_avx: 0
  CPU_avx512: 0
  m_CPU_enc_SHA: 85051742.90897733
  m_CPU_enc_AES: 49285925.517924555
  m_CPU_enc_ECDSA: 56394576.480229013
  ME_ALLOC_S: 0
  ME_READ_S: 0
  ME_READ_L: 0
  ME_WRITE: 0
  ME_LARGE: 0
  ME_LATENCY: 0
  ME_THREADED: 0
  SUMM_CPU: 0
  SUMM_ME: 0
SystemInformation:
  OSName: Ubuntu 18.04.6 LTS
  Kernel: 4.9.337-tegra
  Device: quill
  Processor: ARM Cortex-A57 6 Core 2035 MHz
  NumSockets: 2
  Manufacturer: ARM
  NumCores: 6
  NumLogicals: 6
  CPUFrequency: 2035
  Memory: 7850
Checksum: 4AF7B8326AA070A05BFAE98FA27F51FF9941F8EC