BaselineInfo:
  WebDBID: -1
  TimeStamp: 20240828152345
Version:
  Major: 11
  Minor: 0
  Build: 1002
  SpecialBuildName: ""
  ptArchitecture: aarch64_linux
Results:
  Results Complete: true
  NumTestProcesses: 6
  CPU_INTEGER_MATH: 7891.8393333333343
  CPU_FLOATINGPOINT_MATH: 2065.1575712068229
  CPU_PRIME: 3.8188999786899163
  CPU_SORTING: 2629.7959676275736
  CPU_ENCRYPTION: 218.11412803365994
  CPU_COMPRESSION: 5364.6532014286931
  CPU_SINGLETHREAD: 268.93356382432455
  CPU_PHYSICS: 64.785940206431974
  CPU_MATRIX_MULT_SSE: 469.58331816611172
  CPU_mm: 141.18305755808328
  CPU_sse: 330.04370800178788
  CPU_fma: 609.12292833043557
  CPU_avx: 0
  CPU_avx512: 0
  m_CPU_enc_SHA: 323149660.66367084
  m_CPU_enc_AES: 171348578.27819169
  m_CPU_enc_ECDSA: 191629480.80920646
  ME_ALLOC_S: 0
  ME_READ_S: 0
  ME_READ_L: 0
  ME_WRITE: 0
  ME_LARGE: 0
  ME_LATENCY: 0
  ME_THREADED: 0
  SUMM_CPU: 762.31973034197767
  SUMM_ME: 0
SystemInformation:
  OSName: Ubuntu 18.04.6 LTS
  Kernel: 4.9.337-tegra
  Device: quill
  Processor: ARM Cortex-A57 6 Core 2035 MHz
  NumSockets: 2
  Manufacturer: ARM
  NumCores: 6
  NumLogicals: 6
  CPUFrequency: 2035
  Memory: 7850
Checksum: E9E86FF0248D1EF9A802574C85CDDEFA3B13CB8A