BaselineInfo:
  WebDBID: -1
  TimeStamp: 20240828100923
Version:
  Major: 11
  Minor: 0
  Build: 1002
  SpecialBuildName: ""
  ptArchitecture: aarch64_linux
Results:
  Results Complete: true
  NumTestProcesses: 6
  CPU_INTEGER_MATH: 5902.7979999999998
  CPU_FLOATINGPOINT_MATH: 1355.2359600002897
  CPU_PRIME: 0.94229862541493703
  CPU_SORTING: 897.54306992456782
  CPU_ENCRYPTION: 146.5013740000087
  CPU_COMPRESSION: 3335.3471911402939
  CPU_SINGLETHREAD: 180.82963577837415
  CPU_PHYSICS: 17.323497415813609
  CPU_MATRIX_MULT_SSE: 351.7948735035784
  CPU_mm: 106.0584007206311
  CPU_sse: 249.94047391391925
  CPU_fma: 453.64927309323764
  CPU_avx: 0
  CPU_avx512: 0
  m_CPU_enc_SHA: 218598965.4472734
  m_CPU_enc_AES: 123957172.58437207
  m_CPU_enc_ECDSA: 118297336.19865382
  ME_ALLOC_S: 0
  ME_READ_S: 0
  ME_READ_L: 0
  ME_WRITE: 0
  ME_LARGE: 0
  ME_LATENCY: 0
  ME_THREADED: 0
  SUMM_CPU: 427.29970808402669
  SUMM_ME: 0
SystemInformation:
  OSName: Ubuntu 18.04.6 LTS
  Kernel: 4.9.337-tegra
  Device: quill
  Processor: ARM Cortex-A57 6 Core 2035 MHz
  NumSockets: 2
  Manufacturer: ARM
  NumCores: 6
  NumLogicals: 6
  CPUFrequency: 2035
  Memory: 7850
Checksum: ACD1142022124E41CAF5AF57A1999E070FEB6C24