BaselineInfo:
  WebDBID: -1
  TimeStamp: 20240828130519
Version:
  Major: 11
  Minor: 0
  Build: 1002
  SpecialBuildName: ""
  ptArchitecture: aarch64_linux
Results:
  Results Complete: true
  NumTestProcesses: 6
  CPU_INTEGER_MATH: 7068.4286666666658
  CPU_FLOATINGPOINT_MATH: 1896.784214935921
  CPU_PRIME: 5.0236493872737658
  CPU_SORTING: 2800.1248887165657
  CPU_ENCRYPTION: 193.03744877545367
  CPU_COMPRESSION: 4955.7781992733526
  CPU_SINGLETHREAD: 245.93001762038477
  CPU_PHYSICS: 84.55327468052451
  CPU_MATRIX_MULT_SSE: 421.75775473292128
  CPU_mm: 126.0652340746142
  CPU_sse: 295.17171691218516
  CPU_fma: 548.34379255365752
  CPU_avx: 0
  CPU_avx512: 0
  m_CPU_enc_SHA: 281164374.15544564
  m_CPU_enc_AES: 158029161.2072463
  m_CPU_enc_ECDSA: 168049772.29881835
  ME_ALLOC_S: 0
  ME_READ_S: 0
  ME_READ_L: 0
  ME_WRITE: 0
  ME_LARGE: 0
  ME_LATENCY: 0
  ME_THREADED: 0
  SUMM_CPU: 714.89140269621566
  SUMM_ME: 0
SystemInformation:
  OSName: Ubuntu 18.04.6 LTS
  Kernel: 4.9.337-tegra
  Device: quill
  Processor: ARM Cortex-A57 6 Core 2035 MHz
  NumSockets: 2
  Manufacturer: ARM
  NumCores: 6
  NumLogicals: 6
  CPUFrequency: 2035
  Memory: 7850
Checksum: 4E2BE7CF743C717709A9B04247581188867B3C0E