BaselineInfo:
  WebDBID: -1
  TimeStamp: 20240828174140
Version:
  Major: 11
  Minor: 0
  Build: 1002
  SpecialBuildName: ""
  ptArchitecture: aarch64_linux
Results:
  Results Complete: true
  NumTestProcesses: 6
  CPU_INTEGER_MATH: 7981.5360000000001
  CPU_FLOATINGPOINT_MATH: 2149.8121945446705
  CPU_PRIME: 6.47263903012459
  CPU_SORTING: 3318.6276139550646
  CPU_ENCRYPTION: 220.44765262038302
  CPU_COMPRESSION: 5936.2521508090467
  CPU_SINGLETHREAD: 277.98678171168649
  CPU_PHYSICS: 110.58177610695095
  CPU_MATRIX_MULT_SSE: 477.85154831048629
  CPU_mm: 142.97883356616848
  CPU_sse: 335.71436835317451
  CPU_fma: 619.98872826779802
  CPU_avx: 0
  CPU_avx512: 0
  m_CPU_enc_SHA: 323078716.73673397
  m_CPU_enc_AES: 175518890.66162428
  m_CPU_enc_ECDSA: 194870745.98385397
  ME_ALLOC_S: 0
  ME_READ_S: 0
  ME_READ_L: 0
  ME_WRITE: 0
  ME_LARGE: 0
  ME_LATENCY: 0
  ME_THREADED: 0
  SUMM_CPU: 832.59059820809102
  SUMM_ME: 0
SystemInformation:
  OSName: Ubuntu 18.04.6 LTS
  Kernel: 4.9.337-tegra
  Device: quill
  Processor: ARM Cortex-A57 6 Core 2035 MHz
  NumSockets: 2
  Manufacturer: ARM
  NumCores: 6
  NumLogicals: 6
  CPUFrequency: 2035
  Memory: 7850
Checksum: E068845ECC9AB71C23B931719C6F000DFFFEFEDC