BaselineInfo:
  WebDBID: -1
  TimeStamp: 20240828201746
Version:
  Major: 11
  Minor: 0
  Build: 1002
  SpecialBuildName: ""
  ptArchitecture: aarch64_linux
Results:
  Results Complete: true
  NumTestProcesses: 6
  CPU_INTEGER_MATH: 8755.4360000000015
  CPU_FLOATINGPOINT_MATH: 1896.8910023132253
  CPU_PRIME: 0.95040427072203659
  CPU_SORTING: 894.05388394374438
  CPU_ENCRYPTION: 217.35754394156078
  CPU_COMPRESSION: 4763.3510337522657
  CPU_SINGLETHREAD: 258.79199982519464
  CPU_PHYSICS: 17.148269549915035
  CPU_MATRIX_MULT_SSE: 518.89594236609571
  CPU_mm: 158.34873309751137
  CPU_sse: 366.68102616910676
  CPU_fma: 671.11085856308466
  CPU_avx: 0
  CPU_avx512: 0
  m_CPU_enc_SHA: 320269972.50206584
  m_CPU_enc_AES: 175380228.84781665
  m_CPU_enc_ECDSA: 188097510.63831565
  ME_ALLOC_S: 0
  ME_READ_S: 0
  ME_READ_L: 0
  ME_WRITE: 0
  ME_LARGE: 0
  ME_LATENCY: 0
  ME_THREADED: 0
  SUMM_CPU: 550.71331026083692
  SUMM_ME: 0
SystemInformation:
  OSName: Ubuntu 18.04.6 LTS
  Kernel: 4.9.337-tegra
  Device: quill
  Processor: ARM Cortex-A57 6 Core 2035 MHz
  NumSockets: 2
  Manufacturer: ARM
  NumCores: 6
  NumLogicals: 6
  CPUFrequency: 2035
  Memory: 7850
Checksum: 7B7B27D12654336335C051D82C69496E49C19A72