BaselineInfo:
  WebDBID: -1
  TimeStamp: 20240827194708
Version:
  Major: 11
  Minor: 0
  Build: 1002
  SpecialBuildName: ""
  ptArchitecture: aarch64_linux
Results:
  Results Complete: true
  NumTestProcesses: 6
  CPU_INTEGER_MATH: 1798.288
  CPU_FLOATINGPOINT_MATH: 406.0048048777582
  CPU_PRIME: 0.79326154580007135
  CPU_SORTING: 633.15897054968946
  CPU_ENCRYPTION: 52.929320800632162
  CPU_COMPRESSION: 0
  CPU_SINGLETHREAD: 204.04651417745384
  CPU_PHYSICS: 977.29900963235514
  CPU_MATRIX_MULT_SSE: 107.39592812562155
  CPU_mm: 24.450483462643831
  CPU_sse: 75.652016361079532
  CPU_fma: 139.13983989016359
  CPU_avx: 0
  CPU_avx512: 0
  m_CPU_enc_SHA: 75467866.954464093
  m_CPU_enc_AES: 42638469.385549076
  m_CPU_enc_ECDSA: 48394910.123517849
  ME_ALLOC_S: 0
  ME_READ_S: 0
  ME_READ_L: 0
  ME_WRITE: 0
  ME_LARGE: 0
  ME_LATENCY: 0
  ME_THREADED: 0
  SUMM_CPU: 0
  SUMM_ME: 0
SystemInformation:
  OSName: Ubuntu 18.04.6 LTS
  Kernel: 4.9.337-tegra
  Device: quill
  Processor: ARM Cortex-A57 6 Core 2035 MHz
  NumSockets: 2
  Manufacturer: ARM
  NumCores: 6
  NumLogicals: 6
  CPUFrequency: 2035
  Memory: 7850
Checksum: 732BF9113E437BFDC5380064AF0EFFA5D864466A