BaselineInfo:
  WebDBID: -1
  TimeStamp: 20240828014254
Version:
  Major: 11
  Minor: 0
  Build: 1002
  SpecialBuildName: ""
  ptArchitecture: aarch64_linux
Results:
  Results Complete: true
  NumTestProcesses: 6
  CPU_INTEGER_MATH: 3045.9946666666665
  CPU_FLOATINGPOINT_MATH: 685.96577545120181
  CPU_PRIME: 0.88208662748425071
  CPU_SORTING: 763.29896104231534
  CPU_ENCRYPTION: 76.666986442942459
  CPU_COMPRESSION: 1799.3720577247416
  CPU_SINGLETHREAD: 102.4535160012574
  CPU_PHYSICS: 15.811562085259622
  CPU_MATRIX_MULT_SSE: 180.48921126681287
  CPU_mm: 54.295800221735831
  CPU_sse: 127.20621673765891
  CPU_fma: 233.77220579596684
  CPU_avx: 0
  CPU_avx512: 0
  m_CPU_enc_SHA: 111235180.44879416
  m_CPU_enc_AES: 64545122.994107187
  m_CPU_enc_ECDSA: 65393182.486283153
  ME_ALLOC_S: 0
  ME_READ_S: 0
  ME_READ_L: 0
  ME_WRITE: 0
  ME_LARGE: 0
  ME_LATENCY: 0
  ME_THREADED: 0
  SUMM_CPU: 254.471296148524
  SUMM_ME: 0
SystemInformation:
  OSName: Ubuntu 18.04.6 LTS
  Kernel: 4.9.337-tegra
  Device: quill
  Processor: ARM Cortex-A57 6 Core 2035 MHz
  NumSockets: 2
  Manufacturer: ARM
  NumCores: 6
  NumLogicals: 6
  CPUFrequency: 2035
  Memory: 7850
Checksum: 69CA42AC44A129618F59309DDC7758467634BCC8