BaselineInfo:
  WebDBID: -1
  TimeStamp: 20240828151556
Version:
  Major: 11
  Minor: 0
  Build: 1002
  SpecialBuildName: ""
  ptArchitecture: aarch64_linux
Results:
  Results Complete: true
  NumTestProcesses: 6
  CPU_INTEGER_MATH: 7138.6713333333337
  CPU_FLOATINGPOINT_MATH: 1942.7825343228155
  CPU_PRIME: 7.0057040508515325
  CPU_SORTING: 2941.3444616215265
  CPU_ENCRYPTION: 193.75569281964667
  CPU_COMPRESSION: 5151.0724552022821
  CPU_SINGLETHREAD: 251.04397513523247
  CPU_PHYSICS: 114.95817155766866
  CPU_MATRIX_MULT_SSE: 425.88002642359186
  CPU_mm: 127.44636480879211
  CPU_sse: 299.30635051668128
  CPU_fma: 552.45370233050244
  CPU_avx: 0
  CPU_avx512: 0
  m_CPU_enc_SHA: 289925584.2003659
  m_CPU_enc_AES: 158059449.2521767
  m_CPU_enc_ECDSA: 161517674.60961878
  ME_ALLOC_S: 0
  ME_READ_S: 0
  ME_READ_L: 0
  ME_WRITE: 0
  ME_LARGE: 0
  ME_LATENCY: 0
  ME_THREADED: 0
  SUMM_CPU: 741.764516943339
  SUMM_ME: 0
SystemInformation:
  OSName: Ubuntu 18.04.6 LTS
  Kernel: 4.9.337-tegra
  Device: quill
  Processor: ARM Cortex-A57 6 Core 2035 MHz
  NumSockets: 2
  Manufacturer: ARM
  NumCores: 6
  NumLogicals: 6
  CPUFrequency: 2035
  Memory: 7850
Checksum: 1B1F1D9BD5616B350513F30D163AF4302837EF43