BaselineInfo:
  WebDBID: -1
  TimeStamp: 20240828064351
Version:
  Major: 11
  Minor: 0
  Build: 1002
  SpecialBuildName: ""
  ptArchitecture: aarch64_linux
Results:
  Results Complete: true
  NumTestProcesses: 6
  CPU_INTEGER_MATH: 5147.8313333333335
  CPU_FLOATINGPOINT_MATH: 1394.2694018781203
  CPU_PRIME: 5.7101060725636401
  CPU_SORTING: 2173.8417138261361
  CPU_ENCRYPTION: 142.583850243955
  CPU_COMPRESSION: 3591.8102227242061
  CPU_SINGLETHREAD: 182.69967267965575
  CPU_PHYSICS: 98.875301363484496
  CPU_MATRIX_MULT_SSE: 307.48209023319794
  CPU_mm: 92.274161637846831
  CPU_sse: 213.81191450428051
  CPU_fma: 401.15226596211539
  CPU_avx: 0
  CPU_avx512: 0
  m_CPU_enc_SHA: 210075611.54718363
  m_CPU_enc_AES: 115300538.77136451
  m_CPU_enc_ECDSA: 123153859.74166788
  ME_ALLOC_S: 0
  ME_READ_S: 0
  ME_READ_L: 0
  ME_WRITE: 0
  ME_LARGE: 0
  ME_LATENCY: 0
  ME_THREADED: 0
  SUMM_CPU: 537.20882295618549
  SUMM_ME: 0
SystemInformation:
  OSName: Ubuntu 18.04.6 LTS
  Kernel: 4.9.337-tegra
  Device: quill
  Processor: ARM Cortex-A57 6 Core 2035 MHz
  NumSockets: 2
  Manufacturer: ARM
  NumCores: 6
  NumLogicals: 6
  CPUFrequency: 2035
  Memory: 7850
Checksum: 88854F04111728FF5CF094D5DFAFD7E100E58F2F