BaselineInfo:
  WebDBID: -1
  TimeStamp: 20240828175633
Version:
  Major: 11
  Minor: 0
  Build: 1002
  SpecialBuildName: ""
  ptArchitecture: aarch64_linux
Results:
  Results Complete: true
  NumTestProcesses: 6
  CPU_INTEGER_MATH: 8009.3206666666665
  CPU_FLOATINGPOINT_MATH: 2165.7498910932582
  CPU_PRIME: 7.6445153799188423
  CPU_SORTING: 3361.4466733727968
  CPU_ENCRYPTION: 219.1706596528922
  CPU_COMPRESSION: 5881.2247735917517
  CPU_SINGLETHREAD: 281.91842222210954
  CPU_PHYSICS: 124.45438079147218
  CPU_MATRIX_MULT_SSE: 476.50745370022241
  CPU_mm: 143.21397317801345
  CPU_sse: 335.38261818043293
  CPU_fma: 617.6322892200119
  CPU_avx: 0
  CPU_avx512: 0
  m_CPU_enc_SHA: 329832139.26015341
  m_CPU_enc_AES: 173651067.07208741
  m_CPU_enc_ECDSA: 185968074.51633239
  ME_ALLOC_S: 0
  ME_READ_S: 0
  ME_READ_L: 0
  ME_WRITE: 0
  ME_LARGE: 0
  ME_LATENCY: 0
  ME_THREADED: 0
  SUMM_CPU: 836.76931285211617
  SUMM_ME: 0
SystemInformation:
  OSName: Ubuntu 18.04.6 LTS
  Kernel: 4.9.337-tegra
  Device: quill
  Processor: ARM Cortex-A57 6 Core 2035 MHz
  NumSockets: 2
  Manufacturer: ARM
  NumCores: 6
  NumLogicals: 6
  CPUFrequency: 2035
  Memory: 7850
Checksum: F0BD628725F066C02272D18F2AAECC6AADC163C0