BaselineInfo:
  WebDBID: -1
  TimeStamp: 20240828003510
Version:
  Major: 11
  Minor: 0
  Build: 1002
  SpecialBuildName: ""
  ptArchitecture: aarch64_linux
Results:
  Results Complete: true
  NumTestProcesses: 6
  CPU_INTEGER_MATH: 3140.3773333333334
  CPU_FLOATINGPOINT_MATH: 842.13513943258181
  CPU_PRIME: 3.414068247692938
  CPU_SORTING: 1303.6759039011322
  CPU_ENCRYPTION: 84.690442388118925
  CPU_COMPRESSION: 2119.2512593091374
  CPU_SINGLETHREAD: 112.16905829738984
  CPU_PHYSICS: 55.380934829082456
  CPU_MATRIX_MULT_SSE: 186.566461126322
  CPU_mm: 56.088038174101129
  CPU_sse: 132.04235215538523
  CPU_fma: 241.09057009725879
  CPU_avx: 0
  CPU_avx512: 0
  m_CPU_enc_SHA: 120551761.02246353
  m_CPU_enc_AES: 69050971.532843649
  m_CPU_enc_ECDSA: 76810363.397385344
  ME_ALLOC_S: 0
  ME_READ_S: 0
  ME_READ_L: 0
  ME_WRITE: 0
  ME_LARGE: 0
  ME_LATENCY: 0
  ME_THREADED: 0
  SUMM_CPU: 320.62164839139234
  SUMM_ME: 0
SystemInformation:
  OSName: Ubuntu 18.04.6 LTS
  Kernel: 4.9.337-tegra
  Device: quill
  Processor: ARM Cortex-A57 6 Core 2035 MHz
  NumSockets: 2
  Manufacturer: ARM
  NumCores: 6
  NumLogicals: 6
  CPUFrequency: 2035
  Memory: 7850
Checksum: 35EF90230A4620004C2DC10A6F880D1639C5C4D9