BaselineInfo:
  WebDBID: -1
  TimeStamp: 20240828032150
Version:
  Major: 11
  Minor: 0
  Build: 1002
  SpecialBuildName: ""
  ptArchitecture: aarch64_linux
Results:
  Results Complete: true
  NumTestProcesses: 6
  CPU_INTEGER_MATH: 4141.6193333333331
  CPU_FLOATINGPOINT_MATH: 1128.1019891590013
  CPU_PRIME: 4.8578412788659939
  CPU_SORTING: 1734.0668593263858
  CPU_ENCRYPTION: 117.16721263217401
  CPU_COMPRESSION: 2831.0543122522454
  CPU_SINGLETHREAD: 147.46090513253372
  CPU_PHYSICS: 86.954104760849503
  CPU_MATRIX_MULT_SSE: 247.40843026648821
  CPU_mm: 73.993228882382141
  CPU_sse: 173.38736184520479
  CPU_fma: 321.42949868777163
  CPU_avx: 0
  CPU_avx512: 0
  m_CPU_enc_SHA: 169381380.21679649
  m_CPU_enc_AES: 94748751.695100203
  m_CPU_enc_ECDSA: 104446049.54708679
  ME_ALLOC_S: 0
  ME_READ_S: 0
  ME_READ_L: 0
  ME_WRITE: 0
  ME_LARGE: 0
  ME_LATENCY: 0
  ME_THREADED: 0
  SUMM_CPU: 433.6446819619328
  SUMM_ME: 0
SystemInformation:
  OSName: Ubuntu 18.04.6 LTS
  Kernel: 4.9.337-tegra
  Device: quill
  Processor: ARM Cortex-A57 6 Core 2035 MHz
  NumSockets: 2
  Manufacturer: ARM
  NumCores: 6
  NumLogicals: 6
  CPUFrequency: 2035
  Memory: 7850
Checksum: 12242B70162418016A40FF236915C3323C02CD3F