BaselineInfo:
  WebDBID: -1
  TimeStamp: 20240828092254
Version:
  Major: 11
  Minor: 0
  Build: 1002
  SpecialBuildName: ""
  ptArchitecture: aarch64_linux
Results:
  Results Complete: true
  NumTestProcesses: 6
  CPU_INTEGER_MATH: 5112.8046666666669
  CPU_FLOATINGPOINT_MATH: 1397.1627602863061
  CPU_PRIME: 5.7596209864824255
  CPU_SORTING: 2176.7220267711114
  CPU_ENCRYPTION: 146.23183003151271
  CPU_COMPRESSION: 3616.2964987951877
  CPU_SINGLETHREAD: 183.01094357796575
  CPU_PHYSICS: 100.24742287240124
  CPU_MATRIX_MULT_SSE: 305.73785732535492
  CPU_mm: 91.680502855469584
  CPU_sse: 213.24794356916436
  CPU_fma: 398.22777108154554
  CPU_avx: 0
  CPU_avx512: 0
  m_CPU_enc_SHA: 215691097.63190314
  m_CPU_enc_AES: 114294080.26776187
  m_CPU_enc_ECDSA: 130020384.32170539
  ME_ALLOC_S: 0
  ME_READ_S: 0
  ME_READ_L: 0
  ME_WRITE: 0
  ME_LARGE: 0
  ME_LATENCY: 0
  ME_THREADED: 0
  SUMM_CPU: 541.95060652251766
  SUMM_ME: 0
SystemInformation:
  OSName: Ubuntu 18.04.6 LTS
  Kernel: 4.9.337-tegra
  Device: quill
  Processor: ARM Cortex-A57 6 Core 2035 MHz
  NumSockets: 2
  Manufacturer: ARM
  NumCores: 6
  NumLogicals: 6
  CPUFrequency: 2035
  Memory: 7850
Checksum: 2C1536A7519E801D1D54C55BE74C6BFEE5DC2253