BaselineInfo:
  WebDBID: -1
  TimeStamp: 20240828162523
Version:
  Major: 11
  Minor: 0
  Build: 1002
  SpecialBuildName: ""
  ptArchitecture: aarch64_linux
Results:
  Results Complete: true
  NumTestProcesses: 6
  CPU_INTEGER_MATH: 7880.1953333333331
  CPU_FLOATINGPOINT_MATH: 2081.1417731369847
  CPU_PRIME: 3.9276815416523609
  CPU_SORTING: 2657.1378812067387
  CPU_ENCRYPTION: 215.65622211465839
  CPU_COMPRESSION: 5492.1055154623637
  CPU_SINGLETHREAD: 269.62070942278979
  CPU_PHYSICS: 65.851248492838877
  CPU_MATRIX_MULT_SSE: 466.73069151399687
  CPU_mm: 140.82027596615313
  CPU_sse: 331.98550635142857
  CPU_fma: 601.47587667656524
  CPU_avx: 0
  CPU_avx512: 0
  m_CPU_enc_SHA: 324718876.73469645
  m_CPU_enc_AES: 170254374.05755451
  m_CPU_enc_ECDSA: 183422565.48804915
  ME_ALLOC_S: 0
  ME_READ_S: 0
  ME_READ_L: 0
  ME_WRITE: 0
  ME_LARGE: 0
  ME_LATENCY: 0
  ME_THREADED: 0
  SUMM_CPU: 766.64055245969087
  SUMM_ME: 0
SystemInformation:
  OSName: Ubuntu 18.04.6 LTS
  Kernel: 4.9.337-tegra
  Device: quill
  Processor: ARM Cortex-A57 6 Core 2035 MHz
  NumSockets: 2
  Manufacturer: ARM
  NumCores: 6
  NumLogicals: 6
  CPUFrequency: 2035
  Memory: 7850
Checksum: ED18358BE783555741217DB1EE98965F340C4214