BaselineInfo:
  WebDBID: -1
  TimeStamp: 20240828142038
Version:
  Major: 11
  Minor: 0
  Build: 1002
  SpecialBuildName: ""
  ptArchitecture: aarch64_linux
Results:
  Results Complete: true
  NumTestProcesses: 6
  CPU_INTEGER_MATH: 7098.8639999999996
  CPU_FLOATINGPOINT_MATH: 1876.1281927568793
  CPU_PRIME: 3.785276782950223
  CPU_SORTING: 2556.8152002173274
  CPU_ENCRYPTION: 194.106564348978
  CPU_COMPRESSION: 4810.9683494987657
  CPU_SINGLETHREAD: 244.56603501084285
  CPU_PHYSICS: 62.514741013057758
  CPU_MATRIX_MULT_SSE: 421.90440043767524
  CPU_mm: 127.04498730993566
  CPU_sse: 296.88815707373851
  CPU_fma: 546.92064380161196
  CPU_avx: 0
  CPU_avx512: 0
  m_CPU_enc_SHA: 289795592.49920321
  m_CPU_enc_AES: 149532659.03520006
  m_CPU_enc_ECDSA: 171278202.92197868
  ME_ALLOC_S: 0
  ME_READ_S: 0
  ME_READ_L: 0
  ME_WRITE: 0
  ME_LARGE: 0
  ME_LATENCY: 0
  ME_THREADED: 0
  SUMM_CPU: 691.50590689996386
  SUMM_ME: 0
SystemInformation:
  OSName: Ubuntu 18.04.6 LTS
  Kernel: 4.9.337-tegra
  Device: quill
  Processor: ARM Cortex-A57 6 Core 2035 MHz
  NumSockets: 2
  Manufacturer: ARM
  NumCores: 6
  NumLogicals: 6
  CPUFrequency: 2035
  Memory: 7850
Checksum: 0F972D777A92DEB4469C8452EBF5263F6C9DA065