BaselineInfo:
  WebDBID: -1
  TimeStamp: 20240827193106
Version:
  Major: 11
  Minor: 0
  Build: 1002
  SpecialBuildName: ""
  ptArchitecture: aarch64_linux
Results:
  Results Complete: true
  NumTestProcesses: 6
  CPU_INTEGER_MATH: 1819.73
  CPU_FLOATINGPOINT_MATH: 483.86042467506775
  CPU_PRIME: 1.8044474869103215
  CPU_SORTING: 752.55811987955701
  CPU_ENCRYPTION: 62.190951054782651
  CPU_COMPRESSION: 0
  CPU_SINGLETHREAD: 241.02304347758408
  CPU_PHYSICS: 33.382775643058565
  CPU_MATRIX_MULT_SSE: 109.18230455363584
  CPU_mm: 33.457089674893723
  CPU_sse: 77.922924774265979
  CPU_fma: 140.44168433300572
  CPU_avx: 0
  CPU_avx512: 0
  m_CPU_enc_SHA: 86924027.558037803
  m_CPU_enc_AES: 46021081.306458309
  m_CPU_enc_ECDSA: 62690707.215163246
  ME_ALLOC_S: 0
  ME_READ_S: 0
  ME_READ_L: 0
  ME_WRITE: 0
  ME_LARGE: 0
  ME_LATENCY: 0
  ME_THREADED: 0
  SUMM_CPU: 0
  SUMM_ME: 0
SystemInformation:
  OSName: Ubuntu 18.04.6 LTS
  Kernel: 4.9.337-tegra
  Device: quill
  Processor: ARM Cortex-A57 6 Core 2035 MHz
  NumSockets: 2
  Manufacturer: ARM
  NumCores: 6
  NumLogicals: 6
  CPUFrequency: 2035
  Memory: 7850
Checksum: D33099E38722CA0E7BFF0F6C123E45A693E0B675