BaselineInfo:
  WebDBID: -1
  TimeStamp: 20240828151214
Version:
  Major: 11
  Minor: 0
  Build: 1002
  SpecialBuildName: ""
  ptArchitecture: aarch64_linux
Results:
  Results Complete: true
  NumTestProcesses: 6
  CPU_INTEGER_MATH: 7120.2113333333336
  CPU_FLOATINGPOINT_MATH: 1923.4416096108432
  CPU_PRIME: 5.2767010792468092
  CPU_SORTING: 2745.6482884288807
  CPU_ENCRYPTION: 193.701909234445
  CPU_COMPRESSION: 4995.8360587283087
  CPU_SINGLETHREAD: 247.15852586973352
  CPU_PHYSICS: 85.889595261905825
  CPU_MATRIX_MULT_SSE: 424.85287292135502
  CPU_mm: 127.34186982005359
  CPU_sse: 298.15409266406169
  CPU_fma: 551.55165317864851
  CPU_avx: 0
  CPU_avx512: 0
  m_CPU_enc_SHA: 283976034.25041044
  m_CPU_enc_AES: 159470697.09121677
  m_CPU_enc_ECDSA: 165886788.19062504
  ME_ALLOC_S: 0
  ME_READ_S: 0
  ME_READ_L: 0
  ME_WRITE: 0
  ME_LARGE: 0
  ME_LATENCY: 0
  ME_THREADED: 0
  SUMM_CPU: 720.15270003844398
  SUMM_ME: 0
SystemInformation:
  OSName: Ubuntu 18.04.6 LTS
  Kernel: 4.9.337-tegra
  Device: quill
  Processor: ARM Cortex-A57 6 Core 2035 MHz
  NumSockets: 2
  Manufacturer: ARM
  NumCores: 6
  NumLogicals: 6
  CPUFrequency: 2035
  Memory: 7850
Checksum: F38C33740AE3E2FACBBA6536938AFCD3BCDEB5EC