BaselineInfo:
  WebDBID: -1
  TimeStamp: 20240828020633
Version:
  Major: 11
  Minor: 0
  Build: 1002
  SpecialBuildName: ""
  ptArchitecture: aarch64_linux
Results:
  Results Complete: true
  NumTestProcesses: 6
  CPU_INTEGER_MATH: 3135.2180000000003
  CPU_FLOATINGPOINT_MATH: 845.95483634281652
  CPU_PRIME: 3.4249861201474503
  CPU_SORTING: 1255.0559201757637
  CPU_ENCRYPTION: 88.695104056726876
  CPU_COMPRESSION: 2122.568121950103
  CPU_SINGLETHREAD: 113.05868722827138
  CPU_PHYSICS: 61.6854249230473
  CPU_MATRIX_MULT_SSE: 186.90629960051282
  CPU_mm: 56.32114653846223
  CPU_sse: 131.47794737239812
  CPU_fma: 242.33465182862756
  CPU_avx: 0
  CPU_avx512: 0
  m_CPU_enc_SHA: 128625223.02715406
  m_CPU_enc_AES: 68739333.189081863
  m_CPU_enc_ECDSA: 81646116.077923387
  ME_ALLOC_S: 0
  ME_READ_S: 0
  ME_READ_L: 0
  ME_WRITE: 0
  ME_LARGE: 0
  ME_LATENCY: 0
  ME_THREADED: 0
  SUMM_CPU: 325.56722412475858
  SUMM_ME: 0
SystemInformation:
  OSName: Ubuntu 18.04.6 LTS
  Kernel: 4.9.337-tegra
  Device: quill
  Processor: ARM Cortex-A57 6 Core 2035 MHz
  NumSockets: 2
  Manufacturer: ARM
  NumCores: 6
  NumLogicals: 6
  CPUFrequency: 2035
  Memory: 7850
Checksum: 48775D247E6282AFA3F0E663925A76095A0748F5