BaselineInfo:
  WebDBID: -1
  TimeStamp: 20240828053611
Version:
  Major: 11
  Minor: 0
  Build: 1002
  SpecialBuildName: ""
  ptArchitecture: aarch64_linux
Results:
  Results Complete: true
  NumTestProcesses: 6
  CPU_INTEGER_MATH: 4103.0426666666672
  CPU_FLOATINGPOINT_MATH: 1087.3126754832663
  CPU_PRIME: 3.2064838236046178
  CPU_SORTING: 1604.0027224988967
  CPU_ENCRYPTION: 114.44479941719257
  CPU_COMPRESSION: 2724.6692066605974
  CPU_SINGLETHREAD: 144.39477087472869
  CPU_PHYSICS: 51.884583713970876
  CPU_MATRIX_MULT_SSE: 244.63887864342468
  CPU_mm: 73.759207484887611
  CPU_sse: 173.57196917619024
  CPU_fma: 315.70578811065911
  CPU_avx: 0
  CPU_avx512: 0
  m_CPU_enc_SHA: 164111495.75355908
  m_CPU_enc_AES: 93784608.680794358
  m_CPU_enc_ECDSA: 102116105.54669288
  ME_ALLOC_S: 0
  ME_READ_S: 0
  ME_READ_L: 0
  ME_WRITE: 0
  ME_LARGE: 0
  ME_LATENCY: 0
  ME_THREADED: 0
  SUMM_CPU: 412.3689228792108
  SUMM_ME: 0
SystemInformation:
  OSName: Ubuntu 18.04.6 LTS
  Kernel: 4.9.337-tegra
  Device: quill
  Processor: ARM Cortex-A57 6 Core 2035 MHz
  NumSockets: 2
  Manufacturer: ARM
  NumCores: 6
  NumLogicals: 6
  CPUFrequency: 2035
  Memory: 7850
Checksum: BB638EFD8B157196C1727138B0EF148E78E42B4F