BaselineInfo:
  WebDBID: -1
  TimeStamp: 20240828162328
Version:
  Major: 11
  Minor: 0
  Build: 1002
  SpecialBuildName: ""
  ptArchitecture: aarch64_linux
Results:
  Results Complete: true
  NumTestProcesses: 6
  CPU_INTEGER_MATH: 7609.4013333333323
  CPU_FLOATINGPOINT_MATH: 1691.9399836937921
  CPU_PRIME: 0.95526540090653034
  CPU_SORTING: 929.55092671915486
  CPU_ENCRYPTION: 191.48592921255388
  CPU_COMPRESSION: 4154.9037609643437
  CPU_SINGLETHREAD: 228.99158120731008
  CPU_PHYSICS: 17.345416394240303
  CPU_MATRIX_MULT_SSE: 448.33203355562063
  CPU_mm: 137.39545053879266
  CPU_sse: 320.17838094909877
  CPU_fma: 576.48568616214243
  CPU_avx: 0
  CPU_avx512: 0
  m_CPU_enc_SHA: 290179076.20638692
  m_CPU_enc_AES: 157941005.7544345
  m_CPU_enc_ECDSA: 154242567.16912723
  ME_ALLOC_S: 0
  ME_READ_S: 0
  ME_READ_L: 0
  ME_WRITE: 0
  ME_LARGE: 0
  ME_LATENCY: 0
  ME_THREADED: 0
  SUMM_CPU: 507.82761375790847
  SUMM_ME: 0
SystemInformation:
  OSName: Ubuntu 18.04.6 LTS
  Kernel: 4.9.337-tegra
  Device: quill
  Processor: ARM Cortex-A57 6 Core 2035 MHz
  NumSockets: 2
  Manufacturer: ARM
  NumCores: 6
  NumLogicals: 6
  CPUFrequency: 2035
  Memory: 7850
Checksum: D5F4A9D73A0980EA4CDE81D919E01B4A15927758