BaselineInfo:
  WebDBID: -1
  TimeStamp: 20240828135710
Version:
  Major: 11
  Minor: 0
  Build: 1002
  SpecialBuildName: ""
  ptArchitecture: aarch64_linux
Results:
  Results Complete: true
  NumTestProcesses: 6
  CPU_INTEGER_MATH: 7072.3573333333334
  CPU_FLOATINGPOINT_MATH: 1916.4897391600857
  CPU_PRIME: 5.5123664328369948
  CPU_SORTING: 2840.5154270087437
  CPU_ENCRYPTION: 195.89126945935146
  CPU_COMPRESSION: 4903.691318438463
  CPU_SINGLETHREAD: 247.76728543110409
  CPU_PHYSICS: 92.666144159744803
  CPU_MATRIX_MULT_SSE: 420.95537469785819
  CPU_mm: 126.71650804821131
  CPU_sse: 295.61596962483623
  CPU_fma: 546.29477977088015
  CPU_avx: 0
  CPU_avx512: 0
  m_CPU_enc_SHA: 286532317.07259077
  m_CPU_enc_AES: 156316313.82426471
  m_CPU_enc_ECDSA: 173372020.39697132
  ME_ALLOC_S: 0
  ME_READ_S: 0
  ME_READ_L: 0
  ME_WRITE: 0
  ME_LARGE: 0
  ME_LATENCY: 0
  ME_THREADED: 0
  SUMM_CPU: 721.00470547809505
  SUMM_ME: 0
SystemInformation:
  OSName: Ubuntu 18.04.6 LTS
  Kernel: 4.9.337-tegra
  Device: quill
  Processor: ARM Cortex-A57 6 Core 2035 MHz
  NumSockets: 2
  Manufacturer: ARM
  NumCores: 6
  NumLogicals: 6
  CPUFrequency: 2035
  Memory: 7850
Checksum: 2E32FC444E4C6AA98C8A8ACBB8CAA09452393755