BaselineInfo:
  WebDBID: -1
  TimeStamp: 20240828125137
Version:
  Major: 11
  Minor: 0
  Build: 1002
  SpecialBuildName: ""
  ptArchitecture: aarch64_linux
Results:
  Results Complete: true
  NumTestProcesses: 6
  CPU_INTEGER_MATH: 7043.010666666667
  CPU_FLOATINGPOINT_MATH: 1846.0293755332175
  CPU_PRIME: 3.9308069034387576
  CPU_SORTING: 2450.604052489211
  CPU_ENCRYPTION: 192.02374751792266
  CPU_COMPRESSION: 4710.0379808753687
  CPU_SINGLETHREAD: 242.42668837979937
  CPU_PHYSICS: 64.287597495260655
  CPU_MATRIX_MULT_SSE: 419.93096494970382
  CPU_mm: 125.91458545099408
  CPU_sse: 296.61369524743202
  CPU_fma: 543.24823465197562
  CPU_avx: 0
  CPU_avx512: 0
  m_CPU_enc_SHA: 281068785.49477422
  m_CPU_enc_AES: 153725471.86073241
  m_CPU_enc_ECDSA: 169260221.87655312
  ME_ALLOC_S: 0
  ME_READ_S: 0
  ME_READ_L: 0
  ME_WRITE: 0
  ME_LARGE: 0
  ME_LATENCY: 0
  ME_THREADED: 0
  SUMM_CPU: 683.92286863769016
  SUMM_ME: 0
SystemInformation:
  OSName: Ubuntu 18.04.6 LTS
  Kernel: 4.9.337-tegra
  Device: quill
  Processor: ARM Cortex-A57 6 Core 2035 MHz
  NumSockets: 2
  Manufacturer: ARM
  NumCores: 6
  NumLogicals: 6
  CPUFrequency: 2035
  Memory: 7850
Checksum: C5AAD0BA91CB579F4321A85B10049156CC1EE854