BaselineInfo:
  WebDBID: -1
  TimeStamp: 20240828180401
Version:
  Major: 11
  Minor: 0
  Build: 1002
  SpecialBuildName: ""
  ptArchitecture: aarch64_linux
Results:
  Results Complete: true
  NumTestProcesses: 6
  CPU_INTEGER_MATH: 2314.9313333333334
  CPU_FLOATINGPOINT_MATH: 200.00943372809661
  CPU_PRIME: 0
  CPU_SORTING: 172.92398389706889
  CPU_ENCRYPTION: 50.035129386403007
  CPU_COMPRESSION: 0.17426935387143627
  CPU_SINGLETHREAD: 195.23569716240308
  CPU_PHYSICS: 9.2986212247287483
  CPU_MATRIX_MULT_SSE: 488.9126127184478
  CPU_mm: 153.50897813123441
  CPU_sse: 355.101858676088
  CPU_fma: 622.72336676080761
  CPU_avx: 0
  CPU_avx512: 0
  m_CPU_enc_SHA: 73383818.240775228
  m_CPU_enc_AES: 46182964.516958535
  m_CPU_enc_ECDSA: 37830124.736696996
  ME_ALLOC_S: 0
  ME_READ_S: 0
  ME_READ_L: 0
  ME_WRITE: 0
  ME_LARGE: 0
  ME_LATENCY: 0
  ME_THREADED: 0
  SUMM_CPU: 0
  SUMM_ME: 0
SystemInformation:
  OSName: Ubuntu 18.04.6 LTS
  Kernel: 4.9.337-tegra
  Device: quill
  Processor: ARM Cortex-A57 6 Core 2035 MHz
  NumSockets: 2
  Manufacturer: ARM
  NumCores: 6
  NumLogicals: 6
  CPUFrequency: 2035
  Memory: 7850
Checksum: CF6FA2A9AB047ECC734EA817BFB4787806F26088