BaselineInfo:
  WebDBID: -1
  TimeStamp: 20240828193558
Version:
  Major: 11
  Minor: 0
  Build: 1002
  SpecialBuildName: ""
  ptArchitecture: aarch64_linux
Results:
  Results Complete: true
  NumTestProcesses: 6
  CPU_INTEGER_MATH: 9105.7973333333339
  CPU_FLOATINGPOINT_MATH: 2447.9714588707629
  CPU_PRIME: 7.6020098895890653
  CPU_SORTING: 3675.0141762472026
  CPU_ENCRYPTION: 255.72723503229813
  CPU_COMPRESSION: 6532.5998340898796
  CPU_SINGLETHREAD: 319.73338619701087
  CPU_PHYSICS: 121.84220605134404
  CPU_MATRIX_MULT_SSE: 542.19849234074275
  CPU_mm: 162.18082109114087
  CPU_sse: 381.67658896231967
  CPU_fma: 702.72039571916571
  CPU_avx: 0
  CPU_avx512: 0
  m_CPU_enc_SHA: 369606423.34297198
  m_CPU_enc_AES: 202782782.78824067
  m_CPU_enc_ECDSA: 232059117.4724685
  ME_ALLOC_S: 0
  ME_READ_S: 0
  ME_READ_L: 0
  ME_WRITE: 0
  ME_LARGE: 0
  ME_LATENCY: 0
  ME_THREADED: 0
  SUMM_CPU: 942.99669621381156
  SUMM_ME: 0
SystemInformation:
  OSName: Ubuntu 18.04.6 LTS
  Kernel: 4.9.337-tegra
  Device: quill
  Processor: ARM Cortex-A57 6 Core 2035 MHz
  NumSockets: 2
  Manufacturer: ARM
  NumCores: 6
  NumLogicals: 6
  CPUFrequency: 2035
  Memory: 7850
Checksum: 4CEFB3977CFD1038FAA14104F160A26FB4E15CAD