BaselineInfo:
  WebDBID: -1
  TimeStamp: 20240828021044
Version:
  Major: 11
  Minor: 0
  Build: 1002
  SpecialBuildName: ""
  ptArchitecture: aarch64_linux
Results:
  Results Complete: true
  NumTestProcesses: 6
  CPU_INTEGER_MATH: 3145.6313333333333
  CPU_FLOATINGPOINT_MATH: 853.1164080257164
  CPU_PRIME: 4.0522143106742607
  CPU_SORTING: 1332.5482924017351
  CPU_ENCRYPTION: 90.148031095718011
  CPU_COMPRESSION: 2127.2223533582051
  CPU_SINGLETHREAD: 113.59854257186782
  CPU_PHYSICS: 69.551032646955207
  CPU_MATRIX_MULT_SSE: 186.49976782812695
  CPU_mm: 56.173425296145105
  CPU_sse: 132.97689420428483
  CPU_fma: 240.02264145196901
  CPU_avx: 0
  CPU_avx512: 0
  m_CPU_enc_SHA: 126928573.23305552
  m_CPU_enc_AES: 68430231.378478438
  m_CPU_enc_ECDSA: 88222380.951136887
  ME_ALLOC_S: 0
  ME_READ_S: 0
  ME_READ_L: 0
  ME_WRITE: 0
  ME_LARGE: 0
  ME_LATENCY: 0
  ME_THREADED: 0
  SUMM_CPU: 330.25308672401087
  SUMM_ME: 0
SystemInformation:
  OSName: Ubuntu 18.04.6 LTS
  Kernel: 4.9.337-tegra
  Device: quill
  Processor: ARM Cortex-A57 6 Core 2035 MHz
  NumSockets: 2
  Manufacturer: ARM
  NumCores: 6
  NumLogicals: 6
  CPUFrequency: 2035
  Memory: 7850
Checksum: C9A6072DAF6DEC84CE468A5D17FB054216B74759