BaselineInfo:
  WebDBID: -1
  TimeStamp: 20240828124136
Version:
  Major: 11
  Minor: 0
  Build: 1002
  SpecialBuildName: ""
  ptArchitecture: aarch64_linux
Results:
  Results Complete: true
  NumTestProcesses: 6
  CPU_INTEGER_MATH: 7090.8173333333325
  CPU_FLOATINGPOINT_MATH: 1912.8469902218935
  CPU_PRIME: 6.1170204007767897
  CPU_SORTING: 2922.0009028369668
  CPU_ENCRYPTION: 196.73609213152906
  CPU_COMPRESSION: 5082.9668537925954
  CPU_SINGLETHREAD: 250.13547306889879
  CPU_PHYSICS: 103.55344991678061
  CPU_MATRIX_MULT_SSE: 420.73508408454103
  CPU_mm: 126.76297928710964
  CPU_sse: 296.39923183349623
  CPU_fma: 545.07093633558588
  CPU_avx: 0
  CPU_avx512: 0
  m_CPU_enc_SHA: 290451689.66465598
  m_CPU_enc_AES: 155304525.20102492
  m_CPU_enc_ECDSA: 173122018.76304975
  ME_ALLOC_S: 0
  ME_READ_S: 0
  ME_READ_L: 0
  ME_WRITE: 0
  ME_LARGE: 0
  ME_LATENCY: 0
  ME_THREADED: 0
  SUMM_CPU: 734.73443833477995
  SUMM_ME: 0
SystemInformation:
  OSName: Ubuntu 18.04.6 LTS
  Kernel: 4.9.337-tegra
  Device: quill
  Processor: ARM Cortex-A57 6 Core 2035 MHz
  NumSockets: 2
  Manufacturer: ARM
  NumCores: 6
  NumLogicals: 6
  CPUFrequency: 2035
  Memory: 7850
Checksum: 4352185A707EC0BA6FCEE91C0487CC47254831F3