BaselineInfo:
  WebDBID: -1
  TimeStamp: 20240827222516
Version:
  Major: 11
  Minor: 0
  Build: 1002
  SpecialBuildName: ""
  ptArchitecture: aarch64_linux
Results:
  Results Complete: true
  NumTestProcesses: 6
  CPU_INTEGER_MATH: 1827.3980000000001
  CPU_FLOATINGPOINT_MATH: 491.56312618676202
  CPU_PRIME: 1.8069861519550967
  CPU_SORTING: 774.83113176437405
  CPU_ENCRYPTION: 56.417382478069094
  CPU_COMPRESSION: 0
  CPU_SINGLETHREAD: 232.46838068940374
  CPU_PHYSICS: 33.657524673571793
  CPU_MATRIX_MULT_SSE: 103.35817556661273
  CPU_mm: 32.36571601353193
  CPU_sse: 74.066145656851276
  CPU_fma: 132.65020547637417
  CPU_avx: 0
  CPU_avx512: 0
  m_CPU_enc_SHA: 88064647.448983818
  m_CPU_enc_AES: 39649709.442986146
  m_CPU_enc_ECDSA: 49759382.856001347
  ME_ALLOC_S: 0
  ME_READ_S: 0
  ME_READ_L: 0
  ME_WRITE: 0
  ME_LARGE: 0
  ME_LATENCY: 0
  ME_THREADED: 0
  SUMM_CPU: 0
  SUMM_ME: 0
SystemInformation:
  OSName: Ubuntu 18.04.6 LTS
  Kernel: 4.9.337-tegra
  Device: quill
  Processor: ARM Cortex-A57 6 Core 2035 MHz
  NumSockets: 2
  Manufacturer: ARM
  NumCores: 6
  NumLogicals: 6
  CPUFrequency: 2035
  Memory: 7850
Checksum: 421621550A287B76068A43C1C6048462F2CBED1F