BaselineInfo:
  WebDBID: -1
  TimeStamp: 20240828053002
Version:
  Major: 11
  Minor: 0
  Build: 1002
  SpecialBuildName: ""
  ptArchitecture: aarch64_linux
Results:
  Results Complete: true
  NumTestProcesses: 6
  CPU_INTEGER_MATH: 3707.3833333333337
  CPU_FLOATINGPOINT_MATH: 521.55786422298729
  CPU_PRIME: 0
  CPU_SORTING: 0.22934612003595095
  CPU_ENCRYPTION: 136.29976678365134
  CPU_COMPRESSION: 52.12503356849475
  CPU_SINGLETHREAD: 0
  CPU_PHYSICS: 0
  CPU_MATRIX_MULT_SSE: 51.71914871526684
  CPU_mm: 20.629070142457053
  CPU_sse: 41.007502051127148
  CPU_fma: 62.43079537940654
  CPU_avx: 0
  CPU_avx512: 0
  m_CPU_enc_SHA: 0
  m_CPU_enc_AES: 35964110.407355003
  m_CPU_enc_ECDSA: 0
  ME_ALLOC_S: 0
  ME_READ_S: 0
  ME_READ_L: 0
  ME_WRITE: 0
  ME_LARGE: 0
  ME_LATENCY: 0
  ME_THREADED: 0
  SUMM_CPU: 0
  SUMM_ME: 0
SystemInformation:
  OSName: Ubuntu 18.04.6 LTS
  Kernel: 4.9.337-tegra
  Device: quill
  Processor: ARM Cortex-A57 6 Core 2035 MHz
  NumSockets: 2
  Manufacturer: ARM
  NumCores: 6
  NumLogicals: 6
  CPUFrequency: 2035
  Memory: 7850
Checksum: C153B1045194E974F400E3E69E28F8469169A394