BaselineInfo:
  WebDBID: -1
  TimeStamp: 20240828142327
Version:
  Major: 11
  Minor: 0
  Build: 1002
  SpecialBuildName: ""
  ptArchitecture: aarch64_linux
Results:
  Results Complete: true
  NumTestProcesses: 6
  CPU_INTEGER_MATH: 7128.826
  CPU_FLOATINGPOINT_MATH: 1921.8260830987094
  CPU_PRIME: 6.2294242736555407
  CPU_SORTING: 2912.585110738677
  CPU_ENCRYPTION: 197.42933928348734
  CPU_COMPRESSION: 4955.7229569255333
  CPU_SINGLETHREAD: 249.76731863857091
  CPU_PHYSICS: 102.89222506580684
  CPU_MATRIX_MULT_SSE: 426.36210342393349
  CPU_mm: 127.19135607177556
  CPU_sse: 298.65140819258812
  CPU_fma: 554.0727986552788
  CPU_avx: 0
  CPU_avx512: 0
  m_CPU_enc_SHA: 297277930.82937551
  m_CPU_enc_AES: 154849561.94983643
  m_CPU_enc_ECDSA: 168931507.82635415
  ME_ALLOC_S: 0
  ME_READ_S: 0
  ME_READ_L: 0
  ME_WRITE: 0
  ME_LARGE: 0
  ME_LATENCY: 0
  ME_THREADED: 0
  SUMM_CPU: 732.33473569463786
  SUMM_ME: 0
SystemInformation:
  OSName: Ubuntu 18.04.6 LTS
  Kernel: 4.9.337-tegra
  Device: quill
  Processor: ARM Cortex-A57 6 Core 2035 MHz
  NumSockets: 2
  Manufacturer: ARM
  NumCores: 6
  NumLogicals: 6
  CPUFrequency: 2035
  Memory: 7850
Checksum: 14AB31DB1764881C38CFED530C54A6BCBA6C0D07