BaselineInfo:
  WebDBID: -1
  TimeStamp: 20240827220719
Version:
  Major: 11
  Minor: 0
  Build: 1002
  SpecialBuildName: ""
  ptArchitecture: aarch64_linux
Results:
  Results Complete: true
  NumTestProcesses: 6
  CPU_INTEGER_MATH: 1856.508
  CPU_FLOATINGPOINT_MATH: 474.51547518869347
  CPU_PRIME: 2.1143125434089538
  CPU_SORTING: 816.36687603112
  CPU_ENCRYPTION: 57.704030676695218
  CPU_COMPRESSION: 0
  CPU_SINGLETHREAD: 230.98717788630375
  CPU_PHYSICS: 39.890837981499843
  CPU_MATRIX_MULT_SSE: 111.27704292584443
  CPU_mm: 33.575027720305975
  CPU_sse: 78.014695819655586
  CPU_fma: 144.53939003203325
  CPU_avx: 0
  CPU_avx512: 0
  m_CPU_enc_SHA: 85475697.407100365
  m_CPU_enc_AES: 47568443.48298268
  m_CPU_enc_ECDSA: 48477044.122456066
  ME_ALLOC_S: 0
  ME_READ_S: 0
  ME_READ_L: 0
  ME_WRITE: 0
  ME_LARGE: 0
  ME_LATENCY: 0
  ME_THREADED: 0
  SUMM_CPU: 0
  SUMM_ME: 0
SystemInformation:
  OSName: Ubuntu 18.04.6 LTS
  Kernel: 4.9.337-tegra
  Device: quill
  Processor: ARM Cortex-A57 6 Core 2035 MHz
  NumSockets: 2
  Manufacturer: ARM
  NumCores: 6
  NumLogicals: 6
  CPUFrequency: 2035
  Memory: 7850
Checksum: CD25CD458AC0662DDF5A4FBF00178BC525A73A69