BaselineInfo:
  WebDBID: -1
  TimeStamp: 20240828113308
Version:
  Major: 11
  Minor: 0
  Build: 1002
  SpecialBuildName: ""
  ptArchitecture: aarch64_linux
Results:
  Results Complete: true
  NumTestProcesses: 6
  CPU_INTEGER_MATH: 6123.8919999999998
  CPU_FLOATINGPOINT_MATH: 1638.1854853370289
  CPU_PRIME: 4.5086702837624131
  CPU_SORTING: 2467.6733546505066
  CPU_ENCRYPTION: 171.34961083063249
  CPU_COMPRESSION: 4222.5182081801167
  CPU_SINGLETHREAD: 215.48871811926995
  CPU_PHYSICS: 79.089798441873839
  CPU_MATRIX_MULT_SSE: 364.43027076903002
  CPU_mm: 109.491436387969
  CPU_sse: 257.57326686571298
  CPU_fma: 471.28727467234711
  CPU_avx: 0
  CPU_avx512: 0
  m_CPU_enc_SHA: 252467410.49082932
  m_CPU_enc_AES: 135430746.23403886
  m_CPU_enc_ECDSA: 151121111.85415566
  ME_ALLOC_S: 0
  ME_READ_S: 0
  ME_READ_L: 0
  ME_WRITE: 0
  ME_LARGE: 0
  ME_LATENCY: 0
  ME_THREADED: 0
  SUMM_CPU: 623.17654874850734
  SUMM_ME: 0
SystemInformation:
  OSName: Ubuntu 18.04.6 LTS
  Kernel: 4.9.337-tegra
  Device: quill
  Processor: ARM Cortex-A57 6 Core 2035 MHz
  NumSockets: 2
  Manufacturer: ARM
  NumCores: 6
  NumLogicals: 6
  CPUFrequency: 2035
  Memory: 7850
Checksum: 6C3839C65C70C508956DB9A76A9AFCDF77113552