BaselineInfo:
  WebDBID: -1
  TimeStamp: 20240828082212
Version:
  Major: 11
  Minor: 0
  Build: 1002
  SpecialBuildName: ""
  ptArchitecture: aarch64_linux
Results:
  Results Complete: true
  NumTestProcesses: 6
  CPU_INTEGER_MATH: 5134.9566666666669
  CPU_FLOATINGPOINT_MATH: 1394.4415772958932
  CPU_PRIME: 5.1830699181087949
  CPU_SORTING: 2160.5714176063721
  CPU_ENCRYPTION: 138.81699325376152
  CPU_COMPRESSION: 3623.4876827846429
  CPU_SINGLETHREAD: 182.09546292280368
  CPU_PHYSICS: 87.043786725794277
  CPU_MATRIX_MULT_SSE: 306.56687974402644
  CPU_mm: 91.709587553384637
  CPU_sse: 215.17861174301089
  CPU_fma: 397.95514774504198
  CPU_avx: 0
  CPU_avx512: 0
  m_CPU_enc_SHA: 208389640.75807369
  m_CPU_enc_AES: 114868021.00173904
  m_CPU_enc_ECDSA: 113422840.79435596
  ME_ALLOC_S: 0
  ME_READ_S: 0
  ME_READ_L: 0
  ME_WRITE: 0
  ME_LARGE: 0
  ME_LATENCY: 0
  ME_THREADED: 0
  SUMM_CPU: 531.22445081031174
  SUMM_ME: 0
SystemInformation:
  OSName: Ubuntu 18.04.6 LTS
  Kernel: 4.9.337-tegra
  Device: quill
  Processor: ARM Cortex-A57 6 Core 2035 MHz
  NumSockets: 2
  Manufacturer: ARM
  NumCores: 6
  NumLogicals: 6
  CPUFrequency: 2035
  Memory: 7850
Checksum: FE54F4D6ECAD97A269B0E2473E7E028051AE7D70