BaselineInfo:
  WebDBID: -1
  TimeStamp: 20240828114206
Version:
  Major: 11
  Minor: 0
  Build: 1002
  SpecialBuildName: ""
  ptArchitecture: aarch64_linux
Results:
  Results Complete: true
  NumTestProcesses: 6
  CPU_INTEGER_MATH: 5784.275333333333
  CPU_FLOATINGPOINT_MATH: 1173.3403901825543
  CPU_PRIME: 0.57082860444132255
  CPU_SORTING: 517.92909531370742
  CPU_ENCRYPTION: 138.14839246974202
  CPU_COMPRESSION: 2840.6517389534797
  CPU_SINGLETHREAD: 169.98664342998953
  CPU_PHYSICS: 10.468761326771986
  CPU_MATRIX_MULT_SSE: 339.95700965334049
  CPU_mm: 104.07002013868227
  CPU_sse: 241.50208394461094
  CPU_fma: 438.41193536207004
  CPU_avx: 0
  CPU_avx512: 0
  m_CPU_enc_SHA: 209762391.543266
  m_CPU_enc_AES: 115122905.57257985
  m_CPU_enc_ECDSA: 109691969.2312108
  ME_ALLOC_S: 0
  ME_READ_S: 0
  ME_READ_L: 0
  ME_WRITE: 0
  ME_LARGE: 0
  ME_LATENCY: 0
  ME_THREADED: 0
  SUMM_CPU: 338.27874163436928
  SUMM_ME: 0
SystemInformation:
  OSName: Ubuntu 18.04.6 LTS
  Kernel: 4.9.337-tegra
  Device: quill
  Processor: ARM Cortex-A57 6 Core 2035 MHz
  NumSockets: 2
  Manufacturer: ARM
  NumCores: 6
  NumLogicals: 6
  CPUFrequency: 2035
  Memory: 7850
Checksum: 67FFE2F853C7E84D1B09FC0A0113D5E3C57E99CB