BaselineInfo:
  WebDBID: -1
  TimeStamp: 20240828130958
Version:
  Major: 11
  Minor: 0
  Build: 1002
  SpecialBuildName: ""
  ptArchitecture: aarch64_linux
Results:
  Results Complete: true
  NumTestProcesses: 6
  CPU_INTEGER_MATH: 6996.2453333333333
  CPU_FLOATINGPOINT_MATH: 1919.8832787304768
  CPU_PRIME: 7.1532936480954614
  CPU_SORTING: 2997.4445137947341
  CPU_ENCRYPTION: 195.49606142319902
  CPU_COMPRESSION: 5167.7774678243532
  CPU_SINGLETHREAD: 249.99207339278755
  CPU_PHYSICS: 118.15349634341912
  CPU_MATRIX_MULT_SSE: 423.94940305904265
  CPU_mm: 126.72733366192114
  CPU_sse: 295.82251737815392
  CPU_fma: 552.07628873993144
  CPU_avx: 0
  CPU_avx512: 0
  m_CPU_enc_SHA: 292211511.4934352
  m_CPU_enc_AES: 151550781.40676764
  m_CPU_enc_ECDSA: 171215141.40847412
  ME_ALLOC_S: 0
  ME_READ_S: 0
  ME_READ_L: 0
  ME_WRITE: 0
  ME_LARGE: 0
  ME_LATENCY: 0
  ME_THREADED: 0
  SUMM_CPU: 743.63813580503927
  SUMM_ME: 0
SystemInformation:
  OSName: Ubuntu 18.04.6 LTS
  Kernel: 4.9.337-tegra
  Device: quill
  Processor: ARM Cortex-A57 6 Core 2035 MHz
  NumSockets: 2
  Manufacturer: ARM
  NumCores: 6
  NumLogicals: 6
  CPUFrequency: 2035
  Memory: 7850
Checksum: 3C800F35D7142A960978FDBB2FCDF51E0CE9269D