BaselineInfo:
  WebDBID: -1
  TimeStamp: 20240828100804
Version:
  Major: 11
  Minor: 0
  Build: 1002
  SpecialBuildName: ""
  ptArchitecture: aarch64_linux
Results:
  Results Complete: true
  NumTestProcesses: 6
  CPU_INTEGER_MATH: 5791.6593333333331
  CPU_FLOATINGPOINT_MATH: 1160.0179417430538
  CPU_PRIME: 0.56022447140844556
  CPU_SORTING: 509.81219377383178
  CPU_ENCRYPTION: 136.48340992378405
  CPU_COMPRESSION: 2886.5776261734491
  CPU_SINGLETHREAD: 167.05760168721636
  CPU_PHYSICS: 10.308641781162455
  CPU_MATRIX_MULT_SSE: 341.80557370576071
  CPU_mm: 104.85598399103489
  CPU_sse: 244.70407730132911
  CPU_fma: 438.90707011019225
  CPU_avx: 0
  CPU_avx512: 0
  m_CPU_enc_SHA: 204021810.19320077
  m_CPU_enc_AES: 114093977.43427217
  m_CPU_enc_ECDSA: 111223896.50525247
  ME_ALLOC_S: 0
  ME_READ_S: 0
  ME_READ_L: 0
  ME_WRITE: 0
  ME_LARGE: 0
  ME_LATENCY: 0
  ME_THREADED: 0
  SUMM_CPU: 336.3724577803244
  SUMM_ME: 0
SystemInformation:
  OSName: Ubuntu 18.04.6 LTS
  Kernel: 4.9.337-tegra
  Device: quill
  Processor: ARM Cortex-A57 6 Core 2035 MHz
  NumSockets: 2
  Manufacturer: ARM
  NumCores: 6
  NumLogicals: 6
  CPUFrequency: 2035
  Memory: 7850
Checksum: 466D9964252FA7C6A30FE93D29CBC75B774B4962