BaselineInfo:
  WebDBID: -1
  TimeStamp: 20240828200324
Version:
  Major: 11
  Minor: 0
  Build: 1002
  SpecialBuildName: ""
  ptArchitecture: aarch64_linux
Results:
  Results Complete: true
  NumTestProcesses: 6
  CPU_INTEGER_MATH: 8078.0959999999995
  CPU_FLOATINGPOINT_MATH: 957.19471329294083
  CPU_PRIME: 0
  CPU_SORTING: 72.233863262540311
  CPU_ENCRYPTION: 121.02689535541748
  CPU_COMPRESSION: 2470.3863951868352
  CPU_SINGLETHREAD: 203.85869986571905
  CPU_PHYSICS: 5.3581878684649284
  CPU_MATRIX_MULT_SSE: 461.25504033432463
  CPU_mm: 144.69495633835899
  CPU_sse: 341.76953653941069
  CPU_fma: 580.74054412923851
  CPU_avx: 0
  CPU_avx512: 0
  m_CPU_enc_SHA: 154537335.30403912
  m_CPU_enc_AES: 119449159.41620876
  m_CPU_enc_ECDSA: 106731198.75235885
  ME_ALLOC_S: 0
  ME_READ_S: 0
  ME_READ_L: 0
  ME_WRITE: 0
  ME_LARGE: 0
  ME_LATENCY: 0
  ME_THREADED: 0
  SUMM_CPU: 0
  SUMM_ME: 0
SystemInformation:
  OSName: Ubuntu 18.04.6 LTS
  Kernel: 4.9.337-tegra
  Device: quill
  Processor: ARM Cortex-A57 6 Core 2035 MHz
  NumSockets: 2
  Manufacturer: ARM
  NumCores: 6
  NumLogicals: 6
  CPUFrequency: 2035
  Memory: 7850
Checksum: 8B1DA2B7F60AB713D8CB5E0656567CC7F26DBE36