BaselineInfo:
  WebDBID: -1
  TimeStamp: 20240828062322
Version:
  Major: 11
  Minor: 0
  Build: 1002
  SpecialBuildName: ""
  ptArchitecture: aarch64_linux
Results:
  Results Complete: true
  NumTestProcesses: 6
  CPU_INTEGER_MATH: 4116.0119999999997
  CPU_FLOATINGPOINT_MATH: 1075.3158957310909
  CPU_PRIME: 3.0424558046337715
  CPU_SORTING: 1575.0247980863539
  CPU_ENCRYPTION: 117.75549097626295
  CPU_COMPRESSION: 2771.058566679103
  CPU_SINGLETHREAD: 144.50721577503219
  CPU_PHYSICS: 52.957285851367999
  CPU_MATRIX_MULT_SSE: 245.66205011633247
  CPU_mm: 73.73973985571908
  CPU_sse: 173.69547636747868
  CPU_fma: 317.62862386518623
  CPU_avx: 0
  CPU_avx512: 0
  m_CPU_enc_SHA: 172409667.13710076
  m_CPU_enc_AES: 89791506.797926664
  m_CPU_enc_ECDSA: 108225571.18275025
  ME_ALLOC_S: 0
  ME_READ_S: 0
  ME_READ_L: 0
  ME_WRITE: 0
  ME_LARGE: 0
  ME_LATENCY: 0
  ME_THREADED: 0
  SUMM_CPU: 416.79832294474022
  SUMM_ME: 0
SystemInformation:
  OSName: Ubuntu 18.04.6 LTS
  Kernel: 4.9.337-tegra
  Device: quill
  Processor: ARM Cortex-A57 6 Core 2035 MHz
  NumSockets: 2
  Manufacturer: ARM
  NumCores: 6
  NumLogicals: 6
  CPUFrequency: 2035
  Memory: 7850
Checksum: BC2635A28F8CECC2EAE371CDE17F781F9FC3ECE5