BaselineInfo:
  WebDBID: -1
  TimeStamp: 20240828095043
Version:
  Major: 11
  Minor: 0
  Build: 1002
  SpecialBuildName: ""
  ptArchitecture: aarch64_linux
Results:
  Results Complete: true
  NumTestProcesses: 6
  CPU_INTEGER_MATH: 6137.5713333333342
  CPU_FLOATINGPOINT_MATH: 1666.8471195350189
  CPU_PRIME: 6.5977527270839413
  CPU_SORTING: 2621.1251349911577
  CPU_ENCRYPTION: 169.03541426941629
  CPU_COMPRESSION: 4368.5310048785768
  CPU_SINGLETHREAD: 217.47051458425491
  CPU_PHYSICS: 111.58173408612637
  CPU_MATRIX_MULT_SSE: 366.37283516420592
  CPU_mm: 109.53425684739133
  CPU_sse: 257.08952932150783
  CPU_fma: 475.65614100690402
  CPU_avx: 0
  CPU_avx512: 0
  m_CPU_enc_SHA: 249556192.39613542
  m_CPU_enc_AES: 133395789.30644202
  m_CPU_enc_ECDSA: 148787453.95632491
  ME_ALLOC_S: 0
  ME_READ_S: 0
  ME_READ_L: 0
  ME_WRITE: 0
  ME_LARGE: 0
  ME_LATENCY: 0
  ME_THREADED: 0
  SUMM_CPU: 642.26857885327195
  SUMM_ME: 0
SystemInformation:
  OSName: Ubuntu 18.04.6 LTS
  Kernel: 4.9.337-tegra
  Device: quill
  Processor: ARM Cortex-A57 6 Core 2035 MHz
  NumSockets: 2
  Manufacturer: ARM
  NumCores: 6
  NumLogicals: 6
  CPUFrequency: 2035
  Memory: 7850
Checksum: EBF274032DAE17BBDBA4F608CCA5B293DDBE22DE