BaselineInfo:
  WebDBID: -1
  TimeStamp: 20240828030601
Version:
  Major: 11
  Minor: 0
  Build: 1002
  SpecialBuildName: ""
  ptArchitecture: aarch64_linux
Results:
  Results Complete: true
  NumTestProcesses: 6
  CPU_INTEGER_MATH: 3144.5900000000001
  CPU_FLOATINGPOINT_MATH: 855.28415662299744
  CPU_PRIME: 4.0947398116804372
  CPU_SORTING: 1313.6942920002557
  CPU_ENCRYPTION: 85.026924463887994
  CPU_COMPRESSION: 2119.4393621327454
  CPU_SINGLETHREAD: 112.85409043433188
  CPU_PHYSICS: 69.574593380302858
  CPU_MATRIX_MULT_SSE: 186.51145633747382
  CPU_mm: 56.251899217351834
  CPU_sse: 129.78817531614789
  CPU_fma: 243.23473735879975
  CPU_avx: 0
  CPU_avx512: 0
  m_CPU_enc_SHA: 119422136.9089727
  m_CPU_enc_AES: 67731936.22980389
  m_CPU_enc_ECDSA: 80317503.901160836
  ME_ALLOC_S: 0
  ME_READ_S: 0
  ME_READ_L: 0
  ME_WRITE: 0
  ME_LARGE: 0
  ME_LATENCY: 0
  ME_THREADED: 0
  SUMM_CPU: 324.25954300953805
  SUMM_ME: 0
SystemInformation:
  OSName: Ubuntu 18.04.6 LTS
  Kernel: 4.9.337-tegra
  Device: quill
  Processor: ARM Cortex-A57 6 Core 2035 MHz
  NumSockets: 2
  Manufacturer: ARM
  NumCores: 6
  NumLogicals: 6
  CPUFrequency: 2035
  Memory: 7850
Checksum: F6EAC61E356C45A44A56646878223AAAEFF740EC