BaselineInfo:
  WebDBID: -1
  TimeStamp: 20240828170357
Version:
  Major: 11
  Minor: 0
  Build: 1002
  SpecialBuildName: ""
  ptArchitecture: aarch64_linux
Results:
  Results Complete: true
  NumTestProcesses: 6
  CPU_INTEGER_MATH: 7850.9906666666666
  CPU_FLOATINGPOINT_MATH: 2123.8131786362842
  CPU_PRIME: 5.7329071966703617
  CPU_SORTING: 3119.2494722860674
  CPU_ENCRYPTION: 219.13654187574622
  CPU_COMPRESSION: 5447.8609706347897
  CPU_SINGLETHREAD: 275.21646053469033
  CPU_PHYSICS: 98.94662740749861
  CPU_MATRIX_MULT_SSE: 470.49086178606069
  CPU_mm: 142.1022866715997
  CPU_sse: 332.32109760922566
  CPU_fma: 608.66062596289566
  CPU_avx: 0
  CPU_avx512: 0
  m_CPU_enc_SHA: 331680925.19573784
  m_CPU_enc_AES: 171249459.48834246
  m_CPU_enc_ECDSA: 186413570.91762719
  ME_ALLOC_S: 0
  ME_READ_S: 0
  ME_READ_L: 0
  ME_WRITE: 0
  ME_LARGE: 0
  ME_LATENCY: 0
  ME_THREADED: 0
  SUMM_CPU: 800.09512313810342
  SUMM_ME: 0
SystemInformation:
  OSName: Ubuntu 18.04.6 LTS
  Kernel: 4.9.337-tegra
  Device: quill
  Processor: ARM Cortex-A57 6 Core 2035 MHz
  NumSockets: 2
  Manufacturer: ARM
  NumCores: 6
  NumLogicals: 6
  CPUFrequency: 2035
  Memory: 7850
Checksum: 6801AA599D7723B1B202B5DF60EE8CA8174326A5