BaselineInfo:
  WebDBID: -1
  TimeStamp: 20240828005440
Version:
  Major: 11
  Minor: 0
  Build: 1002
  SpecialBuildName: ""
  ptArchitecture: aarch64_linux
Results:
  Results Complete: true
  NumTestProcesses: 6
  CPU_INTEGER_MATH: 3133.3246666666669
  CPU_FLOATINGPOINT_MATH: 847.03104316379734
  CPU_PRIME: 3.510002777107597
  CPU_SORTING: 1278.1091263006097
  CPU_ENCRYPTION: 88.165188919197107
  CPU_COMPRESSION: 2092.5055714956566
  CPU_SINGLETHREAD: 112.37331989329334
  CPU_PHYSICS: 62.688515206657129
  CPU_MATRIX_MULT_SSE: 186.9879286490393
  CPU_mm: 56.206402967778523
  CPU_sse: 131.38022153048644
  CPU_fma: 242.5956357675922
  CPU_avx: 0
  CPU_avx512: 0
  m_CPU_enc_SHA: 124712892.48776916
  m_CPU_enc_AES: 69507219.490809783
  m_CPU_enc_ECDSA: 83123591.429829121
  ME_ALLOC_S: 0
  ME_READ_S: 0
  ME_READ_L: 0
  ME_WRITE: 0
  ME_LARGE: 0
  ME_LATENCY: 0
  ME_THREADED: 0
  SUMM_CPU: 324.14981354230747
  SUMM_ME: 0
SystemInformation:
  OSName: Ubuntu 18.04.6 LTS
  Kernel: 4.9.337-tegra
  Device: quill
  Processor: ARM Cortex-A57 6 Core 2035 MHz
  NumSockets: 2
  Manufacturer: ARM
  NumCores: 6
  NumLogicals: 6
  CPUFrequency: 2035
  Memory: 7850
Checksum: D691C11C76AC21552B035ABCB01E7D2FA150C7E8