BaselineInfo:
  WebDBID: -1
  TimeStamp: 20240828102856
Version:
  Major: 11
  Minor: 0
  Build: 1002
  SpecialBuildName: ""
  ptArchitecture: aarch64_linux
Results:
  Results Complete: true
  NumTestProcesses: 6
  CPU_INTEGER_MATH: 6121.1466666666665
  CPU_FLOATINGPOINT_MATH: 1663.1665138877688
  CPU_PRIME: 6.2253750696087851
  CPU_SORTING: 2583.5837431954678
  CPU_ENCRYPTION: 170.85789129850565
  CPU_COMPRESSION: 4331.4994942535113
  CPU_SINGLETHREAD: 216.81222689814959
  CPU_PHYSICS: 104.39093172917552
  CPU_MATRIX_MULT_SSE: 365.43156407785
  CPU_mm: 109.97101213596059
  CPU_sse: 258.1268791865661
  CPU_fma: 472.7362489691339
  CPU_avx: 0
  CPU_avx512: 0
  m_CPU_enc_SHA: 260320568.34941602
  m_CPU_enc_AES: 133414160.96201316
  m_CPU_enc_ECDSA: 143737723.36723638
  ME_ALLOC_S: 0
  ME_READ_S: 0
  ME_READ_L: 0
  ME_WRITE: 0
  ME_LARGE: 0
  ME_LATENCY: 0
  ME_THREADED: 0
  SUMM_CPU: 639.96265085206801
  SUMM_ME: 0
SystemInformation:
  OSName: Ubuntu 18.04.6 LTS
  Kernel: 4.9.337-tegra
  Device: quill
  Processor: ARM Cortex-A57 6 Core 2035 MHz
  NumSockets: 2
  Manufacturer: ARM
  NumCores: 6
  NumLogicals: 6
  CPUFrequency: 2035
  Memory: 7850
Checksum: 033277B378DB316B91F76603E1662CB24CA1ABBA