BaselineInfo:
  WebDBID: -1
  TimeStamp: 20240828165140
Version:
  Major: 11
  Minor: 0
  Build: 1002
  SpecialBuildName: ""
  ptArchitecture: aarch64_linux
Results:
  Results Complete: true
  NumTestProcesses: 6
  CPU_INTEGER_MATH: 7926.108666666667
  CPU_FLOATINGPOINT_MATH: 2120.8494231867649
  CPU_PRIME: 5.7810411517326266
  CPU_SORTING: 3131.0569660408391
  CPU_ENCRYPTION: 218.4957568052578
  CPU_COMPRESSION: 5663.528538302131
  CPU_SINGLETHREAD: 275.0221191340944
  CPU_PHYSICS: 97.3925364561821
  CPU_MATRIX_MULT_SSE: 471.82614092303885
  CPU_mm: 141.47247482839518
  CPU_sse: 331.60711158789076
  CPU_fma: 612.045170258187
  CPU_avx: 0
  CPU_avx512: 0
  m_CPU_enc_SHA: 324803098.3901397
  m_CPU_enc_AES: 174990347.63761565
  m_CPU_enc_ECDSA: 187534774.03573471
  ME_ALLOC_S: 0
  ME_READ_S: 0
  ME_READ_L: 0
  ME_WRITE: 0
  ME_LARGE: 0
  ME_LATENCY: 0
  ME_THREADED: 0
  SUMM_CPU: 808.66234628975826
  SUMM_ME: 0
SystemInformation:
  OSName: Ubuntu 18.04.6 LTS
  Kernel: 4.9.337-tegra
  Device: quill
  Processor: ARM Cortex-A57 6 Core 2035 MHz
  NumSockets: 2
  Manufacturer: ARM
  NumCores: 6
  NumLogicals: 6
  CPUFrequency: 2035
  Memory: 7850
Checksum: 309663C6C2CB8EE791163591E8BAB0300F39CDCB