BaselineInfo:
  WebDBID: -1
  TimeStamp: 20240828173115
Version:
  Major: 11
  Minor: 0
  Build: 1002
  SpecialBuildName: ""
  ptArchitecture: aarch64_linux
Results:
  Results Complete: true
  NumTestProcesses: 6
  CPU_INTEGER_MATH: 7946.5093333333325
  CPU_FLOATINGPOINT_MATH: 2152.4025849455497
  CPU_PRIME: 7.327646753431555
  CPU_SORTING: 3278.7099298060853
  CPU_ENCRYPTION: 219.74079563526141
  CPU_COMPRESSION: 5665.3994828418881
  CPU_SINGLETHREAD: 280.6525743929592
  CPU_PHYSICS: 122.8509064159196
  CPU_MATRIX_MULT_SSE: 475.61598195374791
  CPU_mm: 142.3233227383858
  CPU_sse: 334.77774403156184
  CPU_fma: 616.45421987593397
  CPU_avx: 0
  CPU_avx512: 0
  m_CPU_enc_SHA: 334063220.46816832
  m_CPU_enc_AES: 175818014.0488494
  m_CPU_enc_ECDSA: 181363539.05510178
  ME_ALLOC_S: 0
  ME_READ_S: 0
  ME_READ_L: 0
  ME_WRITE: 0
  ME_LARGE: 0
  ME_LATENCY: 0
  ME_THREADED: 0
  SUMM_CPU: 825.53696569221449
  SUMM_ME: 0
SystemInformation:
  OSName: Ubuntu 18.04.6 LTS
  Kernel: 4.9.337-tegra
  Device: quill
  Processor: ARM Cortex-A57 6 Core 2035 MHz
  NumSockets: 2
  Manufacturer: ARM
  NumCores: 6
  NumLogicals: 6
  CPUFrequency: 2035
  Memory: 7850
Checksum: B83E921D6553F7482664D26B1E8514989003FABF