BaselineInfo:
  WebDBID: -1
  TimeStamp: 20240828192229
Version:
  Major: 11
  Minor: 0
  Build: 1002
  SpecialBuildName: ""
  ptArchitecture: aarch64_linux
Results:
  Results Complete: true
  NumTestProcesses: 6
  CPU_INTEGER_MATH: 9069.5873333333329
  CPU_FLOATINGPOINT_MATH: 2428.0857391399395
  CPU_PRIME: 6.0540185418054637
  CPU_SORTING: 3513.4047443746485
  CPU_ENCRYPTION: 245.12827693110518
  CPU_COMPRESSION: 6371.3361001593794
  CPU_SINGLETHREAD: 317.43155189538192
  CPU_PHYSICS: 100.60327260917627
  CPU_MATRIX_MULT_SSE: 540.06892336815895
  CPU_mm: 162.2635613972941
  CPU_sse: 378.9336519894344
  CPU_fma: 701.20419474688356
  CPU_avx: 0
  CPU_avx512: 0
  m_CPU_enc_SHA: 361620045.75779116
  m_CPU_enc_AES: 184628210.76417485
  m_CPU_enc_ECDSA: 224858627.81196564
  ME_ALLOC_S: 0
  ME_READ_S: 0
  ME_READ_L: 0
  ME_WRITE: 0
  ME_LARGE: 0
  ME_LATENCY: 0
  ME_THREADED: 0
  SUMM_CPU: 909.73026132743144
  SUMM_ME: 0
SystemInformation:
  OSName: Ubuntu 18.04.6 LTS
  Kernel: 4.9.337-tegra
  Device: quill
  Processor: ARM Cortex-A57 6 Core 2035 MHz
  NumSockets: 2
  Manufacturer: ARM
  NumCores: 6
  NumLogicals: 6
  CPUFrequency: 2035
  Memory: 7850
Checksum: D9DD4E04456C0A4858BA2CBA33861BE572592E50