BaselineInfo:
  WebDBID: -1
  TimeStamp: 20240827235458
Version:
  Major: 11
  Minor: 0
  Build: 1002
  SpecialBuildName: ""
  ptArchitecture: aarch64_linux
Results:
  Results Complete: true
  NumTestProcesses: 6
  CPU_INTEGER_MATH: 3039.4153333333334
  CPU_FLOATINGPOINT_MATH: 681.96764619386806
  CPU_PRIME: 0.86318467398737053
  CPU_SORTING: 755.89428677691433
  CPU_ENCRYPTION: 79.835301724580816
  CPU_COMPRESSION: 1777.5296692536376
  CPU_SINGLETHREAD: 101.8669673773461
  CPU_PHYSICS: 15.603735611342678
  CPU_MATRIX_MULT_SSE: 182.06342474694895
  CPU_mm: 54.486779914200483
  CPU_sse: 129.18346778515814
  CPU_fma: 234.94338170873976
  CPU_avx: 0
  CPU_avx512: 0
  m_CPU_enc_SHA: 119547774.04959939
  m_CPU_enc_AES: 63129534.166692764
  m_CPU_enc_ECDSA: 68462835.807170004
  ME_ALLOC_S: 0
  ME_READ_S: 0
  ME_READ_L: 0
  ME_WRITE: 0
  ME_LARGE: 0
  ME_LATENCY: 0
  ME_THREADED: 0
  SUMM_CPU: 255.55210649147764
  SUMM_ME: 0
SystemInformation:
  OSName: Ubuntu 18.04.6 LTS
  Kernel: 4.9.337-tegra
  Device: quill
  Processor: ARM Cortex-A57 6 Core 2035 MHz
  NumSockets: 2
  Manufacturer: ARM
  NumCores: 6
  NumLogicals: 6
  CPUFrequency: 2035
  Memory: 7850
Checksum: D3E5F2506F27DBECA7428A2E0CAD8BE6046F5176