BaselineInfo:
  WebDBID: -1
  TimeStamp: 20240828040257
Version:
  Major: 11
  Minor: 0
  Build: 1002
  SpecialBuildName: ""
  ptArchitecture: aarch64_linux
Results:
  Results Complete: true
  NumTestProcesses: 6
  CPU_INTEGER_MATH: 4132.010666666667
  CPU_FLOATINGPOINT_MATH: 1105.7209476916851
  CPU_PRIME: 4.1474107874401245
  CPU_SORTING: 1754.681731187271
  CPU_ENCRYPTION: 115.48915175381856
  CPU_COMPRESSION: 2829.4117921580055
  CPU_SINGLETHREAD: 146.15392280949555
  CPU_PHYSICS: 68.314730892925866
  CPU_MATRIX_MULT_SSE: 247.20876171469993
  CPU_mm: 73.636966910495488
  CPU_sse: 173.31885451800011
  CPU_fma: 321.09866891139984
  CPU_avx: 0
  CPU_avx512: 0
  m_CPU_enc_SHA: 170653778.79337916
  m_CPU_enc_AES: 93744149.923584223
  m_CPU_enc_ECDSA: 98899529.651272848
  ME_ALLOC_S: 0
  ME_READ_S: 0
  ME_READ_L: 0
  ME_WRITE: 0
  ME_LARGE: 0
  ME_LATENCY: 0
  ME_THREADED: 0
  SUMM_CPU: 427.25958522550576
  SUMM_ME: 0
SystemInformation:
  OSName: Ubuntu 18.04.6 LTS
  Kernel: 4.9.337-tegra
  Device: quill
  Processor: ARM Cortex-A57 6 Core 2035 MHz
  NumSockets: 2
  Manufacturer: ARM
  NumCores: 6
  NumLogicals: 6
  CPUFrequency: 2035
  Memory: 7850
Checksum: 4F0F3D0DEB35D84034402569D8F87C72A82C849C