BaselineInfo:
  WebDBID: -1
  TimeStamp: 20240828111110
Version:
  Major: 11
  Minor: 0
  Build: 1002
  SpecialBuildName: ""
  ptArchitecture: aarch64_linux
Results:
  Results Complete: true
  NumTestProcesses: 6
  CPU_INTEGER_MATH: 6145.6180000000004
  CPU_FLOATINGPOINT_MATH: 1676.4038649405786
  CPU_PRIME: 6.5792415343106212
  CPU_SORTING: 2668.8585176620354
  CPU_ENCRYPTION: 170.23747909452521
  CPU_COMPRESSION: 4368.7242633019132
  CPU_SINGLETHREAD: 214.36882504561947
  CPU_PHYSICS: 108.0828521537908
  CPU_MATRIX_MULT_SSE: 359.33167384290437
  CPU_mm: 107.56204114400181
  CPU_sse: 253.46528143331795
  CPU_fma: 465.19806625249078
  CPU_avx: 0
  CPU_avx512: 0
  m_CPU_enc_SHA: 248040216.82396349
  m_CPU_enc_AES: 137087949.44980949
  m_CPU_enc_ECDSA: 150392638.36328962
  ME_ALLOC_S: 0
  ME_READ_S: 0
  ME_READ_L: 0
  ME_WRITE: 0
  ME_LARGE: 0
  ME_LATENCY: 0
  ME_THREADED: 0
  SUMM_CPU: 641.64635709328491
  SUMM_ME: 0
SystemInformation:
  OSName: Ubuntu 18.04.6 LTS
  Kernel: 4.9.337-tegra
  Device: quill
  Processor: ARM Cortex-A57 6 Core 2035 MHz
  NumSockets: 2
  Manufacturer: ARM
  NumCores: 6
  NumLogicals: 6
  CPUFrequency: 2035
  Memory: 7850
Checksum: 389EAE97BE16A6CB53270B3AA427ED21BE5D8D4A