BaselineInfo:
  WebDBID: -1
  TimeStamp: 20240828011813
Version:
  Major: 11
  Minor: 0
  Build: 1002
  SpecialBuildName: ""
  ptArchitecture: aarch64_linux
Results:
  Results Complete: true
  NumTestProcesses: 6
  CPU_INTEGER_MATH: 3115.858666666667
  CPU_FLOATINGPOINT_MATH: 855.76741128199149
  CPU_PRIME: 4.021008150053679
  CPU_SORTING: 1329.0373166959855
  CPU_ENCRYPTION: 83.994706857772059
  CPU_COMPRESSION: 2167.692862146996
  CPU_SINGLETHREAD: 113.69113880108362
  CPU_PHYSICS: 70.106986253473053
  CPU_MATRIX_MULT_SSE: 187.33052061710421
  CPU_mm: 56.361906740001004
  CPU_sse: 131.4471945948145
  CPU_fma: 243.21384663939392
  CPU_avx: 0
  CPU_avx512: 0
  m_CPU_enc_SHA: 123411734.80284207
  m_CPU_enc_AES: 66302365.464405172
  m_CPU_enc_ECDSA: 74510400.947038338
  ME_ALLOC_S: 0
  ME_READ_S: 0
  ME_READ_L: 0
  ME_WRITE: 0
  ME_LARGE: 0
  ME_LATENCY: 0
  ME_THREADED: 0
  SUMM_CPU: 325.5093117103093
  SUMM_ME: 0
SystemInformation:
  OSName: Ubuntu 18.04.6 LTS
  Kernel: 4.9.337-tegra
  Device: quill
  Processor: ARM Cortex-A57 6 Core 2035 MHz
  NumSockets: 2
  Manufacturer: ARM
  NumCores: 6
  NumLogicals: 6
  CPUFrequency: 2035
  Memory: 7850
Checksum: AB78EEA5D7E886F962D717EF24850243AE8DD771