BaselineInfo:
  WebDBID: -1
  TimeStamp: 20240828163831
Version:
  Major: 11
  Minor: 0
  Build: 1002
  SpecialBuildName: ""
  ptArchitecture: aarch64_linux
Results:
  Results Complete: true
  NumTestProcesses: 6
  CPU_INTEGER_MATH: 7913.8020000000006
  CPU_FLOATINGPOINT_MATH: 2125.5617525648768
  CPU_PRIME: 5.3845723026416685
  CPU_SORTING: 3083.4373263175607
  CPU_ENCRYPTION: 218.39075511271486
  CPU_COMPRESSION: 5405.9809413199591
  CPU_SINGLETHREAD: 274.34880006044762
  CPU_PHYSICS: 88.221816276114282
  CPU_MATRIX_MULT_SSE: 471.71368395395859
  CPU_mm: 141.62509693738082
  CPU_sse: 331.80363224736516
  CPU_fma: 611.62373566055214
  CPU_avx: 0
  CPU_avx512: 0
  m_CPU_enc_SHA: 326691061.0266428
  m_CPU_enc_AES: 175045637.2786333
  m_CPU_enc_ECDSA: 185261214.99393412
  ME_ALLOC_S: 0
  ME_READ_S: 0
  ME_READ_L: 0
  ME_WRITE: 0
  ME_LARGE: 0
  ME_LATENCY: 0
  ME_THREADED: 0
  SUMM_CPU: 793.17862238870623
  SUMM_ME: 0
SystemInformation:
  OSName: Ubuntu 18.04.6 LTS
  Kernel: 4.9.337-tegra
  Device: quill
  Processor: ARM Cortex-A57 6 Core 2035 MHz
  NumSockets: 2
  Manufacturer: ARM
  NumCores: 6
  NumLogicals: 6
  CPUFrequency: 2035
  Memory: 7850
Checksum: 32652AEB1A852F54C1BA6E7D298041ED485B4B16