BaselineInfo:
  WebDBID: -1
  TimeStamp: 20240827223923
Version:
  Major: 11
  Minor: 0
  Build: 1002
  SpecialBuildName: ""
  ptArchitecture: aarch64_linux
Results:
  Results Complete: true
  NumTestProcesses: 6
  CPU_INTEGER_MATH: 584.75599999999997
  CPU_FLOATINGPOINT_MATH: 131.68821567749222
  CPU_PRIME: 0
  CPU_SORTING: 33.795032849293165
  CPU_ENCRYPTION: 161.04561140621999
  CPU_COMPRESSION: 34.92080117049268
  CPU_SINGLETHREAD: 0
  CPU_PHYSICS: 0
  CPU_MATRIX_MULT_SSE: 26.070406357916813
  CPU_mm: 11.006748056207373
  CPU_sse: 12.711801553166277
  CPU_fma: 39.429011162667351
  CPU_avx: 0
  CPU_avx512: 0
  m_CPU_enc_SHA: 0
  m_CPU_enc_AES: 36156679.304656729
  m_CPU_enc_ECDSA: 0
  ME_ALLOC_S: 0
  ME_READ_S: 0
  ME_READ_L: 0
  ME_WRITE: 0
  ME_LARGE: 0
  ME_LATENCY: 0
  ME_THREADED: 0
  SUMM_CPU: 0
  SUMM_ME: 0
SystemInformation:
  OSName: Ubuntu 18.04.6 LTS
  Kernel: 4.9.337-tegra
  Device: quill
  Processor: ARM Cortex-A57 6 Core 2035 MHz
  NumSockets: 2
  Manufacturer: ARM
  NumCores: 6
  NumLogicals: 6
  CPUFrequency: 2035
  Memory: 7850
Checksum: 2D68FC9D4E4A43261CACA89F53C9F9E1C15BFF1D