BaselineInfo:
  WebDBID: -1
  TimeStamp: 20240828060740
Version:
  Major: 11
  Minor: 0
  Build: 1002
  SpecialBuildName: ""
  ptArchitecture: aarch64_linux
Results:
  Results Complete: true
  NumTestProcesses: 6
  CPU_INTEGER_MATH: 4121.1240000000007
  CPU_FLOATINGPOINT_MATH: 1066.0384995807656
  CPU_PRIME: 3.0218268195715221
  CPU_SORTING: 1557.9223222760315
  CPU_ENCRYPTION: 109.061504257595
  CPU_COMPRESSION: 2818.6855563246313
  CPU_SINGLETHREAD: 145.46197226973496
  CPU_PHYSICS: 52.706113520542033
  CPU_MATRIX_MULT_SSE: 246.45210536960252
  CPU_mm: 73.548691771728613
  CPU_sse: 173.33953004513378
  CPU_fma: 319.56468069407134
  CPU_avx: 0
  CPU_avx512: 0
  m_CPU_enc_SHA: 167781203.30865136
  m_CPU_enc_AES: 84179557.912824348
  m_CPU_enc_ECDSA: 91117066.443760082
  ME_ALLOC_S: 0
  ME_READ_S: 0
  ME_READ_L: 0
  ME_WRITE: 0
  ME_LARGE: 0
  ME_LATENCY: 0
  ME_THREADED: 0
  SUMM_CPU: 409.56125974856832
  SUMM_ME: 0
SystemInformation:
  OSName: Ubuntu 18.04.6 LTS
  Kernel: 4.9.337-tegra
  Device: quill
  Processor: ARM Cortex-A57 6 Core 2035 MHz
  NumSockets: 2
  Manufacturer: ARM
  NumCores: 6
  NumLogicals: 6
  CPUFrequency: 2035
  Memory: 7850
Checksum: 7ED5635F34AFEED7D9BB6541FB2CDD06A6A6DC36