BaselineInfo:
  WebDBID: -1
  TimeStamp: 20240828083101
Version:
  Major: 11
  Minor: 0
  Build: 1002
  SpecialBuildName: ""
  ptArchitecture: aarch64_linux
Results:
  Results Complete: true
  NumTestProcesses: 6
  CPU_INTEGER_MATH: 4994.7080000000005
  CPU_FLOATINGPOINT_MATH: 1075.4501315344073
  CPU_PRIME: 0.93049317405335408
  CPU_SORTING: 829.27511658273534
  CPU_ENCRYPTION: 122.45141726304833
  CPU_COMPRESSION: 2876.9786680868579
  CPU_SINGLETHREAD: 158.20123332612195
  CPU_PHYSICS: 16.246431206151048
  CPU_MATRIX_MULT_SSE: 294.04245936838731
  CPU_mm: 88.821124134714893
  CPU_sse: 202.22344928952165
  CPU_fma: 385.861469447253
  CPU_avx: 0
  CPU_avx512: 0
  m_CPU_enc_SHA: 180421950.10754701
  m_CPU_enc_AES: 104097247.84429805
  m_CPU_enc_ECDSA: 100679653.97220939
  ME_ALLOC_S: 0
  ME_READ_S: 0
  ME_READ_L: 0
  ME_WRITE: 0
  ME_LARGE: 0
  ME_LATENCY: 0
  ME_THREADED: 0
  SUMM_CPU: 371.67931000010469
  SUMM_ME: 0
SystemInformation:
  OSName: Ubuntu 18.04.6 LTS
  Kernel: 4.9.337-tegra
  Device: quill
  Processor: ARM Cortex-A57 6 Core 2035 MHz
  NumSockets: 2
  Manufacturer: ARM
  NumCores: 6
  NumLogicals: 6
  CPUFrequency: 2035
  Memory: 7850
Checksum: 8C8D5F7FB99A4D6B9FFE56C2A7CB85E159EA9759