BaselineInfo:
  WebDBID: -1
  TimeStamp: 20240828084358
Version:
  Major: 11
  Minor: 0
  Build: 1002
  SpecialBuildName: ""
  ptArchitecture: aarch64_linux
Results:
  Results Complete: true
  NumTestProcesses: 6
  CPU_INTEGER_MATH: 4486.3953333333338
  CPU_FLOATINGPOINT_MATH: 953.80301493272896
  CPU_PRIME: 0.57544406657244607
  CPU_SORTING: 519.14916615144659
  CPU_ENCRYPTION: 120.41365742493203
  CPU_COMPRESSION: 2494.3692389510406
  CPU_SINGLETHREAD: 147.51543506864729
  CPU_PHYSICS: 10.284867313187709
  CPU_MATRIX_MULT_SSE: 288.47332542727372
  CPU_mm: 87.750477150000563
  CPU_sse: 200.54777981972279
  CPU_fma: 376.39887103482471
  CPU_avx: 0
  CPU_avx512: 0
  m_CPU_enc_SHA: 173513662.69779491
  m_CPU_enc_AES: 96725492.320035249
  m_CPU_enc_ECDSA: 108549458.72618647
  ME_ALLOC_S: 0
  ME_READ_S: 0
  ME_READ_L: 0
  ME_WRITE: 0
  ME_LARGE: 0
  ME_LATENCY: 0
  ME_THREADED: 0
  SUMM_CPU: 306.29592639386175
  SUMM_ME: 0
SystemInformation:
  OSName: Ubuntu 18.04.6 LTS
  Kernel: 4.9.337-tegra
  Device: quill
  Processor: ARM Cortex-A57 6 Core 2035 MHz
  NumSockets: 2
  Manufacturer: ARM
  NumCores: 6
  NumLogicals: 6
  CPUFrequency: 2035
  Memory: 7850
Checksum: 035DC922F6A81E5E82E8846427DE8C4563983B3F