BaselineInfo:
  WebDBID: -1
  TimeStamp: 20240828141552
Version:
  Major: 11
  Minor: 0
  Build: 1002
  SpecialBuildName: ""
  ptArchitecture: aarch64_linux
Results:
  Results Complete: true
  NumTestProcesses: 6
  CPU_INTEGER_MATH: 6359.2333333333327
  CPU_FLOATINGPOINT_MATH: 837.36916146502949
  CPU_PRIME: 0
  CPU_SORTING: 73.24836848666375
  CPU_ENCRYPTION: 115.54757077078891
  CPU_COMPRESSION: 2017.9974834443869
  CPU_SINGLETHREAD: 169.15693852511427
  CPU_PHYSICS: 5.1843844050977346
  CPU_MATRIX_MULT_SSE: 257.21965987845027
  CPU_mm: 115.33228635462937
  CPU_sse: 166.10864453278245
  CPU_fma: 348.33067522411807
  CPU_avx: 0
  CPU_avx512: 0
  m_CPU_enc_SHA: 162479801.7939539
  m_CPU_enc_AES: 105468447.57321613
  m_CPU_enc_ECDSA: 95532979.338482216
  ME_ALLOC_S: 0
  ME_READ_S: 0
  ME_READ_L: 0
  ME_WRITE: 0
  ME_LARGE: 0
  ME_LATENCY: 0
  ME_THREADED: 0
  SUMM_CPU: 0
  SUMM_ME: 0
SystemInformation:
  OSName: Ubuntu 18.04.6 LTS
  Kernel: 4.9.337-tegra
  Device: quill
  Processor: ARM Cortex-A57 6 Core 2035 MHz
  NumSockets: 2
  Manufacturer: ARM
  NumCores: 6
  NumLogicals: 6
  CPUFrequency: 2035
  Memory: 7850
Checksum: C220758B9B8759C27A8747DAFDBAE0F08E11EE76