BaselineInfo:
  WebDBID: -1
  TimeStamp: 20240828123359
Version:
  Major: 11
  Minor: 0
  Build: 1002
  SpecialBuildName: ""
  ptArchitecture: aarch64_linux
Results:
  Results Complete: true
  NumTestProcesses: 6
  CPU_INTEGER_MATH: 6296.4693333333335
  CPU_FLOATINGPOINT_MATH: 849.66705227115131
  CPU_PRIME: 0
  CPU_SORTING: 49.182285440131473
  CPU_ENCRYPTION: 117.37761732882218
  CPU_COMPRESSION: 2135.6106907963931
  CPU_SINGLETHREAD: 163.9082385992516
  CPU_PHYSICS: 5.1980438041078498
  CPU_MATRIX_MULT_SSE: 372.92320130458188
  CPU_mm: 113.40534568429069
  CPU_sse: 266.55055895835022
  CPU_fma: 479.29584365081365
  CPU_avx: 0
  CPU_avx512: 0
  m_CPU_enc_SHA: 159794467.52208483
  m_CPU_enc_AES: 99161743.403445467
  m_CPU_enc_ECDSA: 76436147.933959037
  ME_ALLOC_S: 0
  ME_READ_S: 0
  ME_READ_L: 0
  ME_WRITE: 0
  ME_LARGE: 0
  ME_LATENCY: 0
  ME_THREADED: 0
  SUMM_CPU: 0
  SUMM_ME: 0
SystemInformation:
  OSName: Ubuntu 18.04.6 LTS
  Kernel: 4.9.337-tegra
  Device: quill
  Processor: ARM Cortex-A57 6 Core 2035 MHz
  NumSockets: 2
  Manufacturer: ARM
  NumCores: 6
  NumLogicals: 6
  CPUFrequency: 2035
  Memory: 7850
Checksum: C81C8D2CA6CF57934908128C41260FEFDDCA0B86