BaselineInfo:
  WebDBID: -1
  TimeStamp: 20240828142831
Version:
  Major: 11
  Minor: 0
  Build: 1002
  SpecialBuildName: ""
  ptArchitecture: aarch64_linux
Results:
  Results Complete: true
  NumTestProcesses: 6
  CPU_INTEGER_MATH: 6370.4513333333334
  CPU_FLOATINGPOINT_MATH: 836.13635149298102
  CPU_PRIME: 0
  CPU_SORTING: 24.364548017886491
  CPU_ENCRYPTION: 117.22873944002475
  CPU_COMPRESSION: 2160.3526871527738
  CPU_SINGLETHREAD: 164.52780816709898
  CPU_PHYSICS: 5.2700585610567519
  CPU_MATRIX_MULT_SSE: 385.32319492877809
  CPU_mm: 113.471757049228
  CPU_sse: 275.55443015610251
  CPU_fma: 495.09195970145367
  CPU_avx: 0
  CPU_avx512: 0
  m_CPU_enc_SHA: 139157591.54155108
  m_CPU_enc_AES: 94223384.820811644
  m_CPU_enc_ECDSA: 61647065.615826294
  ME_ALLOC_S: 0
  ME_READ_S: 0
  ME_READ_L: 0
  ME_WRITE: 0
  ME_LARGE: 0
  ME_LATENCY: 0
  ME_THREADED: 0
  SUMM_CPU: 0
  SUMM_ME: 0
SystemInformation:
  OSName: Ubuntu 18.04.6 LTS
  Kernel: 4.9.337-tegra
  Device: quill
  Processor: ARM Cortex-A57 6 Core 2035 MHz
  NumSockets: 2
  Manufacturer: ARM
  NumCores: 6
  NumLogicals: 6
  CPUFrequency: 2035
  Memory: 7850
Checksum: AA27FAFDE31BB5404D06741FB06DB6487F4C773A