BaselineInfo:
  WebDBID: -1
  TimeStamp: 20240828143511
Version:
  Major: 11
  Minor: 0
  Build: 1002
  SpecialBuildName: ""
  ptArchitecture: aarch64_linux
Results:
  Results Complete: true
  NumTestProcesses: 6
  CPU_INTEGER_MATH: 7133.0860000000002
  CPU_FLOATINGPOINT_MATH: 1893.6233739163945
  CPU_PRIME: 5.5125531629148172
  CPU_SORTING: 2847.420761491439
  CPU_ENCRYPTION: 196.85724380146334
  CPU_COMPRESSION: 5047.7900707622266
  CPU_SINGLETHREAD: 249.24863157414484
  CPU_PHYSICS: 92.741504582537104
  CPU_MATRIX_MULT_SSE: 423.74239661511518
  CPU_mm: 127.48348828102382
  CPU_sse: 299.26352634992929
  CPU_fma: 548.22126688030096
  CPU_avx: 0
  CPU_avx512: 0
  m_CPU_enc_SHA: 292331590.824808
  m_CPU_enc_AES: 157547702.80875829
  m_CPU_enc_ECDSA: 169380050.19552332
  ME_ALLOC_S: 0
  ME_READ_S: 0
  ME_READ_L: 0
  ME_WRITE: 0
  ME_LARGE: 0
  ME_LATENCY: 0
  ME_THREADED: 0
  SUMM_CPU: 728.36300057287917
  SUMM_ME: 0
SystemInformation:
  OSName: Ubuntu 18.04.6 LTS
  Kernel: 4.9.337-tegra
  Device: quill
  Processor: ARM Cortex-A57 6 Core 2035 MHz
  NumSockets: 2
  Manufacturer: ARM
  NumCores: 6
  NumLogicals: 6
  CPUFrequency: 2035
  Memory: 7850
Checksum: 3180DF1661638995C5363D22747809B690A1D80F