BaselineInfo:
  WebDBID: -1
  TimeStamp: 20240828130712
Version:
  Major: 11
  Minor: 0
  Build: 1002
  SpecialBuildName: ""
  ptArchitecture: aarch64_linux
Results:
  Results Complete: true
  NumTestProcesses: 6
  CPU_INTEGER_MATH: 7093.0893333333324
  CPU_FLOATINGPOINT_MATH: 1899.2816078428098
  CPU_PRIME: 6.1990616218832226
  CPU_SORTING: 2946.1912957887776
  CPU_ENCRYPTION: 194.32020134520644
  CPU_COMPRESSION: 5093.4925583714266
  CPU_SINGLETHREAD: 248.60215143303424
  CPU_PHYSICS: 103.97747616250635
  CPU_MATRIX_MULT_SSE: 422.6795310330956
  CPU_mm: 126.95102231593648
  CPU_sse: 295.54463726794489
  CPU_fma: 549.81442479824614
  CPU_avx: 0
  CPU_avx512: 0
  m_CPU_enc_SHA: 286333374.01632988
  m_CPU_enc_AES: 153049335.205073
  m_CPU_enc_ECDSA: 171895789.11585075
  ME_ALLOC_S: 0
  ME_READ_S: 0
  ME_READ_L: 0
  ME_WRITE: 0
  ME_LARGE: 0
  ME_LATENCY: 0
  ME_THREADED: 0
  SUMM_CPU: 732.9991810054695
  SUMM_ME: 0
SystemInformation:
  OSName: Ubuntu 18.04.6 LTS
  Kernel: 4.9.337-tegra
  Device: quill
  Processor: ARM Cortex-A57 6 Core 2035 MHz
  NumSockets: 2
  Manufacturer: ARM
  NumCores: 6
  NumLogicals: 6
  CPUFrequency: 2035
  Memory: 7850
Checksum: 7EFB7DB5C83AB59092985ECD42EBE57258C17AC6