BaselineInfo:
  WebDBID: -1
  TimeStamp: 20240828110812
Version:
  Major: 11
  Minor: 0
  Build: 1002
  SpecialBuildName: ""
  ptArchitecture: aarch64_linux
Results:
  Results Complete: true
  NumTestProcesses: 6
  CPU_INTEGER_MATH: 6139.6066666666666
  CPU_FLOATINGPOINT_MATH: 1654.2461750884602
  CPU_PRIME: 5.637764448174341
  CPU_SORTING: 2532.571196574228
  CPU_ENCRYPTION: 171.17482472423887
  CPU_COMPRESSION: 4337.5460145792749
  CPU_SINGLETHREAD: 216.32196856402101
  CPU_PHYSICS: 97.562538185378997
  CPU_MATRIX_MULT_SSE: 367.14862491816689
  CPU_mm: 109.78509393527722
  CPU_sse: 255.59134338753063
  CPU_fma: 478.70590644880303
  CPU_avx: 0
  CPU_avx512: 0
  m_CPU_enc_SHA: 254979704.60394719
  m_CPU_enc_AES: 133427075.98786244
  m_CPU_enc_ECDSA: 150062658.43832088
  ME_ALLOC_S: 0
  ME_READ_S: 0
  ME_READ_L: 0
  ME_WRITE: 0
  ME_LARGE: 0
  ME_LATENCY: 0
  ME_THREADED: 0
  SUMM_CPU: 637.58936790383177
  SUMM_ME: 0
SystemInformation:
  OSName: Ubuntu 18.04.6 LTS
  Kernel: 4.9.337-tegra
  Device: quill
  Processor: ARM Cortex-A57 6 Core 2035 MHz
  NumSockets: 2
  Manufacturer: ARM
  NumCores: 6
  NumLogicals: 6
  CPUFrequency: 2035
  Memory: 7850
Checksum: 029EB49249A71B72786FC05DF3FAE3654AC5196E