BaselineInfo:
  WebDBID: -1
  TimeStamp: 20240828184531
Version:
  Major: 11
  Minor: 0
  Build: 1002
  SpecialBuildName: ""
  ptArchitecture: aarch64_linux
Results:
  Results Complete: true
  NumTestProcesses: 6
  CPU_INTEGER_MATH: 9031.5786666666663
  CPU_FLOATINGPOINT_MATH: 2348.4880807609934
  CPU_PRIME: 4.0759843147600678
  CPU_SORTING: 2768.603947602578
  CPU_ENCRYPTION: 242.39944918983886
  CPU_COMPRESSION: 6111.6633822631156
  CPU_SINGLETHREAD: 307.44164404921037
  CPU_PHYSICS: 67.174333047745051
  CPU_MATRIX_MULT_SSE: 537.05661375202885
  CPU_mm: 161.8436209618547
  CPU_sse: 374.13358629707807
  CPU_fma: 699.97964120697964
  CPU_avx: 0
  CPU_avx512: 0
  m_CPU_enc_SHA: 357149702.01015604
  m_CPU_enc_AES: 193419673.98660982
  m_CPU_enc_ECDSA: 211953358.50428763
  ME_ALLOC_S: 0
  ME_READ_S: 0
  ME_READ_L: 0
  ME_WRITE: 0
  ME_LARGE: 0
  ME_LATENCY: 0
  ME_THREADED: 0
  SUMM_CPU: 853.49059950944581
  SUMM_ME: 0
SystemInformation:
  OSName: Ubuntu 18.04.6 LTS
  Kernel: 4.9.337-tegra
  Device: quill
  Processor: ARM Cortex-A57 6 Core 2035 MHz
  NumSockets: 2
  Manufacturer: ARM
  NumCores: 6
  NumLogicals: 6
  CPUFrequency: 2035
  Memory: 7850
Checksum: 58E1A2B0EB04E0DEAABD7657CD7DB2869D84FDEB