BaselineInfo:
  WebDBID: -1
  TimeStamp: 20240828200842
Version:
  Major: 11
  Minor: 0
  Build: 1002
  SpecialBuildName: ""
  ptArchitecture: aarch64_linux
Results:
  Results Complete: true
  NumTestProcesses: 6
  CPU_INTEGER_MATH: 9069.3979999999992
  CPU_FLOATINGPOINT_MATH: 2437.8494984889949
  CPU_PRIME: 5.3809697779563921
  CPU_SORTING: 3351.376747452251
  CPU_ENCRYPTION: 249.37813812172533
  CPU_COMPRESSION: 6492.730131257289
  CPU_SINGLETHREAD: 312.57611380878831
  CPU_PHYSICS: 92.801748877011818
  CPU_MATRIX_MULT_SSE: 539.32644748759321
  CPU_mm: 162.58087843940379
  CPU_sse: 380.71999655454391
  CPU_fma: 697.93289842064246
  CPU_avx: 0
  CPU_avx512: 0
  m_CPU_enc_SHA: 370440228.62636536
  m_CPU_enc_AES: 200337930.72771674
  m_CPU_enc_ECDSA: 213697632.3232967
  ME_ALLOC_S: 0
  ME_READ_S: 0
  ME_READ_L: 0
  ME_WRITE: 0
  ME_LARGE: 0
  ME_LATENCY: 0
  ME_THREADED: 0
  SUMM_CPU: 909.9656754235499
  SUMM_ME: 0
SystemInformation:
  OSName: Ubuntu 18.04.6 LTS
  Kernel: 4.9.337-tegra
  Device: quill
  Processor: ARM Cortex-A57 6 Core 2035 MHz
  NumSockets: 2
  Manufacturer: ARM
  NumCores: 6
  NumLogicals: 6
  CPUFrequency: 2035
  Memory: 7850
Checksum: F310B2E163BE6F90F20F47BB5E93291DFD0CBA21