BaselineInfo:
  WebDBID: -1
  TimeStamp: 20240828135613
Version:
  Major: 11
  Minor: 0
  Build: 1002
  SpecialBuildName: ""
  ptArchitecture: aarch64_linux
Results:
  Results Complete: true
  NumTestProcesses: 6
  CPU_INTEGER_MATH: 7072.3100000000004
  CPU_FLOATINGPOINT_MATH: 1892.4475761962469
  CPU_PRIME: 4.857695044531007
  CPU_SORTING: 2814.2136951478019
  CPU_ENCRYPTION: 197.00641674605106
  CPU_COMPRESSION: 4798.1570608627353
  CPU_SINGLETHREAD: 245.81121400940921
  CPU_PHYSICS: 87.613914032389062
  CPU_MATRIX_MULT_SSE: 417.53253406639016
  CPU_mm: 126.61000356233974
  CPU_sse: 290.13771085700267
  CPU_fma: 544.92735727577758
  CPU_avx: 0
  CPU_avx512: 0
  m_CPU_enc_SHA: 286291205.42701727
  m_CPU_enc_AES: 152211684.78255457
  m_CPU_enc_ECDSA: 181225711.12814984
  ME_ALLOC_S: 0
  ME_READ_S: 0
  ME_READ_L: 0
  ME_WRITE: 0
  ME_LARGE: 0
  ME_LATENCY: 0
  ME_THREADED: 0
  SUMM_CPU: 711.4088351375301
  SUMM_ME: 0
SystemInformation:
  OSName: Ubuntu 18.04.6 LTS
  Kernel: 4.9.337-tegra
  Device: quill
  Processor: ARM Cortex-A57 6 Core 2035 MHz
  NumSockets: 2
  Manufacturer: ARM
  NumCores: 6
  NumLogicals: 6
  CPUFrequency: 2035
  Memory: 7850
Checksum: 7C7E6DEFEC952FF8ED550CCF186A9A2C3D568B1A