BaselineInfo:
  WebDBID: -1
  TimeStamp: 20240828175207
Version:
  Major: 11
  Minor: 0
  Build: 1002
  SpecialBuildName: ""
  ptArchitecture: aarch64_linux
Results:
  Results Complete: true
  NumTestProcesses: 6
  CPU_INTEGER_MATH: 7947.4559999999992
  CPU_FLOATINGPOINT_MATH: 2113.8891164700067
  CPU_PRIME: 5.1185365462688193
  CPU_SORTING: 3045.6483770098585
  CPU_ENCRYPTION: 220.91812258908755
  CPU_COMPRESSION: 4972.0044119210215
  CPU_SINGLETHREAD: 274.2618570655444
  CPU_PHYSICS: 88.543567747973611
  CPU_MATRIX_MULT_SSE: 461.82789987831745
  CPU_mm: 102.703808040648
  CPU_sse: 308.92924151227987
  CPU_fma: 614.72655824435503
  CPU_avx: 0
  CPU_avx512: 0
  m_CPU_enc_SHA: 333684411.75417829
  m_CPU_enc_AES: 170407819.3554922
  m_CPU_enc_ECDSA: 190856092.82625473
  ME_ALLOC_S: 0
  ME_READ_S: 0
  ME_READ_L: 0
  ME_WRITE: 0
  ME_LARGE: 0
  ME_LATENCY: 0
  ME_THREADED: 0
  SUMM_CPU: 772.20406550133146
  SUMM_ME: 0
SystemInformation:
  OSName: Ubuntu 18.04.6 LTS
  Kernel: 4.9.337-tegra
  Device: quill
  Processor: ARM Cortex-A57 6 Core 2035 MHz
  NumSockets: 2
  Manufacturer: ARM
  NumCores: 6
  NumLogicals: 6
  CPUFrequency: 2035
  Memory: 7850
Checksum: 87F65D4F73A871E05545FCECB8E65EB3E15233BD