BaselineInfo:
  WebDBID: -1
  TimeStamp: 20240828062547
Version:
  Major: 11
  Minor: 0
  Build: 1002
  SpecialBuildName: ""
  ptArchitecture: aarch64_linux
Results:
  Results Complete: true
  NumTestProcesses: 6
  CPU_INTEGER_MATH: 4136.4126666666662
  CPU_FLOATINGPOINT_MATH: 1116.3630697768863
  CPU_PRIME: 4.2520127744780307
  CPU_SORTING: 1756.9910261298985
  CPU_ENCRYPTION: 116.00699736554627
  CPU_COMPRESSION: 2879.3993493574221
  CPU_SINGLETHREAD: 147.03361912605331
  CPU_PHYSICS: 71.77234954588873
  CPU_MATRIX_MULT_SSE: 246.88072946929762
  CPU_mm: 73.869728133269064
  CPU_sse: 173.96360156315944
  CPU_fma: 319.79785737543585
  CPU_avx: 0
  CPU_avx512: 0
  m_CPU_enc_SHA: 167170315.80719239
  m_CPU_enc_AES: 90914875.692111388
  m_CPU_enc_ECDSA: 106841268.30942135
  ME_ALLOC_S: 0
  ME_READ_S: 0
  ME_READ_L: 0
  ME_WRITE: 0
  ME_LARGE: 0
  ME_LATENCY: 0
  ME_THREADED: 0
  SUMM_CPU: 431.17748898165763
  SUMM_ME: 0
SystemInformation:
  OSName: Ubuntu 18.04.6 LTS
  Kernel: 4.9.337-tegra
  Device: quill
  Processor: ARM Cortex-A57 6 Core 2035 MHz
  NumSockets: 2
  Manufacturer: ARM
  NumCores: 6
  NumLogicals: 6
  CPUFrequency: 2035
  Memory: 7850
Checksum: FD42D5E31926EE0F2AFDDC5A419DE3847700FE34