BaselineInfo:
  WebDBID: -1
  TimeStamp: 20240828191953
Version:
  Major: 11
  Minor: 0
  Build: 1002
  SpecialBuildName: ""
  ptArchitecture: aarch64_linux
Results:
  Results Complete: true
  NumTestProcesses: 6
  CPU_INTEGER_MATH: 8892.6080000000002
  CPU_FLOATINGPOINT_MATH: 2170.9583687489135
  CPU_PRIME: 2.1000853895222442
  CPU_SORTING: 1790.5112487452745
  CPU_ENCRYPTION: 236.9113592615511
  CPU_COMPRESSION: 5659.5875086648812
  CPU_SINGLETHREAD: 289.11826282018296
  CPU_PHYSICS: 37.053776143001677
  CPU_MATRIX_MULT_SSE: 528.32034010589462
  CPU_mm: 159.7398864511805
  CPU_sse: 370.06547091909272
  CPU_fma: 686.5752092926964
  CPU_avx: 0
  CPU_avx512: 0
  m_CPU_enc_SHA: 364263237.17038292
  m_CPU_enc_AES: 189565185.06301364
  m_CPU_enc_ECDSA: 191430274.11372399
  ME_ALLOC_S: 0
  ME_READ_S: 0
  ME_READ_L: 0
  ME_WRITE: 0
  ME_LARGE: 0
  ME_LATENCY: 0
  ME_THREADED: 0
  SUMM_CPU: 740.06326206954816
  SUMM_ME: 0
SystemInformation:
  OSName: Ubuntu 18.04.6 LTS
  Kernel: 4.9.337-tegra
  Device: quill
  Processor: ARM Cortex-A57 6 Core 2035 MHz
  NumSockets: 2
  Manufacturer: ARM
  NumCores: 6
  NumLogicals: 6
  CPUFrequency: 2035
  Memory: 7850
Checksum: CB47A2E85C5C1229910E3F29374C26129C6A3064