BaselineInfo:
  WebDBID: -1
  TimeStamp: 20240828040145
Version:
  Major: 11
  Minor: 0
  Build: 1002
  SpecialBuildName: ""
  ptArchitecture: aarch64_linux
Results:
  Results Complete: true
  NumTestProcesses: 6
  CPU_INTEGER_MATH: 4121.1713333333337
  CPU_FLOATINGPOINT_MATH: 1085.6086574449037
  CPU_PRIME: 3.2066980063142489
  CPU_SORTING: 1640.3358479816368
  CPU_ENCRYPTION: 114.06309218685939
  CPU_COMPRESSION: 2778.8808000227446
  CPU_SINGLETHREAD: 146.54974190627138
  CPU_PHYSICS: 50.898720178006315
  CPU_MATRIX_MULT_SSE: 245.13955055635819
  CPU_mm: 73.651972199091489
  CPU_sse: 173.27678045036319
  CPU_fma: 317.00232066235321
  CPU_avx: 0
  CPU_avx512: 0
  m_CPU_enc_SHA: 167722183.43992206
  m_CPU_enc_AES: 91562451.26658386
  m_CPU_enc_ECDSA: 99526828.152278841
  ME_ALLOC_S: 0
  ME_READ_S: 0
  ME_READ_L: 0
  ME_WRITE: 0
  ME_LARGE: 0
  ME_LATENCY: 0
  ME_THREADED: 0
  SUMM_CPU: 414.89592581924603
  SUMM_ME: 0
SystemInformation:
  OSName: Ubuntu 18.04.6 LTS
  Kernel: 4.9.337-tegra
  Device: quill
  Processor: ARM Cortex-A57 6 Core 2035 MHz
  NumSockets: 2
  Manufacturer: ARM
  NumCores: 6
  NumLogicals: 6
  CPUFrequency: 2035
  Memory: 7850
Checksum: 366DD20AC0356C365C1CDD72C1B81FEC2CCDB521