BaselineInfo:
  WebDBID: -1
  TimeStamp: 20240828094239
Version:
  Major: 11
  Minor: 0
  Build: 1002
  SpecialBuildName: ""
  ptArchitecture: aarch64_linux
Results:
  Results Complete: true
  NumTestProcesses: 6
  CPU_INTEGER_MATH: 5929.6360000000004
  CPU_FLOATINGPOINT_MATH: 1334.1320784451004
  CPU_PRIME: 0.95622229425871563
  CPU_SORTING: 898.92712870102639
  CPU_ENCRYPTION: 152.67140913725623
  CPU_COMPRESSION: 3330.5240935396428
  CPU_SINGLETHREAD: 184.4539077627702
  CPU_PHYSICS: 16.880883292134516
  CPU_MATRIX_MULT_SSE: 352.00457866396499
  CPU_mm: 91.237871164485824
  CPU_sse: 247.84918628067794
  CPU_fma: 456.1599710472521
  CPU_avx: 0
  CPU_avx512: 0
  m_CPU_enc_SHA: 225968709.83497477
  m_CPU_enc_AES: 122380797.97945108
  m_CPU_enc_ECDSA: 131913218.70809695
  ME_ALLOC_S: 0
  ME_READ_S: 0
  ME_READ_L: 0
  ME_WRITE: 0
  ME_LARGE: 0
  ME_LATENCY: 0
  ME_THREADED: 0
  SUMM_CPU: 430.52486936689934
  SUMM_ME: 0
SystemInformation:
  OSName: Ubuntu 18.04.6 LTS
  Kernel: 4.9.337-tegra
  Device: quill
  Processor: ARM Cortex-A57 6 Core 2035 MHz
  NumSockets: 2
  Manufacturer: ARM
  NumCores: 6
  NumLogicals: 6
  CPUFrequency: 2035
  Memory: 7850
Checksum: 9496322DEE68B65E5329475FAE0483BA467D6ADB