BaselineInfo:
  WebDBID: -1
  TimeStamp: 20240827214802
Version:
  Major: 11
  Minor: 0
  Build: 1002
  SpecialBuildName: ""
  ptArchitecture: aarch64_linux
Results:
  Results Complete: true
  NumTestProcesses: 6
  CPU_INTEGER_MATH: 1764.9179999999999
  CPU_FLOATINGPOINT_MATH: 498.62195366497969
  CPU_PRIME: 2.0442676589632662
  CPU_SORTING: 794.35286622072863
  CPU_ENCRYPTION: 59.918377626206563
  CPU_COMPRESSION: 0
  CPU_SINGLETHREAD: 230.36242129784156
  CPU_PHYSICS: 39.055386405712895
  CPU_MATRIX_MULT_SSE: 109.11183826210063
  CPU_mm: 31.846681578744608
  CPU_sse: 76.346049747683807
  CPU_fma: 141.87762677651745
  CPU_avx: 0
  CPU_avx512: 0
  m_CPU_enc_SHA: 89743522.463204563
  m_CPU_enc_AES: 46016676.389541253
  m_CPU_enc_ECDSA: 52726719.360585704
  ME_ALLOC_S: 0
  ME_READ_S: 0
  ME_READ_L: 0
  ME_WRITE: 0
  ME_LARGE: 0
  ME_LATENCY: 0
  ME_THREADED: 0
  SUMM_CPU: 0
  SUMM_ME: 0
SystemInformation:
  OSName: Ubuntu 18.04.6 LTS
  Kernel: 4.9.337-tegra
  Device: quill
  Processor: ARM Cortex-A57 6 Core 2035 MHz
  NumSockets: 2
  Manufacturer: ARM
  NumCores: 6
  NumLogicals: 6
  CPUFrequency: 2035
  Memory: 7850
Checksum: 60DA61E234F0219872C99251BA5B007482DA8668