BaselineInfo:
  WebDBID: -1
  TimeStamp: 20240828171804
Version:
  Major: 11
  Minor: 0
  Build: 1002
  SpecialBuildName: ""
  ptArchitecture: aarch64_linux
Results:
  Results Complete: true
  NumTestProcesses: 6
  CPU_INTEGER_MATH: 7945.1840000000002
  CPU_FLOATINGPOINT_MATH: 2160.9158674476389
  CPU_PRIME: 7.0780036707751837
  CPU_SORTING: 3275.9454635338629
  CPU_ENCRYPTION: 218.90053052018695
  CPU_COMPRESSION: 5734.9674165783244
  CPU_SINGLETHREAD: 277.40644746774092
  CPU_PHYSICS: 118.90362363421754
  CPU_MATRIX_MULT_SSE: 475.14620074088566
  CPU_mm: 141.89008266846736
  CPU_sse: 332.68472926871789
  CPU_fma: 617.60767221305343
  CPU_avx: 0
  CPU_avx512: 0
  m_CPU_enc_SHA: 314392459.58929235
  m_CPU_enc_AES: 177425458.59826779
  m_CPU_enc_ECDSA: 196783609.88464645
  ME_ALLOC_S: 0
  ME_READ_S: 0
  ME_READ_L: 0
  ME_WRITE: 0
  ME_LARGE: 0
  ME_LATENCY: 0
  ME_THREADED: 0
  SUMM_CPU: 825.74812380963624
  SUMM_ME: 0
SystemInformation:
  OSName: Ubuntu 18.04.6 LTS
  Kernel: 4.9.337-tegra
  Device: quill
  Processor: ARM Cortex-A57 6 Core 2035 MHz
  NumSockets: 2
  Manufacturer: ARM
  NumCores: 6
  NumLogicals: 6
  CPUFrequency: 2035
  Memory: 7850
Checksum: 0EBA6C1992B4694697FE6ACDA8A98855E3079AF5