BaselineInfo:
  WebDBID: -1
  TimeStamp: 20240828094746
Version:
  Major: 11
  Minor: 0
  Build: 1002
  SpecialBuildName: ""
  ptArchitecture: aarch64_linux
Results:
  Results Complete: true
  NumTestProcesses: 6
  CPU_INTEGER_MATH: 6033.3906666666662
  CPU_FLOATINGPOINT_MATH: 1630.6484964960439
  CPU_PRIME: 5.6622277447377449
  CPU_SORTING: 2518.3687812757262
  CPU_ENCRYPTION: 168.41402716795631
  CPU_COMPRESSION: 4325.7429712759777
  CPU_SINGLETHREAD: 216.64787692920987
  CPU_PHYSICS: 94.432198786477613
  CPU_MATRIX_MULT_SSE: 365.62656500952681
  CPU_mm: 109.7836028372889
  CPU_sse: 256.72332004165929
  CPU_fma: 474.52980997739428
  CPU_avx: 0
  CPU_avx512: 0
  m_CPU_enc_SHA: 255570272.00525606
  m_CPU_enc_AES: 136226487.82949758
  m_CPU_enc_ECDSA: 137987961.02024725
  ME_ALLOC_S: 0
  ME_READ_S: 0
  ME_READ_L: 0
  ME_WRITE: 0
  ME_LARGE: 0
  ME_LATENCY: 0
  ME_THREADED: 0
  SUMM_CPU: 631.77357453825266
  SUMM_ME: 0
SystemInformation:
  OSName: Ubuntu 18.04.6 LTS
  Kernel: 4.9.337-tegra
  Device: quill
  Processor: ARM Cortex-A57 6 Core 2035 MHz
  NumSockets: 2
  Manufacturer: ARM
  NumCores: 6
  NumLogicals: 6
  CPUFrequency: 2035
  Memory: 7850
Checksum: 45C69AE8927C2C8F0B61F9F5C7728E70118BDFAA