BaselineInfo:
  WebDBID: -1
  TimeStamp: 20240827190211
Version:
  Major: 11
  Minor: 0
  Build: 1002
  SpecialBuildName: ""
  ptArchitecture: aarch64_linux
Results:
  Results Complete: true
  NumTestProcesses: 6
  CPU_INTEGER_MATH: 1253.0553333333335
  CPU_FLOATINGPOINT_MATH: 213.95886336948723
  CPU_PRIME: 0
  CPU_SORTING: 0
  CPU_ENCRYPTION: 9.1321796180052424
  CPU_COMPRESSION: 37.171599449804525
  CPU_SINGLETHREAD: 0
  CPU_PHYSICS: 0
  CPU_MATRIX_MULT_SSE: 20.326982494863984
  CPU_mm: 6.9138792266912112
  CPU_sse: 14.842371335397788
  CPU_fma: 25.811593654330181
  CPU_avx: 0
  CPU_avx512: 0
  m_CPU_enc_SHA: 13153791.981122946
  m_CPU_enc_AES: 7218036.9986085687
  m_CPU_enc_ECDSA: 8355524.1456568716
  ME_ALLOC_S: 0
  ME_READ_S: 0
  ME_READ_L: 0
  ME_WRITE: 0
  ME_LARGE: 0
  ME_LATENCY: 0
  ME_THREADED: 0
  SUMM_CPU: 0
  SUMM_ME: 0
SystemInformation:
  OSName: Ubuntu 18.04.6 LTS
  Kernel: 4.9.337-tegra
  Device: quill
  Processor: ARM Cortex-A57 6 Core 2035 MHz
  NumSockets: 2
  Manufacturer: ARM
  NumCores: 6
  NumLogicals: 6
  CPUFrequency: 2035
  Memory: 7850
Checksum: 37B7C842C5DE217406CAC31B5CFDCF5B25B46193