BaselineInfo:
  WebDBID: -1
  TimeStamp: 20240827221812
Version:
  Major: 11
  Minor: 0
  Build: 1002
  SpecialBuildName: ""
  ptArchitecture: aarch64_linux
Results:
  Results Complete: true
  NumTestProcesses: 6
  CPU_INTEGER_MATH: 1959.742
  CPU_FLOATINGPOINT_MATH: 333.65992958648741
  CPU_PRIME: 0
  CPU_SORTING: 21.820758946309994
  CPU_ENCRYPTION: 44.117600878899012
  CPU_COMPRESSION: 0
  CPU_SINGLETHREAD: 0
  CPU_PHYSICS: 0
  CPU_MATRIX_MULT_SSE: 45.648010160224842
  CPU_mm: 14.195449680819463
  CPU_sse: 35.547084065281773
  CPU_fma: 55.748936255167919
  CPU_avx: 0
  CPU_avx512: 0
  m_CPU_enc_SHA: 61506178.311495066
  m_CPU_enc_AES: 40420393.009579815
  m_CPU_enc_ECDSA: 36855401.056502335
  ME_ALLOC_S: 0
  ME_READ_S: 0
  ME_READ_L: 0
  ME_WRITE: 0
  ME_LARGE: 0
  ME_LATENCY: 0
  ME_THREADED: 0
  SUMM_CPU: 0
  SUMM_ME: 0
SystemInformation:
  OSName: Ubuntu 18.04.6 LTS
  Kernel: 4.9.337-tegra
  Device: quill
  Processor: ARM Cortex-A57 6 Core 2035 MHz
  NumSockets: 2
  Manufacturer: ARM
  NumCores: 6
  NumLogicals: 6
  CPUFrequency: 2035
  Memory: 7850
Checksum: 599231CF6252F1097875543E6483A28C18E0010D