BaselineInfo:
  WebDBID: -1
  TimeStamp: 20240828141332
Version:
  Major: 11
  Minor: 0
  Build: 1002
  SpecialBuildName: ""
  ptArchitecture: aarch64_linux
Results:
  Results Complete: true
  NumTestProcesses: 6
  CPU_INTEGER_MATH: 7140.7540000000008
  CPU_FLOATINGPOINT_MATH: 1942.4709437618753
  CPU_PRIME: 7.1763017498692054
  CPU_SORTING: 3023.9083358899461
  CPU_ENCRYPTION: 195.16602566347396
  CPU_COMPRESSION: 5170.7870108269335
  CPU_SINGLETHREAD: 250.21707004378393
  CPU_PHYSICS: 118.48609400882549
  CPU_MATRIX_MULT_SSE: 423.88731313785718
  CPU_mm: 127.00206944533551
  CPU_sse: 295.60674173368767
  CPU_fma: 552.16788454202674
  CPU_avx: 0
  CPU_avx512: 0
  m_CPU_enc_SHA: 288239710.95357156
  m_CPU_enc_AES: 153309011.47873604
  m_CPU_enc_ECDSA: 172390509.14600113
  ME_ALLOC_S: 0
  ME_READ_S: 0
  ME_READ_L: 0
  ME_WRITE: 0
  ME_LARGE: 0
  ME_LATENCY: 0
  ME_THREADED: 0
  SUMM_CPU: 745.34224345190717
  SUMM_ME: 0
SystemInformation:
  OSName: Ubuntu 18.04.6 LTS
  Kernel: 4.9.337-tegra
  Device: quill
  Processor: ARM Cortex-A57 6 Core 2035 MHz
  NumSockets: 2
  Manufacturer: ARM
  NumCores: 6
  NumLogicals: 6
  CPUFrequency: 2035
  Memory: 7850
Checksum: 9FEBF10E68E63202AE167A24534D85E6EE49A7AA