BaselineInfo:
  WebDBID: -1
  TimeStamp: 20240827193705
Version:
  Major: 11
  Minor: 0
  Build: 1002
  SpecialBuildName: ""
  ptArchitecture: aarch64_linux
Results:
  Results Complete: true
  NumTestProcesses: 6
  CPU_INTEGER_MATH: 2141.9279999999999
  CPU_FLOATINGPOINT_MATH: 579.8329109776663
  CPU_PRIME: 2.7855385060911004
  CPU_SORTING: 903.68953116773696
  CPU_ENCRYPTION: 61.980480260091547
  CPU_COMPRESSION: 0
  CPU_SINGLETHREAD: 248.24438102499639
  CPU_PHYSICS: 44.222035634603031
  CPU_MATRIX_MULT_SSE: 110.65908356889231
  CPU_mm: 33.677674456084553
  CPU_sse: 78.799646634368543
  CPU_fma: 142.51852050341611
  CPU_avx: 0
  CPU_avx512: 0
  m_CPU_enc_SHA: 91813142.464090869
  m_CPU_enc_AES: 47862407.914231077
  m_CPU_enc_ECDSA: 55298181.829295307
  ME_ALLOC_S: 0
  ME_READ_S: 0
  ME_READ_L: 0
  ME_WRITE: 0
  ME_LARGE: 0
  ME_LATENCY: 0
  ME_THREADED: 0
  SUMM_CPU: 0
  SUMM_ME: 0
SystemInformation:
  OSName: Ubuntu 18.04.6 LTS
  Kernel: 4.9.337-tegra
  Device: quill
  Processor: ARM Cortex-A57 6 Core 2035 MHz
  NumSockets: 2
  Manufacturer: ARM
  NumCores: 6
  NumLogicals: 6
  CPUFrequency: 2035
  Memory: 7850
Checksum: 5E7533C0C382770322012A842090AC39DF2EAF41