BaselineInfo:
  WebDBID: -1
  TimeStamp: 20240828154836
Version:
  Major: 11
  Minor: 0
  Build: 1002
  SpecialBuildName: ""
  ptArchitecture: aarch64_linux
Results:
  Results Complete: true
  NumTestProcesses: 6
  CPU_INTEGER_MATH: 7882.0886666666665
  CPU_FLOATINGPOINT_MATH: 2078.0490785826487
  CPU_PRIME: 3.9597553494130655
  CPU_SORTING: 2626.5300926441669
  CPU_ENCRYPTION: 214.23683865392971
  CPU_COMPRESSION: 5417.5509270935645
  CPU_SINGLETHREAD: 269.22362060765226
  CPU_PHYSICS: 65.109861476744399
  CPU_MATRIX_MULT_SSE: 470.59314299225389
  CPU_mm: 141.58005522904188
  CPU_sse: 329.68097000687402
  CPU_fma: 611.50531597763381
  CPU_avx: 0
  CPU_avx512: 0
  m_CPU_enc_SHA: 311628513.42745191
  m_CPU_enc_AES: 171413071.47070441
  m_CPU_enc_ECDSA: 190889237.08699265
  ME_ALLOC_S: 0
  ME_READ_S: 0
  ME_READ_L: 0
  ME_WRITE: 0
  ME_LARGE: 0
  ME_LATENCY: 0
  ME_THREADED: 0
  SUMM_CPU: 762.66476180705263
  SUMM_ME: 0
SystemInformation:
  OSName: Ubuntu 18.04.6 LTS
  Kernel: 4.9.337-tegra
  Device: quill
  Processor: ARM Cortex-A57 6 Core 2035 MHz
  NumSockets: 2
  Manufacturer: ARM
  NumCores: 6
  NumLogicals: 6
  CPUFrequency: 2035
  Memory: 7850
Checksum: 34A93D89B596CA9AC793939489B2728F8470C140