BaselineInfo:
  WebDBID: -1
  TimeStamp: 20240828080214
Version:
  Major: 11
  Minor: 0
  Build: 1002
  SpecialBuildName: ""
  ptArchitecture: aarch64_linux
Results:
  Results Complete: true
  NumTestProcesses: 6
  CPU_INTEGER_MATH: 4973.1713333333337
  CPU_FLOATINGPOINT_MATH: 1067.7139016443064
  CPU_PRIME: 0.92642173704308384
  CPU_SORTING: 845.16051776323843
  CPU_ENCRYPTION: 125.90376352114551
  CPU_COMPRESSION: 2887.4380526345312
  CPU_SINGLETHREAD: 158.17808758839948
  CPU_PHYSICS: 16.395724675897135
  CPU_MATRIX_MULT_SSE: 247.21442278417072
  CPU_mm: 87.698492011190766
  CPU_sse: 198.04906361371064
  CPU_fma: 296.37978195463086
  CPU_avx: 0
  CPU_avx512: 0
  m_CPU_enc_SHA: 184105327.66595024
  m_CPU_enc_AES: 103886369.94764981
  m_CPU_enc_ECDSA: 108067296.60024595
  ME_ALLOC_S: 0
  ME_READ_S: 0
  ME_READ_L: 0
  ME_WRITE: 0
  ME_LARGE: 0
  ME_LATENCY: 0
  ME_THREADED: 0
  SUMM_CPU: 366.94528950934853
  SUMM_ME: 0
SystemInformation:
  OSName: Ubuntu 18.04.6 LTS
  Kernel: 4.9.337-tegra
  Device: quill
  Processor: ARM Cortex-A57 6 Core 2035 MHz
  NumSockets: 2
  Manufacturer: ARM
  NumCores: 6
  NumLogicals: 6
  CPUFrequency: 2035
  Memory: 7850
Checksum: B128779D36C8AC75744C673421343CBACDE937D6