BaselineInfo:
  WebDBID: -1
  TimeStamp: 20240828151022
Version:
  Major: 11
  Minor: 0
  Build: 1002
  SpecialBuildName: ""
  ptArchitecture: aarch64_linux
Results:
  Results Complete: true
  NumTestProcesses: 6
  CPU_INTEGER_MATH: 7016.2673333333341
  CPU_FLOATINGPOINT_MATH: 1762.1443789199254
  CPU_PRIME: 2.0243240180651734
  CPU_SORTING: 1704.8594449348982
  CPU_ENCRYPTION: 187.78607034656221
  CPU_COMPRESSION: 4473.4438204626258
  CPU_SINGLETHREAD: 233.17347867488516
  CPU_PHYSICS: 35.590605228637266
  CPU_MATRIX_MULT_SSE: 420.80809163462374
  CPU_mm: 125.64225716974603
  CPU_sse: 292.21556600810226
  CPU_fma: 549.40061726114516
  CPU_avx: 0
  CPU_avx512: 0
  m_CPU_enc_SHA: 279416591.1528672
  m_CPU_enc_AES: 151468865.41711062
  m_CPU_enc_ECDSA: 159838442.92917255
  ME_ALLOC_S: 0
  ME_READ_S: 0
  ME_READ_L: 0
  ME_WRITE: 0
  ME_LARGE: 0
  ME_LATENCY: 0
  ME_THREADED: 0
  SUMM_CPU: 612.08314885214998
  SUMM_ME: 0
SystemInformation:
  OSName: Ubuntu 18.04.6 LTS
  Kernel: 4.9.337-tegra
  Device: quill
  Processor: ARM Cortex-A57 6 Core 2035 MHz
  NumSockets: 2
  Manufacturer: ARM
  NumCores: 6
  NumLogicals: 6
  CPUFrequency: 2035
  Memory: 7850
Checksum: F824313AC1644E8DAC69E2AAA75E7F7DEB6160B4