BaselineInfo:
  WebDBID: -1
  TimeStamp: 20240828085157
Version:
  Major: 11
  Minor: 0
  Build: 1002
  SpecialBuildName: ""
  ptArchitecture: aarch64_linux
Results:
  Results Complete: true
  NumTestProcesses: 6
  CPU_INTEGER_MATH: 5147.3106666666672
  CPU_FLOATINGPOINT_MATH: 1395.8661492398323
  CPU_PRIME: 5.5046184657737074
  CPU_SORTING: 2125.5939654247486
  CPU_ENCRYPTION: 141.42726838226898
  CPU_COMPRESSION: 3567.5424191304487
  CPU_SINGLETHREAD: 182.54348993760948
  CPU_PHYSICS: 93.533145281495862
  CPU_MATRIX_MULT_SSE: 306.07408548266187
  CPU_mm: 91.922769200892006
  CPU_sse: 215.85213503738001
  CPU_fma: 396.29603592794376
  CPU_avx: 0
  CPU_avx512: 0
  m_CPU_enc_SHA: 219846081.0698753
  m_CPU_enc_AES: 109601729.1958365
  m_CPU_enc_ECDSA: 115443907.84790646
  ME_ALLOC_S: 0
  ME_READ_S: 0
  ME_READ_L: 0
  ME_WRITE: 0
  ME_LARGE: 0
  ME_LATENCY: 0
  ME_THREADED: 0
  SUMM_CPU: 532.99632923718229
  SUMM_ME: 0
SystemInformation:
  OSName: Ubuntu 18.04.6 LTS
  Kernel: 4.9.337-tegra
  Device: quill
  Processor: ARM Cortex-A57 6 Core 2035 MHz
  NumSockets: 2
  Manufacturer: ARM
  NumCores: 6
  NumLogicals: 6
  CPUFrequency: 2035
  Memory: 7850
Checksum: 8D6B40179822783856DDB9A5B4D42A9A217B8D65