BaselineInfo:
  WebDBID: -1
  TimeStamp: 20240828122041
Version:
  Major: 11
  Minor: 0
  Build: 1002
  SpecialBuildName: ""
  ptArchitecture: aarch64_linux
Results:
  Results Complete: true
  NumTestProcesses: 6
  CPU_INTEGER_MATH: 5475.6620000000003
  CPU_FLOATINGPOINT_MATH: 728.02434876626876
  CPU_PRIME: 0
  CPU_SORTING: 49.386362896514704
  CPU_ENCRYPTION: 101.4399715797048
  CPU_COMPRESSION: 1895.518719370795
  CPU_SINGLETHREAD: 145.0490516945074
  CPU_PHYSICS: 4.2280583194330807
  CPU_MATRIX_MULT_SSE: 318.54072706735406
  CPU_mm: 98.947306540160383
  CPU_sse: 231.48024673556017
  CPU_fma: 405.60120739914794
  CPU_avx: 0
  CPU_avx512: 0
  m_CPU_enc_SHA: 154505252.81198472
  m_CPU_enc_AES: 92759389.2895028
  m_CPU_enc_ECDSA: 45095081.834092595
  ME_ALLOC_S: 0
  ME_READ_S: 0
  ME_READ_L: 0
  ME_WRITE: 0
  ME_LARGE: 0
  ME_LATENCY: 0
  ME_THREADED: 0
  SUMM_CPU: 0
  SUMM_ME: 0
SystemInformation:
  OSName: Ubuntu 18.04.6 LTS
  Kernel: 4.9.337-tegra
  Device: quill
  Processor: ARM Cortex-A57 6 Core 2035 MHz
  NumSockets: 2
  Manufacturer: ARM
  NumCores: 6
  NumLogicals: 6
  CPUFrequency: 2035
  Memory: 7850
Checksum: 52536AEFE6A82B3FAD5E292F8CD3AE06BDDB352A