BaselineInfo:
  WebDBID: -1
  TimeStamp: 20240828142135
Version:
  Major: 11
  Minor: 0
  Build: 1002
  SpecialBuildName: ""
  ptArchitecture: aarch64_linux
Results:
  Results Complete: true
  NumTestProcesses: 6
  CPU_INTEGER_MATH: 7122.7673333333332
  CPU_FLOATINGPOINT_MATH: 1912.7246444289322
  CPU_PRIME: 5.0390282031427951
  CPU_SORTING: 2753.1561271423775
  CPU_ENCRYPTION: 194.82977466285917
  CPU_COMPRESSION: 4819.435636809726
  CPU_SINGLETHREAD: 247.4930731512822
  CPU_PHYSICS: 88.494137689339098
  CPU_MATRIX_MULT_SSE: 422.45754545214271
  CPU_mm: 126.5049160408249
  CPU_sse: 299.39145808527832
  CPU_fma: 545.52363281900716
  CPU_avx: 0
  CPU_avx512: 0
  m_CPU_enc_SHA: 284437509.49670416
  m_CPU_enc_AES: 155981571.2773461
  m_CPU_enc_ECDSA: 172462396.61659628
  ME_ALLOC_S: 0
  ME_READ_S: 0
  ME_READ_L: 0
  ME_WRITE: 0
  ME_LARGE: 0
  ME_LATENCY: 0
  ME_THREADED: 0
  SUMM_CPU: 712.86829105951688
  SUMM_ME: 0
SystemInformation:
  OSName: Ubuntu 18.04.6 LTS
  Kernel: 4.9.337-tegra
  Device: quill
  Processor: ARM Cortex-A57 6 Core 2035 MHz
  NumSockets: 2
  Manufacturer: ARM
  NumCores: 6
  NumLogicals: 6
  CPUFrequency: 2035
  Memory: 7850
Checksum: B9826A994B9CD5B921310BF280E8F14504E4BA49