BaselineInfo:
  WebDBID: -1
  TimeStamp: 20240828094446
Version:
  Major: 11
  Minor: 0
  Build: 1002
  SpecialBuildName: ""
  ptArchitecture: aarch64_linux
Results:
  Results Complete: true
  NumTestProcesses: 6
  CPU_INTEGER_MATH: 6106.71
  CPU_FLOATINGPOINT_MATH: 1601.1847565875323
  CPU_PRIME: 3.7289582793576961
  CPU_SORTING: 2218.6205108979252
  CPU_ENCRYPTION: 169.49074539204679
  CPU_COMPRESSION: 4228.1867235803857
  CPU_SINGLETHREAD: 211.45609312091133
  CPU_PHYSICS: 62.068030037954834
  CPU_MATRIX_MULT_SSE: 363.38241461102166
  CPU_mm: 109.20787631145666
  CPU_sse: 256.46176245309579
  CPU_fma: 470.30306676894753
  CPU_avx: 0
  CPU_avx512: 0
  m_CPU_enc_SHA: 245861432.85271242
  m_CPU_enc_AES: 131587356.53945902
  m_CPU_enc_ECDSA: 155722994.12846112
  ME_ALLOC_S: 0
  ME_READ_S: 0
  ME_READ_L: 0
  ME_WRITE: 0
  ME_LARGE: 0
  ME_LATENCY: 0
  ME_THREADED: 0
  SUMM_CPU: 607.50785386440396
  SUMM_ME: 0
SystemInformation:
  OSName: Ubuntu 18.04.6 LTS
  Kernel: 4.9.337-tegra
  Device: quill
  Processor: ARM Cortex-A57 6 Core 2035 MHz
  NumSockets: 2
  Manufacturer: ARM
  NumCores: 6
  NumLogicals: 6
  CPUFrequency: 2035
  Memory: 7850
Checksum: F036DA39AF1D136FE0D118F8C8C1FF430007B9EB