BaselineInfo:
  WebDBID: -1
  TimeStamp: 20240828102356
Version:
  Major: 11
  Minor: 0
  Build: 1002
  SpecialBuildName: ""
  ptArchitecture: aarch64_linux
Results:
  Results Complete: true
  NumTestProcesses: 6
  CPU_INTEGER_MATH: 6042.8573333333334
  CPU_FLOATINGPOINT_MATH: 1502.8198862775139
  CPU_PRIME: 1.9539914194642714
  CPU_SORTING: 1651.0079392886887
  CPU_ENCRYPTION: 159.45037574156657
  CPU_COMPRESSION: 3879.2951906844564
  CPU_SINGLETHREAD: 203.07829953366735
  CPU_PHYSICS: 34.977842193104649
  CPU_MATRIX_MULT_SSE: 360.66688434522234
  CPU_mm: 107.91046138214392
  CPU_sse: 251.94510435532206
  CPU_fma: 469.38866433512277
  CPU_avx: 0
  CPU_avx512: 0
  m_CPU_enc_SHA: 240008091.89257631
  m_CPU_enc_AES: 125106739.4079614
  m_CPU_enc_ECDSA: 136472680.28022894
  ME_ALLOC_S: 0
  ME_READ_S: 0
  ME_READ_L: 0
  ME_WRITE: 0
  ME_LARGE: 0
  ME_LATENCY: 0
  ME_THREADED: 0
  SUMM_CPU: 537.59045214908531
  SUMM_ME: 0
SystemInformation:
  OSName: Ubuntu 18.04.6 LTS
  Kernel: 4.9.337-tegra
  Device: quill
  Processor: ARM Cortex-A57 6 Core 2035 MHz
  NumSockets: 2
  Manufacturer: ARM
  NumCores: 6
  NumLogicals: 6
  CPUFrequency: 2035
  Memory: 7850
Checksum: 73C88AA9393DCC095427D3BB8161BBE12C60C964