BaselineInfo:
  WebDBID: -1
  TimeStamp: 20240827213443
Version:
  Major: 11
  Minor: 0
  Build: 1002
  SpecialBuildName: ""
  ptArchitecture: aarch64_linux
Results:
  Results Complete: true
  NumTestProcesses: 6
  CPU_INTEGER_MATH: 1805.3880000000001
  CPU_FLOATINGPOINT_MATH: 508.17368436175292
  CPU_PRIME: 2.3828887014663582
  CPU_SORTING: 834.33575142180996
  CPU_ENCRYPTION: 59.116448470377762
  CPU_COMPRESSION: 0
  CPU_SINGLETHREAD: 233.38621522146261
  CPU_PHYSICS: 46.001625720548624
  CPU_MATRIX_MULT_SSE: 104.97794790602856
  CPU_mm: 32.897924725512759
  CPU_sse: 78.634307521485709
  CPU_fma: 131.32158829057141
  CPU_avx: 0
  CPU_avx512: 0
  m_CPU_enc_SHA: 87101394.459587783
  m_CPU_enc_AES: 47383946.578325056
  m_CPU_enc_ECDSA: 51478926.17591162
  ME_ALLOC_S: 0
  ME_READ_S: 0
  ME_READ_L: 0
  ME_WRITE: 0
  ME_LARGE: 0
  ME_LATENCY: 0
  ME_THREADED: 0
  SUMM_CPU: 0
  SUMM_ME: 0
SystemInformation:
  OSName: Ubuntu 18.04.6 LTS
  Kernel: 4.9.337-tegra
  Device: quill
  Processor: ARM Cortex-A57 6 Core 2035 MHz
  NumSockets: 2
  Manufacturer: ARM
  NumCores: 6
  NumLogicals: 6
  CPUFrequency: 2035
  Memory: 7850
Checksum: A93E4B2853450E5661C285ED9E3EC55AD3777512