BaselineInfo:
  WebDBID: -1
  TimeStamp: 20240828201510
Version:
  Major: 11
  Minor: 0
  Build: 1002
  SpecialBuildName: ""
  ptArchitecture: aarch64_linux
Results:
  Results Complete: true
  NumTestProcesses: 6
  CPU_INTEGER_MATH: 7614.7026666666661
  CPU_FLOATINGPOINT_MATH: 1134.5263599202865
  CPU_PRIME: 0
  CPU_SORTING: 49.081963659767631
  CPU_ENCRYPTION: 124.97955377705944
  CPU_COMPRESSION: 1484.8125885874481
  CPU_SINGLETHREAD: 346.4085003890321
  CPU_PHYSICS: 4.7193828633794359
  CPU_MATRIX_MULT_SSE: 388.11208557882139
  CPU_mm: 121.16850960114633
  CPU_sse: 278.68837345291701
  CPU_fma: 497.53579770472578
  CPU_avx: 0
  CPU_avx512: 0
  m_CPU_enc_SHA: 159973413.65364888
  m_CPU_enc_AES: 115588279.5728202
  m_CPU_enc_ECDSA: 71345012.858953685
  ME_ALLOC_S: 0
  ME_READ_S: 0
  ME_READ_L: 0
  ME_WRITE: 0
  ME_LARGE: 0
  ME_LATENCY: 0
  ME_THREADED: 0
  SUMM_CPU: 0
  SUMM_ME: 0
SystemInformation:
  OSName: Ubuntu 18.04.6 LTS
  Kernel: 4.9.337-tegra
  Device: quill
  Processor: ARM Cortex-A57 6 Core 2035 MHz
  NumSockets: 2
  Manufacturer: ARM
  NumCores: 6
  NumLogicals: 6
  CPUFrequency: 2035
  Memory: 7850
Checksum: 0B92F6897D784AD358644CD37A3E8E53B9E8780C