BaselineInfo:
  WebDBID: -1
  TimeStamp: 20240827195626
Version:
  Major: 11
  Minor: 0
  Build: 1002
  SpecialBuildName: ""
  ptArchitecture: aarch64_linux
Results:
  Results Complete: true
  NumTestProcesses: 6
  CPU_INTEGER_MATH: 1859.9633333333334
  CPU_FLOATINGPOINT_MATH: 489.86956992902049
  CPU_PRIME: 2.414964769064293
  CPU_SORTING: 799.49044001298978
  CPU_ENCRYPTION: 58.66472020904844
  CPU_COMPRESSION: 0
  CPU_SINGLETHREAD: 236.98477915721065
  CPU_PHYSICS: 45.213252251437268
  CPU_MATRIX_MULT_SSE: 109.26295867670507
  CPU_mm: 33.590504979907536
  CPU_sse: 73.205219150129523
  CPU_fma: 145.32069820328061
  CPU_avx: 0
  CPU_avx512: 0
  m_CPU_enc_SHA: 87156647.914883733
  m_CPU_enc_AES: 47849090.84637925
  m_CPU_enc_ECDSA: 49537514.212506562
  ME_ALLOC_S: 0
  ME_READ_S: 0
  ME_READ_L: 0
  ME_WRITE: 0
  ME_LARGE: 0
  ME_LATENCY: 0
  ME_THREADED: 0
  SUMM_CPU: 0
  SUMM_ME: 0
SystemInformation:
  OSName: Ubuntu 18.04.6 LTS
  Kernel: 4.9.337-tegra
  Device: quill
  Processor: ARM Cortex-A57 6 Core 2035 MHz
  NumSockets: 2
  Manufacturer: ARM
  NumCores: 6
  NumLogicals: 6
  CPUFrequency: 2035
  Memory: 7850
Checksum: 6EA035E1FA14333D2D1687BE9AAFA5F696AE2866