BaselineInfo:
  WebDBID: -1
  TimeStamp: 20240827193357
Version:
  Major: 11
  Minor: 0
  Build: 1002
  SpecialBuildName: ""
  ptArchitecture: aarch64_linux
Results:
  Results Complete: true
  NumTestProcesses: 6
  CPU_INTEGER_MATH: 1773.5326666666667
  CPU_FLOATINGPOINT_MATH: 482.78394797703942
  CPU_PRIME: 2.133797732808334
  CPU_SORTING: 825.14272392600083
  CPU_ENCRYPTION: 54.974063294078718
  CPU_COMPRESSION: 0
  CPU_SINGLETHREAD: 231.8806456209995
  CPU_PHYSICS: 40.861972976736972
  CPU_MATRIX_MULT_SSE: 107.39375328267818
  CPU_mm: 33.552128706226988
  CPU_sse: 72.299910495826495
  CPU_fma: 142.48759606952984
  CPU_avx: 0
  CPU_avx512: 0
  m_CPU_enc_SHA: 77071125.670406103
  m_CPU_enc_AES: 46542006.314999871
  m_CPU_enc_ECDSA: 49320318.192549706
  ME_ALLOC_S: 0
  ME_READ_S: 0
  ME_READ_L: 0
  ME_WRITE: 0
  ME_LARGE: 0
  ME_LATENCY: 0
  ME_THREADED: 0
  SUMM_CPU: 0
  SUMM_ME: 0
SystemInformation:
  OSName: Ubuntu 18.04.6 LTS
  Kernel: 4.9.337-tegra
  Device: quill
  Processor: ARM Cortex-A57 6 Core 2035 MHz
  NumSockets: 2
  Manufacturer: ARM
  NumCores: 6
  NumLogicals: 6
  CPUFrequency: 2035
  Memory: 7850
Checksum: E06475CAA8C6EA6ED4FDD723F42F894549161B21