BaselineInfo:
  WebDBID: -1
  TimeStamp: 20240827222027
Version:
  Major: 11
  Minor: 0
  Build: 1002
  SpecialBuildName: ""
  ptArchitecture: aarch64_linux
Results:
  Results Complete: true
  NumTestProcesses: 6
  CPU_INTEGER_MATH: 1734.2460000000001
  CPU_FLOATINGPOINT_MATH: 432.34534292771843
  CPU_PRIME: 0.52000523853037461
  CPU_SORTING: 445.34138585753135
  CPU_ENCRYPTION: 53.795233472108393
  CPU_COMPRESSION: 0
  CPU_SINGLETHREAD: 171.34853919329737
  CPU_PHYSICS: 8.4742412498635442
  CPU_MATRIX_MULT_SSE: 97.260288151902841
  CPU_mm: 31.9370477030578
  CPU_sse: 75.258382385735047
  CPU_fma: 119.26219391807065
  CPU_avx: 0
  CPU_avx512: 0
  m_CPU_enc_SHA: 76343106.997709572
  m_CPU_enc_AES: 44730805.076704487
  m_CPU_enc_ECDSA: 48151260.125334516
  ME_ALLOC_S: 0
  ME_READ_S: 0
  ME_READ_L: 0
  ME_WRITE: 0
  ME_LARGE: 0
  ME_LATENCY: 0
  ME_THREADED: 0
  SUMM_CPU: 0
  SUMM_ME: 0
SystemInformation:
  OSName: Ubuntu 18.04.6 LTS
  Kernel: 4.9.337-tegra
  Device: quill
  Processor: ARM Cortex-A57 6 Core 2035 MHz
  NumSockets: 2
  Manufacturer: ARM
  NumCores: 6
  NumLogicals: 6
  CPUFrequency: 2035
  Memory: 7850
Checksum: 9617EE1E0B8FB4833A15B77B0F1ACE2090E9C0BC