BaselineInfo:
  WebDBID: -1
  TimeStamp: 20240828040520
Version:
  Major: 11
  Minor: 0
  Build: 1002
  SpecialBuildName: ""
  ptArchitecture: aarch64_linux
Results:
  Results Complete: true
  NumTestProcesses: 6
  CPU_INTEGER_MATH: 4134.0460000000003
  CPU_FLOATINGPOINT_MATH: 1120.717739540054
  CPU_PRIME: 4.6380518559402821
  CPU_SORTING: 1816.5259263389378
  CPU_ENCRYPTION: 115.19994927521607
  CPU_COMPRESSION: 2897.1649177178729
  CPU_SINGLETHREAD: 147.14881668433233
  CPU_PHYSICS: 76.955590052362794
  CPU_MATRIX_MULT_SSE: 247.05551826980007
  CPU_mm: 74.031738673667448
  CPU_sse: 173.88889229377276
  CPU_fma: 320.22214424582734
  CPU_avx: 0
  CPU_avx512: 0
  m_CPU_enc_SHA: 172683457.38095468
  m_CPU_enc_AES: 93273481.791371793
  m_CPU_enc_ECDSA: 96430766.861300424
  ME_ALLOC_S: 0
  ME_READ_S: 0
  ME_READ_L: 0
  ME_WRITE: 0
  ME_LARGE: 0
  ME_LATENCY: 0
  ME_THREADED: 0
  SUMM_CPU: 433.38061059664187
  SUMM_ME: 0
SystemInformation:
  OSName: Ubuntu 18.04.6 LTS
  Kernel: 4.9.337-tegra
  Device: quill
  Processor: ARM Cortex-A57 6 Core 2035 MHz
  NumSockets: 2
  Manufacturer: ARM
  NumCores: 6
  NumLogicals: 6
  CPUFrequency: 2035
  Memory: 7850
Checksum: 3DF6E98F1ABEE346FABC4BA09E176674E17B1258