BaselineInfo:
  WebDBID: -1
  TimeStamp: 20240828044857
Version:
  Major: 11
  Minor: 0
  Build: 1002
  SpecialBuildName: ""
  ptArchitecture: aarch64_linux
Results:
  Results Complete: true
  NumTestProcesses: 6
  CPU_INTEGER_MATH: 4118.2839999999997
  CPU_FLOATINGPOINT_MATH: 1060.9691220104517
  CPU_PRIME: 3.1301098209136082
  CPU_SORTING: 1640.1198904644775
  CPU_ENCRYPTION: 115.29671427994842
  CPU_COMPRESSION: 2734.5378950622198
  CPU_SINGLETHREAD: 146.49036159672602
  CPU_PHYSICS: 54.211641165681513
  CPU_MATRIX_MULT_SSE: 245.6612690423637
  CPU_mm: 73.90751840019648
  CPU_sse: 171.3142355133561
  CPU_fma: 320.00830257137119
  CPU_avx: 0
  CPU_avx512: 0
  m_CPU_enc_SHA: 177548143.43483269
  m_CPU_enc_AES: 90394396.860105187
  m_CPU_enc_ECDSA: 94749562.123495668
  ME_ALLOC_S: 0
  ME_READ_S: 0
  ME_READ_L: 0
  ME_WRITE: 0
  ME_LARGE: 0
  ME_LATENCY: 0
  ME_THREADED: 0
  SUMM_CPU: 413.88316286833572
  SUMM_ME: 0
SystemInformation:
  OSName: Ubuntu 18.04.6 LTS
  Kernel: 4.9.337-tegra
  Device: quill
  Processor: ARM Cortex-A57 6 Core 2035 MHz
  NumSockets: 2
  Manufacturer: ARM
  NumCores: 6
  NumLogicals: 6
  CPUFrequency: 2035
  Memory: 7850
Checksum: DD021B16845174199241479BFF00E354E4B94FA8