BaselineInfo:
  WebDBID: -1
  TimeStamp: 20240828203254
Version:
  Major: 11
  Minor: 0
  Build: 1002
  SpecialBuildName: ""
  ptArchitecture: aarch64_linux
Results:
  Results Complete: true
  NumTestProcesses: 6
  CPU_INTEGER_MATH: 8845.2273333333324
  CPU_FLOATINGPOINT_MATH: 1877.1868455016986
  CPU_PRIME: 0.9503374359138782
  CPU_SORTING: 899.08760421291436
  CPU_ENCRYPTION: 216.9722084669412
  CPU_COMPRESSION: 4782.6716798014404
  CPU_SINGLETHREAD: 262.00305513295285
  CPU_PHYSICS: 17.442856620767621
  CPU_MATRIX_MULT_SSE: 524.81666940380683
  CPU_mm: 159.6242487984355
  CPU_sse: 373.45050501496786
  CPU_fma: 676.18283379264562
  CPU_avx: 0
  CPU_avx512: 0
  m_CPU_enc_SHA: 318670755.08010697
  m_CPU_enc_AES: 183527119.33039704
  m_CPU_enc_ECDSA: 180337676.98579004
  ME_ALLOC_S: 0
  ME_READ_S: 0
  ME_READ_L: 0
  ME_WRITE: 0
  ME_LARGE: 0
  ME_LATENCY: 0
  ME_THREADED: 0
  SUMM_CPU: 553.00230794772722
  SUMM_ME: 0
SystemInformation:
  OSName: Ubuntu 18.04.6 LTS
  Kernel: 4.9.337-tegra
  Device: quill
  Processor: ARM Cortex-A57 6 Core 2035 MHz
  NumSockets: 2
  Manufacturer: ARM
  NumCores: 6
  NumLogicals: 6
  CPUFrequency: 2035
  Memory: 7850
Checksum: CD4869717C38EDA34B56BA42EBFD9B1FA0AB106F