BaselineInfo:
  WebDBID: -1
  TimeStamp: 20240828112441
Version:
  Major: 11
  Minor: 0
  Build: 1002
  SpecialBuildName: ""
  ptArchitecture: aarch64_linux
Results:
  Results Complete: true
  NumTestProcesses: 6
  CPU_INTEGER_MATH: 6144.2453333333333
  CPU_FLOATINGPOINT_MATH: 1675.5067846645682
  CPU_PRIME: 6.4145327655028437
  CPU_SORTING: 2641.3902566404113
  CPU_ENCRYPTION: 171.52835662461553
  CPU_COMPRESSION: 4338.0289763606424
  CPU_SINGLETHREAD: 219.46866372813619
  CPU_PHYSICS: 111.43459375707018
  CPU_MATRIX_MULT_SSE: 366.32119023811049
  CPU_mm: 109.81198443126924
  CPU_sse: 256.69576985886169
  CPU_fma: 475.94661061735928
  CPU_avx: 0
  CPU_avx512: 0
  m_CPU_enc_SHA: 254155048.94720864
  m_CPU_enc_AES: 132545483.90660648
  m_CPU_enc_ECDSA: 152881021.37422341
  ME_ALLOC_S: 0
  ME_READ_S: 0
  ME_READ_L: 0
  ME_WRITE: 0
  ME_LARGE: 0
  ME_LATENCY: 0
  ME_THREADED: 0
  SUMM_CPU: 644.07555514262719
  SUMM_ME: 0
SystemInformation:
  OSName: Ubuntu 18.04.6 LTS
  Kernel: 4.9.337-tegra
  Device: quill
  Processor: ARM Cortex-A57 6 Core 2035 MHz
  NumSockets: 2
  Manufacturer: ARM
  NumCores: 6
  NumLogicals: 6
  CPUFrequency: 2035
  Memory: 7850
Checksum: 826E6750E41340BCD178A0CF1D4F72BA2C7020CE