BaselineInfo:
  WebDBID: -1
  TimeStamp: 20240828181024
Version:
  Major: 11
  Minor: 0
  Build: 1002
  SpecialBuildName: ""
  ptArchitecture: aarch64_linux
Results:
  Results Complete: true
  NumTestProcesses: 6
  CPU_INTEGER_MATH: 9087.5266666666666
  CPU_FLOATINGPOINT_MATH: 2459.7213136648934
  CPU_PRIME: 7.6563601271710962
  CPU_SORTING: 3637.7993634742734
  CPU_ENCRYPTION: 250.04283313730207
  CPU_COMPRESSION: 6453.3608314514695
  CPU_SINGLETHREAD: 320.39908531582347
  CPU_PHYSICS: 123.97953559514315
  CPU_MATRIX_MULT_SSE: 540.62508702426965
  CPU_mm: 162.17010933264152
  CPU_sse: 378.7823753268608
  CPU_fma: 702.46779872167849
  CPU_avx: 0
  CPU_avx512: 0
  m_CPU_enc_SHA: 372736022.37620306
  m_CPU_enc_AES: 203017679.44261304
  m_CPU_enc_ECDSA: 210813039.58052281
  ME_ALLOC_S: 0
  ME_READ_S: 0
  ME_READ_L: 0
  ME_WRITE: 0
  ME_LARGE: 0
  ME_LATENCY: 0
  ME_THREADED: 0
  SUMM_CPU: 934.02887912718006
  SUMM_ME: 0
SystemInformation:
  OSName: Ubuntu 18.04.6 LTS
  Kernel: 4.9.337-tegra
  Device: quill
  Processor: ARM Cortex-A57 6 Core 2035 MHz
  NumSockets: 2
  Manufacturer: ARM
  NumCores: 6
  NumLogicals: 6
  CPUFrequency: 2035
  Memory: 7850
Checksum: DBFBE81BFB738FFFFD88CE016DC7D9F3990B4FDB