BaselineInfo:
  WebDBID: -1
  TimeStamp: 20240828012633
Version:
  Major: 11
  Minor: 0
  Build: 1002
  SpecialBuildName: ""
  ptArchitecture: aarch64_linux
Results:
  Results Complete: true
  NumTestProcesses: 6
  CPU_INTEGER_MATH: 3107.4806666666664
  CPU_FLOATINGPOINT_MATH: 773.72264275560929
  CPU_PRIME: 1.6272398572870808
  CPU_SORTING: 1142.5584414072791
  CPU_ENCRYPTION: 81.48528559615805
  CPU_COMPRESSION: 1995.5382793720587
  CPU_SINGLETHREAD: 108.25214198794872
  CPU_PHYSICS: 29.556333191938574
  CPU_MATRIX_MULT_SSE: 185.83483379212439
  CPU_mm: 55.373661033068494
  CPU_sse: 130.65680254631687
  CPU_fma: 241.01286503793193
  CPU_avx: 0
  CPU_avx512: 0
  m_CPU_enc_SHA: 117014675.92181328
  m_CPU_enc_AES: 65157314.258729599
  m_CPU_enc_ECDSA: 74158554.307288155
  ME_ALLOC_S: 0
  ME_READ_S: 0
  ME_READ_L: 0
  ME_WRITE: 0
  ME_LARGE: 0
  ME_LATENCY: 0
  ME_THREADED: 0
  SUMM_CPU: 294.45132927152247
  SUMM_ME: 0
SystemInformation:
  OSName: Ubuntu 18.04.6 LTS
  Kernel: 4.9.337-tegra
  Device: quill
  Processor: ARM Cortex-A57 6 Core 2035 MHz
  NumSockets: 2
  Manufacturer: ARM
  NumCores: 6
  NumLogicals: 6
  CPUFrequency: 2035
  Memory: 7850
Checksum: 45967816B4A1995FECE16FD99A09AF4246DCB7E3