BaselineInfo:
  WebDBID: -1
  TimeStamp: 20240827212612
Version:
  Major: 11
  Minor: 0
  Build: 1002
  SpecialBuildName: ""
  ptArchitecture: aarch64_linux
Results:
  Results Complete: true
  NumTestProcesses: 6
  CPU_INTEGER_MATH: 1852.3426666666667
  CPU_FLOATINGPOINT_MATH: 449.91586282641236
  CPU_PRIME: 1.2524505004237374
  CPU_SORTING: 771.47310930902017
  CPU_ENCRYPTION: 57.401800147752311
  CPU_COMPRESSION: 0
  CPU_SINGLETHREAD: 240.927702957278
  CPU_PHYSICS: 21.893790295944516
  CPU_MATRIX_MULT_SSE: 109.13286896434568
  CPU_mm: 31.954238384132594
  CPU_sse: 77.016881282529909
  CPU_fma: 141.24885664616144
  CPU_avx: 0
  CPU_avx512: 0
  m_CPU_enc_SHA: 82238255.577392638
  m_CPU_enc_AES: 44816636.750103407
  m_CPU_enc_ECDSA: 53515557.647692531
  ME_ALLOC_S: 0
  ME_READ_S: 0
  ME_READ_L: 0
  ME_WRITE: 0
  ME_LARGE: 0
  ME_LATENCY: 0
  ME_THREADED: 0
  SUMM_CPU: 0
  SUMM_ME: 0
SystemInformation:
  OSName: Ubuntu 18.04.6 LTS
  Kernel: 4.9.337-tegra
  Device: quill
  Processor: ARM Cortex-A57 6 Core 2035 MHz
  NumSockets: 2
  Manufacturer: ARM
  NumCores: 6
  NumLogicals: 6
  CPUFrequency: 2035
  Memory: 7850
Checksum: B8A214EE2FAED761A189B832DEEE1ABE55ABF8F8