BaselineInfo:
  WebDBID: -1
  TimeStamp: 20240828173703
Version:
  Major: 11
  Minor: 0
  Build: 1002
  SpecialBuildName: ""
  ptArchitecture: aarch64_linux
Results:
  Results Complete: true
  NumTestProcesses: 6
  CPU_INTEGER_MATH: 7643.0553333333319
  CPU_FLOATINGPOINT_MATH: 1612.6248185061622
  CPU_PRIME: 0.96264543224393129
  CPU_SORTING: 884.02815223026732
  CPU_ENCRYPTION: 192.69427398752003
  CPU_COMPRESSION: 4084.8591306849175
  CPU_SINGLETHREAD: 226.48140151578949
  CPU_PHYSICS: 16.945412215504149
  CPU_MATRIX_MULT_SSE: 457.11452348124863
  CPU_mm: 137.7389449688315
  CPU_sse: 321.54404679173041
  CPU_fma: 592.6850001707669
  CPU_avx: 0
  CPU_avx512: 0
  m_CPU_enc_SHA: 280885517.49051625
  m_CPU_enc_AES: 158556493.19037884
  m_CPU_enc_ECDSA: 166721762.44131833
  ME_ALLOC_S: 0
  ME_READ_S: 0
  ME_READ_L: 0
  ME_WRITE: 0
  ME_LARGE: 0
  ME_LATENCY: 0
  ME_THREADED: 0
  SUMM_CPU: 502.19855617503458
  SUMM_ME: 0
SystemInformation:
  OSName: Ubuntu 18.04.6 LTS
  Kernel: 4.9.337-tegra
  Device: quill
  Processor: ARM Cortex-A57 6 Core 2035 MHz
  NumSockets: 2
  Manufacturer: ARM
  NumCores: 6
  NumLogicals: 6
  CPUFrequency: 2035
  Memory: 7850
Checksum: 9ECCEE0E7084256E3C3482060F155C6A8A2B30B0