BaselineInfo:
  WebDBID: -1
  TimeStamp: 20240828002249
Version:
  Major: 11
  Minor: 0
  Build: 1002
  SpecialBuildName: ""
  ptArchitecture: aarch64_linux
Results:
  Results Complete: true
  NumTestProcesses: 6
  CPU_INTEGER_MATH: 3142.9333333333334
  CPU_FLOATINGPOINT_MATH: 849.71675209187606
  CPU_PRIME: 3.966753046329111
  CPU_SORTING: 1306.8785119978759
  CPU_ENCRYPTION: 87.053625591585075
  CPU_COMPRESSION: 2159.7857185809362
  CPU_SINGLETHREAD: 112.76278021773071
  CPU_PHYSICS: 69.574663357417961
  CPU_MATRIX_MULT_SSE: 188.24106792698868
  CPU_mm: 55.949824292942907
  CPU_sse: 131.22663158300233
  CPU_fma: 245.25550427097502
  CPU_avx: 0
  CPU_avx512: 0
  m_CPU_enc_SHA: 128777933.31710699
  m_CPU_enc_AES: 70407592.27795054
  m_CPU_enc_ECDSA: 74661501.929908171
  ME_ALLOC_S: 0
  ME_READ_S: 0
  ME_READ_L: 0
  ME_WRITE: 0
  ME_LARGE: 0
  ME_LATENCY: 0
  ME_THREADED: 0
  SUMM_CPU: 328.28652742375527
  SUMM_ME: 0
SystemInformation:
  OSName: Ubuntu 18.04.6 LTS
  Kernel: 4.9.337-tegra
  Device: quill
  Processor: ARM Cortex-A57 6 Core 2035 MHz
  NumSockets: 2
  Manufacturer: ARM
  NumCores: 6
  NumLogicals: 6
  CPUFrequency: 2035
  Memory: 7850
Checksum: 022DE24F427F3541F23DB0046AA3B19DB91B5314