BaselineInfo:
  WebDBID: -1
  TimeStamp: 20240828001113
Version:
  Major: 11
  Minor: 0
  Build: 1002
  SpecialBuildName: ""
  ptArchitecture: aarch64_linux
Results:
  Results Complete: true
  NumTestProcesses: 6
  CPU_INTEGER_MATH: 2518.4646666666663
  CPU_FLOATINGPOINT_MATH: 474.60999183414782
  CPU_PRIME: 0.51666564219119115
  CPU_SORTING: 455.45925549187649
  CPU_ENCRYPTION: 73.295135672412613
  CPU_COMPRESSION: 1606.5351571860135
  CPU_SINGLETHREAD: 96.660129205678885
  CPU_PHYSICS: 9.8991968569175093
  CPU_MATRIX_MULT_SSE: 176.55136318319887
  CPU_mm: 54.154227391411411
  CPU_sse: 125.55252479011001
  CPU_fma: 227.55020157628772
  CPU_avx: 0
  CPU_avx512: 0
  m_CPU_enc_SHA: 107371826.7688961
  m_CPU_enc_AES: 60588653.839839943
  m_CPU_enc_ECDSA: 62606079.939771123
  ME_ALLOC_S: 0
  ME_READ_S: 0
  ME_READ_L: 0
  ME_WRITE: 0
  ME_LARGE: 0
  ME_LATENCY: 0
  ME_THREADED: 0
  SUMM_CPU: 208.65863890343653
  SUMM_ME: 0
SystemInformation:
  OSName: Ubuntu 18.04.6 LTS
  Kernel: 4.9.337-tegra
  Device: quill
  Processor: ARM Cortex-A57 6 Core 2035 MHz
  NumSockets: 2
  Manufacturer: ARM
  NumCores: 6
  NumLogicals: 6
  CPUFrequency: 2035
  Memory: 7850
Checksum: 8DC57858BB8C5ED1BC23A3B6273FBBF5EDEDF75D