BaselineInfo:
  WebDBID: -1
  TimeStamp: 20240828192320
Version:
  Major: 11
  Minor: 0
  Build: 1002
  SpecialBuildName: ""
  ptArchitecture: aarch64_linux
Results:
  Results Complete: true
  NumTestProcesses: 6
  CPU_INTEGER_MATH: 9080.0479999999989
  CPU_FLOATINGPOINT_MATH: 2439.6079626129967
  CPU_PRIME: 7.0092317361283802
  CPU_SORTING: 3620.3297005278155
  CPU_ENCRYPTION: 250.55005073892212
  CPU_COMPRESSION: 6542.3649927239858
  CPU_SINGLETHREAD: 315.50897323211075
  CPU_PHYSICS: 112.64300662552429
  CPU_MATRIX_MULT_SSE: 540.79440036604694
  CPU_mm: 162.43282273123867
  CPU_sse: 379.48285531865349
  CPU_fma: 702.10594541344051
  CPU_avx: 0
  CPU_avx512: 0
  m_CPU_enc_SHA: 375894530.1665858
  m_CPU_enc_AES: 199662437.50186029
  m_CPU_enc_ECDSA: 212605342.34240201
  ME_ALLOC_S: 0
  ME_READ_S: 0
  ME_READ_L: 0
  ME_WRITE: 0
  ME_LARGE: 0
  ME_LATENCY: 0
  ME_THREADED: 0
  SUMM_CPU: 931.5569822048268
  SUMM_ME: 0
SystemInformation:
  OSName: Ubuntu 18.04.6 LTS
  Kernel: 4.9.337-tegra
  Device: quill
  Processor: ARM Cortex-A57 6 Core 2035 MHz
  NumSockets: 2
  Manufacturer: ARM
  NumCores: 6
  NumLogicals: 6
  CPUFrequency: 2035
  Memory: 7850
Checksum: A702A8D541E11EE61B12106735B0F2A56C7ED37F