BaselineInfo:
  WebDBID: -1
  TimeStamp: 20240828131349
Version:
  Major: 11
  Minor: 0
  Build: 1002
  SpecialBuildName: ""
  ptArchitecture: aarch64_linux
Results:
  Results Complete: true
  NumTestProcesses: 6
  CPU_INTEGER_MATH: 6590.2200000000003
  CPU_FLOATINGPOINT_MATH: 1275.7483890056628
  CPU_PRIME: 0.5898329052805672
  CPU_SORTING: 521.13767590700968
  CPU_ENCRYPTION: 152.19513832206778
  CPU_COMPRESSION: 3377.237573558099
  CPU_SINGLETHREAD: 192.11976679348126
  CPU_PHYSICS: 10.565952596210018
  CPU_MATRIX_MULT_SSE: 394.69775772471741
  CPU_mm: 119.96299482210682
  CPU_sse: 280.17258462024603
  CPU_fma: 509.2229308291889
  CPU_avx: 0
  CPU_avx512: 0
  m_CPU_enc_SHA: 226254572.76298547
  m_CPU_enc_AES: 130789261.31493288
  m_CPU_enc_ECDSA: 121720674.0056833
  ME_ALLOC_S: 0
  ME_READ_S: 0
  ME_READ_L: 0
  ME_WRITE: 0
  ME_LARGE: 0
  ME_LATENCY: 0
  ME_THREADED: 0
  SUMM_CPU: 369.42990817198682
  SUMM_ME: 0
SystemInformation:
  OSName: Ubuntu 18.04.6 LTS
  Kernel: 4.9.337-tegra
  Device: quill
  Processor: ARM Cortex-A57 6 Core 2035 MHz
  NumSockets: 2
  Manufacturer: ARM
  NumCores: 6
  NumLogicals: 6
  CPUFrequency: 2035
  Memory: 7850
Checksum: 79B1899F058932B5A011CD92A2DC769F937EA7A6