BaselineInfo:
  WebDBID: -1
  TimeStamp: 20240828050438
Version:
  Major: 11
  Minor: 0
  Build: 1002
  SpecialBuildName: ""
  ptArchitecture: aarch64_linux
Results:
  Results Complete: true
  NumTestProcesses: 6
  CPU_INTEGER_MATH: 4124.2006666666675
  CPU_FLOATINGPOINT_MATH: 1085.702691388927
  CPU_PRIME: 3.1426632430944879
  CPU_SORTING: 1595.5105595439136
  CPU_ENCRYPTION: 116.95790332329094
  CPU_COMPRESSION: 2769.5329658849096
  CPU_SINGLETHREAD: 144.8501038454603
  CPU_PHYSICS: 52.306373982668973
  CPU_MATRIX_MULT_SSE: 245.84441009004706
  CPU_mm: 73.51116489917483
  CPU_sse: 173.75348288381383
  CPU_fma: 317.93533729628024
  CPU_avx: 0
  CPU_avx512: 0
  m_CPU_enc_SHA: 162109015.49102581
  m_CPU_enc_AES: 91545891.700462982
  m_CPU_enc_ECDSA: 114262844.11388063
  ME_ALLOC_S: 0
  ME_READ_S: 0
  ME_READ_L: 0
  ME_WRITE: 0
  ME_LARGE: 0
  ME_LATENCY: 0
  ME_THREADED: 0
  SUMM_CPU: 416.96896008739867
  SUMM_ME: 0
SystemInformation:
  OSName: Ubuntu 18.04.6 LTS
  Kernel: 4.9.337-tegra
  Device: quill
  Processor: ARM Cortex-A57 6 Core 2035 MHz
  NumSockets: 2
  Manufacturer: ARM
  NumCores: 6
  NumLogicals: 6
  CPUFrequency: 2035
  Memory: 7850
Checksum: 4EBC5C76F601298E8F9A55BB4AEF7C3D933F480D