BaselineInfo:
  WebDBID: -1
  TimeStamp: 20240828020347
Version:
  Major: 11
  Minor: 0
  Build: 1002
  SpecialBuildName: ""
  ptArchitecture: aarch64_linux
Results:
  Results Complete: true
  NumTestProcesses: 6
  CPU_INTEGER_MATH: 3126.2246666666665
  CPU_FLOATINGPOINT_MATH: 828.9757387700779
  CPU_PRIME: 2.7753370950827727
  CPU_SORTING: 1274.1998074834332
  CPU_ENCRYPTION: 85.09845145740627
  CPU_COMPRESSION: 2070.591357263128
  CPU_SINGLETHREAD: 112.63060963395176
  CPU_PHYSICS: 45.014472573020427
  CPU_MATRIX_MULT_SSE: 186.05520507779465
  CPU_mm: 56.063331848397958
  CPU_sse: 130.29072710258848
  CPU_fma: 241.81968305300086
  CPU_avx: 0
  CPU_avx512: 0
  m_CPU_enc_SHA: 120946750.92571893
  m_CPU_enc_AES: 68906470.351501733
  m_CPU_enc_ECDSA: 77843360.228983045
  ME_ALLOC_S: 0
  ME_READ_S: 0
  ME_READ_L: 0
  ME_WRITE: 0
  ME_LARGE: 0
  ME_LATENCY: 0
  ME_THREADED: 0
  SUMM_CPU: 314.84459918994975
  SUMM_ME: 0
SystemInformation:
  OSName: Ubuntu 18.04.6 LTS
  Kernel: 4.9.337-tegra
  Device: quill
  Processor: ARM Cortex-A57 6 Core 2035 MHz
  NumSockets: 2
  Manufacturer: ARM
  NumCores: 6
  NumLogicals: 6
  CPUFrequency: 2035
  Memory: 7850
Checksum: 1B88E968561B4AD8332F713B837FE529A9F4FF12