BaselineInfo:
  WebDBID: -1
  TimeStamp: 20240828161454
Version:
  Major: 11
  Minor: 0
  Build: 1002
  SpecialBuildName: ""
  ptArchitecture: aarch64_linux
Results:
  Results Complete: true
  NumTestProcesses: 6
  CPU_INTEGER_MATH: 7916.2160000000003
  CPU_FLOATINGPOINT_MATH: 2137.7852294502682
  CPU_PRIME: 5.7112046903805895
  CPU_SORTING: 3092.4849543630626
  CPU_ENCRYPTION: 220.21274515494483
  CPU_COMPRESSION: 5440.7143108529781
  CPU_SINGLETHREAD: 275.08593343979527
  CPU_PHYSICS: 96.34858710676788
  CPU_MATRIX_MULT_SSE: 472.2375693570487
  CPU_mm: 140.8903479118726
  CPU_sse: 334.86885734840183
  CPU_fma: 609.60628136569562
  CPU_avx: 0
  CPU_avx512: 0
  m_CPU_enc_SHA: 320757535.09708995
  m_CPU_enc_AES: 176781483.73564517
  m_CPU_enc_ECDSA: 195190379.55803907
  ME_ALLOC_S: 0
  ME_READ_S: 0
  ME_READ_L: 0
  ME_WRITE: 0
  ME_LARGE: 0
  ME_LATENCY: 0
  ME_THREADED: 0
  SUMM_CPU: 801.05925601084959
  SUMM_ME: 0
SystemInformation:
  OSName: Ubuntu 18.04.6 LTS
  Kernel: 4.9.337-tegra
  Device: quill
  Processor: ARM Cortex-A57 6 Core 2035 MHz
  NumSockets: 2
  Manufacturer: ARM
  NumCores: 6
  NumLogicals: 6
  CPUFrequency: 2035
  Memory: 7850
Checksum: FA45AC185986B8B30F227AB7DAE362C9CF3E0765