BaselineInfo:
  WebDBID: -1
  TimeStamp: 20240828101432
Version:
  Major: 11
  Minor: 0
  Build: 1002
  SpecialBuildName: ""
  ptArchitecture: aarch64_linux
Results:
  Results Complete: true
  NumTestProcesses: 6
  CPU_INTEGER_MATH: 6135.9146666666666
  CPU_FLOATINGPOINT_MATH: 1666.7171541055277
  CPU_PRIME: 5.6985845550947278
  CPU_SORTING: 2505.6674889751839
  CPU_ENCRYPTION: 167.54301109301053
  CPU_COMPRESSION: 4354.7613587985443
  CPU_SINGLETHREAD: 216.30835801435785
  CPU_PHYSICS: 96.067770014622639
  CPU_MATRIX_MULT_SSE: 366.114237375784
  CPU_mm: 109.93589620013017
  CPU_sse: 256.66990321590151
  CPU_fma: 475.55857153566654
  CPU_avx: 0
  CPU_avx512: 0
  m_CPU_enc_SHA: 250381386.34660488
  m_CPU_enc_AES: 129391358.05001077
  m_CPU_enc_ECDSA: 147271996.80297819
  ME_ALLOC_S: 0
  ME_READ_S: 0
  ME_READ_L: 0
  ME_WRITE: 0
  ME_LARGE: 0
  ME_LATENCY: 0
  ME_THREADED: 0
  SUMM_CPU: 634.1601545398164
  SUMM_ME: 0
SystemInformation:
  OSName: Ubuntu 18.04.6 LTS
  Kernel: 4.9.337-tegra
  Device: quill
  Processor: ARM Cortex-A57 6 Core 2035 MHz
  NumSockets: 2
  Manufacturer: ARM
  NumCores: 6
  NumLogicals: 6
  CPUFrequency: 2035
  Memory: 7850
Checksum: A2CFD5B1746290FEDED450A6CA81AC2FB7DA72D3