BaselineInfo:
  WebDBID: -1
  TimeStamp: 20240828112244
Version:
  Major: 11
  Minor: 0
  Build: 1002
  SpecialBuildName: ""
  ptArchitecture: aarch64_linux
Results:
  Results Complete: true
  NumTestProcesses: 6
  CPU_INTEGER_MATH: 6143.724666666667
  CPU_FLOATINGPOINT_MATH: 1653.7023199427731
  CPU_PRIME: 6.2768705559387419
  CPU_SORTING: 2590.1980098572258
  CPU_ENCRYPTION: 167.10165275551509
  CPU_COMPRESSION: 4285.1134759668048
  CPU_SINGLETHREAD: 217.22348217514363
  CPU_PHYSICS: 105.73426472797131
  CPU_MATRIX_MULT_SSE: 366.43057870545863
  CPU_mm: 109.65559972213438
  CPU_sse: 257.73293621616494
  CPU_fma: 475.12822119475231
  CPU_avx: 0
  CPU_avx512: 0
  m_CPU_enc_SHA: 242858513.62476453
  m_CPU_enc_AES: 136855908.66291165
  m_CPU_enc_ECDSA: 145941925.6316247
  ME_ALLOC_S: 0
  ME_READ_S: 0
  ME_READ_L: 0
  ME_WRITE: 0
  ME_LARGE: 0
  ME_LATENCY: 0
  ME_THREADED: 0
  SUMM_CPU: 634.36451718984222
  SUMM_ME: 0
SystemInformation:
  OSName: Ubuntu 18.04.6 LTS
  Kernel: 4.9.337-tegra
  Device: quill
  Processor: ARM Cortex-A57 6 Core 2035 MHz
  NumSockets: 2
  Manufacturer: ARM
  NumCores: 6
  NumLogicals: 6
  CPUFrequency: 2035
  Memory: 7850
Checksum: 865AA1C272631DBC47C258DF11E9A15CCD22AA41