BaselineInfo:
  WebDBID: -1
  TimeStamp: 20240828094944
Version:
  Major: 11
  Minor: 0
  Build: 1002
  SpecialBuildName: ""
  ptArchitecture: aarch64_linux
Results:
  Results Complete: true
  NumTestProcesses: 6
  CPU_INTEGER_MATH: 6145.1920000000009
  CPU_FLOATINGPOINT_MATH: 1670.9432056257556
  CPU_PRIME: 6.2637769608795226
  CPU_SORTING: 2538.461944270301
  CPU_ENCRYPTION: 173.19785212383954
  CPU_COMPRESSION: 4347.9483388484878
  CPU_SINGLETHREAD: 217.34249031056746
  CPU_PHYSICS: 107.64496177174613
  CPU_MATRIX_MULT_SSE: 366.06308165290068
  CPU_mm: 109.77295225523548
  CPU_sse: 256.94095580132324
  CPU_fma: 475.18520750447811
  CPU_avx: 0
  CPU_avx512: 0
  m_CPU_enc_SHA: 248081656.19726062
  m_CPU_enc_AES: 136896388.25197124
  m_CPU_enc_ECDSA: 159855288.51658958
  ME_ALLOC_S: 0
  ME_READ_S: 0
  ME_READ_L: 0
  ME_WRITE: 0
  ME_LARGE: 0
  ME_LATENCY: 0
  ME_THREADED: 0
  SUMM_CPU: 643.85646219697742
  SUMM_ME: 0
SystemInformation:
  OSName: Ubuntu 18.04.6 LTS
  Kernel: 4.9.337-tegra
  Device: quill
  Processor: ARM Cortex-A57 6 Core 2035 MHz
  NumSockets: 2
  Manufacturer: ARM
  NumCores: 6
  NumLogicals: 6
  CPUFrequency: 2035
  Memory: 7850
Checksum: E6EACD8E6A2D0B40FDBB3FE0E424665453ED9A6F