BaselineInfo:
  WebDBID: -1
  TimeStamp: 20240828014551
Version:
  Major: 11
  Minor: 0
  Build: 1002
  SpecialBuildName: ""
  ptArchitecture: aarch64_linux
Results:
  Results Complete: true
  NumTestProcesses: 6
  CPU_INTEGER_MATH: 3122.3906666666671
  CPU_FLOATINGPOINT_MATH: 820.37225807382924
  CPU_PRIME: 2.619927434970716
  CPU_SORTING: 1207.1558241569039
  CPU_ENCRYPTION: 85.259798639750002
  CPU_COMPRESSION: 2087.5914722709736
  CPU_SINGLETHREAD: 110.57923916105884
  CPU_PHYSICS: 47.969479296448917
  CPU_MATRIX_MULT_SSE: 187.3182649293808
  CPU_mm: 56.046799651410289
  CPU_sse: 131.40563368428025
  CPU_fma: 243.2308961744813
  CPU_avx: 0
  CPU_avx512: 0
  m_CPU_enc_SHA: 122795708.34884775
  m_CPU_enc_AES: 66037729.706676595
  m_CPU_enc_ECDSA: 79370697.799899116
  ME_ALLOC_S: 0
  ME_READ_S: 0
  ME_READ_L: 0
  ME_WRITE: 0
  ME_LARGE: 0
  ME_LATENCY: 0
  ME_THREADED: 0
  SUMM_CPU: 314.82010237913244
  SUMM_ME: 0
SystemInformation:
  OSName: Ubuntu 18.04.6 LTS
  Kernel: 4.9.337-tegra
  Device: quill
  Processor: ARM Cortex-A57 6 Core 2035 MHz
  NumSockets: 2
  Manufacturer: ARM
  NumCores: 6
  NumLogicals: 6
  CPUFrequency: 2035
  Memory: 7850
Checksum: B95E6EC875CFCBE2E7134A325F7B1F2D98D79A4B