BaselineInfo:
  WebDBID: -1
  TimeStamp: 20240828182210
Version:
  Major: 11
  Minor: 0
  Build: 1002
  SpecialBuildName: ""
  ptArchitecture: aarch64_linux
Results:
  Results Complete: true
  NumTestProcesses: 6
  CPU_INTEGER_MATH: 9093.4433333333327
  CPU_FLOATINGPOINT_MATH: 2475.0143447061978
  CPU_PRIME: 7.5379685318413507
  CPU_SORTING: 3700.1730686756009
  CPU_ENCRYPTION: 250.59080908227062
  CPU_COMPRESSION: 6285.0653725643469
  CPU_SINGLETHREAD: 316.35995498899109
  CPU_PHYSICS: 124.12372038804324
  CPU_MATRIX_MULT_SSE: 542.37642356426011
  CPU_mm: 161.58610199277717
  CPU_sse: 382.93620982083121
  CPU_fma: 701.81663730768912
  CPU_avx: 0
  CPU_avx512: 0
  m_CPU_enc_SHA: 377869295.13433135
  m_CPU_enc_AES: 201836573.45504761
  m_CPU_enc_ECDSA: 208584656.08337399
  ME_ALLOC_S: 0
  ME_READ_S: 0
  ME_READ_L: 0
  ME_WRITE: 0
  ME_LARGE: 0
  ME_LATENCY: 0
  ME_THREADED: 0
  SUMM_CPU: 928.55241518852858
  SUMM_ME: 0
SystemInformation:
  OSName: Ubuntu 18.04.6 LTS
  Kernel: 4.9.337-tegra
  Device: quill
  Processor: ARM Cortex-A57 6 Core 2035 MHz
  NumSockets: 2
  Manufacturer: ARM
  NumCores: 6
  NumLogicals: 6
  CPUFrequency: 2035
  Memory: 7850
Checksum: 313F0C4C7923938A2D7CD52711B6DFF2D6D67B6D