BaselineInfo:
  WebDBID: -1
  TimeStamp: 20240828143702
Version:
  Major: 11
  Minor: 0
  Build: 1002
  SpecialBuildName: ""
  ptArchitecture: aarch64_linux
Results:
  Results Complete: true
  NumTestProcesses: 6
  CPU_INTEGER_MATH: 7142.5999999999995
  CPU_FLOATINGPOINT_MATH: 1942.3925217207006
  CPU_PRIME: 6.5913923088854673
  CPU_SORTING: 2963.1069832264993
  CPU_ENCRYPTION: 197.145661152283
  CPU_COMPRESSION: 5018.6909555907068
  CPU_SINGLETHREAD: 252.70750576220058
  CPU_PHYSICS: 110.56622379167067
  CPU_MATRIX_MULT_SSE: 424.92982762022331
  CPU_mm: 126.61689516813564
  CPU_sse: 299.10365905034155
  CPU_fma: 550.75599619010518
  CPU_avx: 0
  CPU_avx512: 0
  m_CPU_enc_SHA: 290877294.49529034
  m_CPU_enc_AES: 159135142.55402577
  m_CPU_enc_ECDSA: 170154189.31593281
  ME_ALLOC_S: 0
  ME_READ_S: 0
  ME_READ_L: 0
  ME_WRITE: 0
  ME_LARGE: 0
  ME_LATENCY: 0
  ME_THREADED: 0
  SUMM_CPU: 738.44603908820193
  SUMM_ME: 0
SystemInformation:
  OSName: Ubuntu 18.04.6 LTS
  Kernel: 4.9.337-tegra
  Device: quill
  Processor: ARM Cortex-A57 6 Core 2035 MHz
  NumSockets: 2
  Manufacturer: ARM
  NumCores: 6
  NumLogicals: 6
  CPUFrequency: 2035
  Memory: 7850
Checksum: 583891420427D6EFCA96091062EAC65AABA52689