BaselineInfo:
  WebDBID: -1
  TimeStamp: 20240828034158
Version:
  Major: 11
  Minor: 0
  Build: 1002
  SpecialBuildName: ""
  ptArchitecture: aarch64_linux
Results:
  Results Complete: true
  NumTestProcesses: 6
  CPU_INTEGER_MATH: 3927.578
  CPU_FLOATINGPOINT_MATH: 775.74858626387334
  CPU_PRIME: 0.55870014096603204
  CPU_SORTING: 494.23379179474171
  CPU_ENCRYPTION: 99.180019566268328
  CPU_COMPRESSION: 2007.9607095258257
  CPU_SINGLETHREAD: 121.91972518545984
  CPU_PHYSICS: 9.6934414434660905
  CPU_MATRIX_MULT_SSE: 232.54547529515787
  CPU_mm: 70.848312833840708
  CPU_sse: 162.9520835429243
  CPU_fma: 302.1388670473915
  CPU_avx: 0
  CPU_avx512: 0
  m_CPU_enc_SHA: 149620028.79832712
  m_CPU_enc_AES: 78087717.907583952
  m_CPU_enc_ECDSA: 84285617.884247079
  ME_ALLOC_S: 0
  ME_READ_S: 0
  ME_READ_L: 0
  ME_WRITE: 0
  ME_LARGE: 0
  ME_LATENCY: 0
  ME_THREADED: 0
  SUMM_CPU: 262.67909204562892
  SUMM_ME: 0
SystemInformation:
  OSName: Ubuntu 18.04.6 LTS
  Kernel: 4.9.337-tegra
  Device: quill
  Processor: ARM Cortex-A57 6 Core 2035 MHz
  NumSockets: 2
  Manufacturer: ARM
  NumCores: 6
  NumLogicals: 6
  CPUFrequency: 2035
  Memory: 7850
Checksum: 13F05410B7FEB41F0B9D44D4FCAB3F6A3D1726E1