BaselineInfo:
  WebDBID: -1
  TimeStamp: 20240828002650
Version:
  Major: 11
  Minor: 0
  Build: 1002
  SpecialBuildName: ""
  ptArchitecture: aarch64_linux
Results:
  Results Complete: true
  NumTestProcesses: 6
  CPU_INTEGER_MATH: 2833.5626666666662
  CPU_FLOATINGPOINT_MATH: 454.6018565639742
  CPU_PRIME: 0
  CPU_SORTING: 69.085014605528301
  CPU_ENCRYPTION: 87.372355118210521
  CPU_COMPRESSION: 0
  CPU_SINGLETHREAD: 205.90781301037282
  CPU_PHYSICS: 0
  CPU_MATRIX_MULT_SSE: 65.433920976478788
  CPU_mm: 20.643082475605468
  CPU_sse: 50.811325930777571
  CPU_fma: 80.05651602218002
  CPU_avx: 0
  CPU_avx512: 0
  m_CPU_enc_SHA: 94346181.729023337
  m_CPU_enc_AES: 55946533.723315328
  m_CPU_enc_ECDSA: 36240331.465274528
  ME_ALLOC_S: 0
  ME_READ_S: 0
  ME_READ_L: 0
  ME_WRITE: 0
  ME_LARGE: 0
  ME_LATENCY: 0
  ME_THREADED: 0
  SUMM_CPU: 0
  SUMM_ME: 0
SystemInformation:
  OSName: Ubuntu 18.04.6 LTS
  Kernel: 4.9.337-tegra
  Device: quill
  Processor: ARM Cortex-A57 6 Core 2035 MHz
  NumSockets: 2
  Manufacturer: ARM
  NumCores: 6
  NumLogicals: 6
  CPUFrequency: 2035
  Memory: 7850
Checksum: C447BFEBDCC2C261E2D07A176AA61C4443FA8D3C