BaselineInfo:
  WebDBID: -1
  TimeStamp: 20240828192933
Version:
  Major: 11
  Minor: 0
  Build: 1002
  SpecialBuildName: ""
  ptArchitecture: aarch64_linux
Results:
  Results Complete: true
  NumTestProcesses: 6
  CPU_INTEGER_MATH: 8538.6020000000008
  CPU_FLOATINGPOINT_MATH: 1609.6757244136766
  CPU_PRIME: 0.59153747471018836
  CPU_SORTING: 521.59382210339174
  CPU_ENCRYPTION: 189.58400045754178
  CPU_COMPRESSION: 3809.8884401370019
  CPU_SINGLETHREAD: 219.4025755117938
  CPU_PHYSICS: 10.573535061019761
  CPU_MATRIX_MULT_SSE: 509.25706390384113
  CPU_mm: 153.41316203398651
  CPU_sse: 352.74885019103596
  CPU_fma: 665.76527761664636
  CPU_avx: 0
  CPU_avx512: 0
  m_CPU_enc_SHA: 271501677.62911975
  m_CPU_enc_AES: 164790707.103975
  m_CPU_enc_ECDSA: 160087313.85820726
  ME_ALLOC_S: 0
  ME_READ_S: 0
  ME_READ_L: 0
  ME_WRITE: 0
  ME_LARGE: 0
  ME_LATENCY: 0
  ME_THREADED: 0
  SUMM_CPU: 412.29535573785785
  SUMM_ME: 0
SystemInformation:
  OSName: Ubuntu 18.04.6 LTS
  Kernel: 4.9.337-tegra
  Device: quill
  Processor: ARM Cortex-A57 6 Core 2035 MHz
  NumSockets: 2
  Manufacturer: ARM
  NumCores: 6
  NumLogicals: 6
  CPUFrequency: 2035
  Memory: 7850
Checksum: 54E57CB4E490ED1F52247AA95AC1038273E3E71C