BaselineInfo:
  WebDBID: -1
  TimeStamp: 20240828033733
Version:
  Major: 11
  Minor: 0
  Build: 1002
  SpecialBuildName: ""
  ptArchitecture: aarch64_linux
Results:
  Results Complete: true
  NumTestProcesses: 6
  CPU_INTEGER_MATH: 4144.8853333333327
  CPU_FLOATINGPOINT_MATH: 1125.8263756282463
  CPU_PRIME: 4.9405051162055251
  CPU_SORTING: 1865.0704173704346
  CPU_ENCRYPTION: 118.73558846624631
  CPU_COMPRESSION: 2880.9322321212303
  CPU_SINGLETHREAD: 147.58135784570391
  CPU_PHYSICS: 86.784389969582051
  CPU_MATRIX_MULT_SSE: 247.18705178587513
  CPU_mm: 74.050214413473711
  CPU_sse: 173.25693849251189
  CPU_fma: 321.11716507923836
  CPU_avx: 0
  CPU_avx512: 0
  m_CPU_enc_SHA: 178321390.3582015
  m_CPU_enc_AES: 92399928.149327993
  m_CPU_enc_ECDSA: 102788546.7272186
  ME_ALLOC_S: 0
  ME_READ_S: 0
  ME_READ_L: 0
  ME_WRITE: 0
  ME_LARGE: 0
  ME_LATENCY: 0
  ME_THREADED: 0
  SUMM_CPU: 438.875027464548
  SUMM_ME: 0
SystemInformation:
  OSName: Ubuntu 18.04.6 LTS
  Kernel: 4.9.337-tegra
  Device: quill
  Processor: ARM Cortex-A57 6 Core 2035 MHz
  NumSockets: 2
  Manufacturer: ARM
  NumCores: 6
  NumLogicals: 6
  CPUFrequency: 2035
  Memory: 7850
Checksum: A680A9B7E565A625C34CA0EB30ADD2C25468898D