BaselineInfo:
  WebDBID: -1
  TimeStamp: 20240828181419
Version:
  Major: 11
  Minor: 0
  Build: 1002
  SpecialBuildName: ""
  ptArchitecture: aarch64_linux
Results:
  Results Complete: true
  NumTestProcesses: 6
  CPU_INTEGER_MATH: 7949.3493333333327
  CPU_FLOATINGPOINT_MATH: 1002.4083089277888
  CPU_PRIME: 0
  CPU_SORTING: 0.23364633462365331
  CPU_ENCRYPTION: 125.45673922809662
  CPU_COMPRESSION: 2409.8931320063343
  CPU_SINGLETHREAD: 203.36432333349913
  CPU_PHYSICS: 5.1188745411831329
  CPU_MATRIX_MULT_SSE: 483.98167550091244
  CPU_mm: 144.56389451607876
  CPU_sse: 332.48170359271586
  CPU_fma: 635.48164740910897
  CPU_avx: 0
  CPU_avx512: 0
  m_CPU_enc_SHA: 157518501.36323783
  m_CPU_enc_AES: 116125031.39722525
  m_CPU_enc_ECDSA: 90477834.097538635
  ME_ALLOC_S: 0
  ME_READ_S: 0
  ME_READ_L: 0
  ME_WRITE: 0
  ME_LARGE: 0
  ME_LATENCY: 0
  ME_THREADED: 0
  SUMM_CPU: 0
  SUMM_ME: 0
SystemInformation:
  OSName: Ubuntu 18.04.6 LTS
  Kernel: 4.9.337-tegra
  Device: quill
  Processor: ARM Cortex-A57 6 Core 2035 MHz
  NumSockets: 2
  Manufacturer: ARM
  NumCores: 6
  NumLogicals: 6
  CPUFrequency: 2035
  Memory: 7850
Checksum: 568B2BA4F008940DCE9D14B2A2E0600082BD0800