BaselineInfo:
  WebDBID: -1
  TimeStamp: 20240828082526
Version:
  Major: 11
  Minor: 0
  Build: 1002
  SpecialBuildName: ""
  ptArchitecture: aarch64_linux
Results:
  Results Complete: true
  NumTestProcesses: 6
  CPU_INTEGER_MATH: 5144.2813333333334
  CPU_FLOATINGPOINT_MATH: 1401.86687125814
  CPU_PRIME: 5.9239314612811889
  CPU_SORTING: 2121.7757263451408
  CPU_ENCRYPTION: 146.72908768571011
  CPU_COMPRESSION: 3648.1885926862751
  CPU_SINGLETHREAD: 183.63640424400631
  CPU_PHYSICS: 101.08660952382972
  CPU_MATRIX_MULT_SSE: 307.38994344721317
  CPU_mm: 92.032753152477184
  CPU_sse: 215.98774193462506
  CPU_fma: 398.79214495980125
  CPU_avx: 0
  CPU_avx512: 0
  m_CPU_enc_SHA: 218749411.99053562
  m_CPU_enc_AES: 114773240.45057893
  m_CPU_enc_ECDSA: 128047147.10627899
  ME_ALLOC_S: 0
  ME_READ_S: 0
  ME_READ_L: 0
  ME_WRITE: 0
  ME_LARGE: 0
  ME_LATENCY: 0
  ME_THREADED: 0
  SUMM_CPU: 544.53395569705356
  SUMM_ME: 0
SystemInformation:
  OSName: Ubuntu 18.04.6 LTS
  Kernel: 4.9.337-tegra
  Device: quill
  Processor: ARM Cortex-A57 6 Core 2035 MHz
  NumSockets: 2
  Manufacturer: ARM
  NumCores: 6
  NumLogicals: 6
  CPUFrequency: 2035
  Memory: 7850
Checksum: B900444985862409318E8ECBCC07CFD30B3AEC76