BaselineInfo:
  WebDBID: -1
  TimeStamp: 20240828150223
Version:
  Major: 11
  Minor: 0
  Build: 1002
  SpecialBuildName: ""
  ptArchitecture: aarch64_linux
Results:
  Results Complete: true
  NumTestProcesses: 6
  CPU_INTEGER_MATH: 7143.5940000000001
  CPU_FLOATINGPOINT_MATH: 1928.8174716304968
  CPU_PRIME: 6.6646077090686227
  CPU_SORTING: 2995.407805075346
  CPU_ENCRYPTION: 196.89156286353659
  CPU_COMPRESSION: 5088.7115403275966
  CPU_SINGLETHREAD: 250.54217778086655
  CPU_PHYSICS: 111.75733311654253
  CPU_MATRIX_MULT_SSE: 424.04489493388701
  CPU_mm: 126.48502146121844
  CPU_sse: 297.5378914196333
  CPU_fma: 550.55189844814072
  CPU_avx: 0
  CPU_avx512: 0
  m_CPU_enc_SHA: 300091094.76459312
  m_CPU_enc_AES: 157069950.64876217
  m_CPU_enc_ECDSA: 162206256.85023201
  ME_ALLOC_S: 0
  ME_READ_S: 0
  ME_READ_L: 0
  ME_WRITE: 0
  ME_LARGE: 0
  ME_LATENCY: 0
  ME_THREADED: 0
  SUMM_CPU: 740.82518440842068
  SUMM_ME: 0
SystemInformation:
  OSName: Ubuntu 18.04.6 LTS
  Kernel: 4.9.337-tegra
  Device: quill
  Processor: ARM Cortex-A57 6 Core 2035 MHz
  NumSockets: 2
  Manufacturer: ARM
  NumCores: 6
  NumLogicals: 6
  CPUFrequency: 2035
  Memory: 7850
Checksum: 439C402B1B7AD21E89809FD59D8E6869A377AD98