BaselineInfo:
  WebDBID: -1
  TimeStamp: 20240828182119
Version:
  Major: 11
  Minor: 0
  Build: 1002
  SpecialBuildName: ""
  ptArchitecture: aarch64_linux
Results:
  Results Complete: true
  NumTestProcesses: 6
  CPU_INTEGER_MATH: 9100.8746666666666
  CPU_FLOATINGPOINT_MATH: 2461.3392529104003
  CPU_PRIME: 6.8233369295275565
  CPU_SORTING: 3647.2138496668081
  CPU_ENCRYPTION: 252.15634291395639
  CPU_COMPRESSION: 6411.4224637369825
  CPU_SINGLETHREAD: 315.29209283948256
  CPU_PHYSICS: 113.60719767156137
  CPU_MATRIX_MULT_SSE: 543.53097185347622
  CPU_mm: 161.93912626557142
  CPU_sse: 380.38247348658859
  CPU_fma: 706.67947022036378
  CPU_avx: 0
  CPU_avx512: 0
  m_CPU_enc_SHA: 366813555.32715762
  m_CPU_enc_AES: 201074511.55608088
  m_CPU_enc_ECDSA: 225327201.39879569
  ME_ALLOC_S: 0
  ME_READ_S: 0
  ME_READ_L: 0
  ME_WRITE: 0
  ME_LARGE: 0
  ME_LATENCY: 0
  ME_THREADED: 0
  SUMM_CPU: 929.39342978429841
  SUMM_ME: 0
SystemInformation:
  OSName: Ubuntu 18.04.6 LTS
  Kernel: 4.9.337-tegra
  Device: quill
  Processor: ARM Cortex-A57 6 Core 2035 MHz
  NumSockets: 2
  Manufacturer: ARM
  NumCores: 6
  NumLogicals: 6
  CPUFrequency: 2035
  Memory: 7850
Checksum: 9E4CD01E8EBA23EE2D63A4FB0BA148545B07FBF4