BaselineInfo:
  WebDBID: -1
  TimeStamp: 20240828181656
Version:
  Major: 11
  Minor: 0
  Build: 1002
  SpecialBuildName: ""
  ptArchitecture: aarch64_linux
Results:
  Results Complete: true
  NumTestProcesses: 6
  CPU_INTEGER_MATH: 8728.9766666666656
  CPU_FLOATINGPOINT_MATH: 1858.2100738319659
  CPU_PRIME: 0.96832323013597277
  CPU_SORTING: 931.61169008982688
  CPU_ENCRYPTION: 213.54622759181353
  CPU_COMPRESSION: 4728.7633013430432
  CPU_SINGLETHREAD: 257.49916520145769
  CPU_PHYSICS: 17.444806863365027
  CPU_MATRIX_MULT_SSE: 518.42197130582576
  CPU_mm: 156.81784616340744
  CPU_sse: 371.88417059118461
  CPU_fma: 664.95977202046686
  CPU_avx: 0
  CPU_avx512: 0
  m_CPU_enc_SHA: 323035006.58770657
  m_CPU_enc_AES: 178773547.88386342
  m_CPU_enc_ECDSA: 169949792.95837045
  ME_ALLOC_S: 0
  ME_READ_S: 0
  ME_READ_L: 0
  ME_WRITE: 0
  ME_LARGE: 0
  ME_LATENCY: 0
  ME_THREADED: 0
  SUMM_CPU: 551.73005247566437
  SUMM_ME: 0
SystemInformation:
  OSName: Ubuntu 18.04.6 LTS
  Kernel: 4.9.337-tegra
  Device: quill
  Processor: ARM Cortex-A57 6 Core 2035 MHz
  NumSockets: 2
  Manufacturer: ARM
  NumCores: 6
  NumLogicals: 6
  CPUFrequency: 2035
  Memory: 7850
Checksum: 3EAAA7D7B60007098630A72C11E2A2691B03DB3C