BaselineInfo:
  WebDBID: -1
  TimeStamp: 20240828162804
Version:
  Major: 11
  Minor: 0
  Build: 1002
  SpecialBuildName: ""
  ptArchitecture: aarch64_linux
Results:
  Results Complete: true
  NumTestProcesses: 6
  CPU_INTEGER_MATH: 7929.7059999999992
  CPU_FLOATINGPOINT_MATH: 2147.4428525409553
  CPU_PRIME: 6.5784126427988641
  CPU_SORTING: 3224.4519427646596
  CPU_ENCRYPTION: 216.90358586197527
  CPU_COMPRESSION: 5772.5702112846075
  CPU_SINGLETHREAD: 276.59321031329841
  CPU_PHYSICS: 107.32197608940061
  CPU_MATRIX_MULT_SSE: 472.34626608550309
  CPU_mm: 141.34402539106321
  CPU_sse: 332.75601066958188
  CPU_fma: 611.93652150142429
  CPU_avx: 0
  CPU_avx512: 0
  m_CPU_enc_SHA: 321044487.83599043
  m_CPU_enc_AES: 176536923.33356065
  m_CPU_enc_ECDSA: 184738272.17686871
  ME_ALLOC_S: 0
  ME_READ_S: 0
  ME_READ_L: 0
  ME_WRITE: 0
  ME_LARGE: 0
  ME_LATENCY: 0
  ME_THREADED: 0
  SUMM_CPU: 819.09653509833652
  SUMM_ME: 0
SystemInformation:
  OSName: Ubuntu 18.04.6 LTS
  Kernel: 4.9.337-tegra
  Device: quill
  Processor: ARM Cortex-A57 6 Core 2035 MHz
  NumSockets: 2
  Manufacturer: ARM
  NumCores: 6
  NumLogicals: 6
  CPUFrequency: 2035
  Memory: 7850
Checksum: 24DB8FD5DB2DFA436A77B70DED07B0151910AC92