BaselineInfo:
  WebDBID: -1
  TimeStamp: 20240827201829
Version:
  Major: 11
  Minor: 0
  Build: 1002
  SpecialBuildName: ""
  ptArchitecture: aarch64_linux
Results:
  Results Complete: true
  NumTestProcesses: 6
  CPU_INTEGER_MATH: 1830.1433333333334
  CPU_FLOATINGPOINT_MATH: 488.01198315728539
  CPU_PRIME: 2.3964130668136248
  CPU_SORTING: 797.99555719944999
  CPU_ENCRYPTION: 58.309176986652318
  CPU_COMPRESSION: 0
  CPU_SINGLETHREAD: 241.87472463050142
  CPU_PHYSICS: 46.978054097060109
  CPU_MATRIX_MULT_SSE: 111.26829365547306
  CPU_mm: 32.100427588720315
  CPU_sse: 76.761935520587286
  CPU_fma: 145.7746517903588
  CPU_avx: 0
  CPU_avx512: 0
  m_CPU_enc_SHA: 82300035.598267436
  m_CPU_enc_AES: 46961181.792291403
  m_CPU_enc_ECDSA: 54163593.313308969
  ME_ALLOC_S: 0
  ME_READ_S: 0
  ME_READ_L: 0
  ME_WRITE: 0
  ME_LARGE: 0
  ME_LATENCY: 0
  ME_THREADED: 0
  SUMM_CPU: 0
  SUMM_ME: 0
SystemInformation:
  OSName: Ubuntu 18.04.6 LTS
  Kernel: 4.9.337-tegra
  Device: quill
  Processor: ARM Cortex-A57 6 Core 2035 MHz
  NumSockets: 2
  Manufacturer: ARM
  NumCores: 6
  NumLogicals: 6
  CPUFrequency: 2035
  Memory: 7850
Checksum: C1AFF21A252DFC1F0F22169CC3ED21B7401A9D6B