BaselineInfo:
  WebDBID: -1
  TimeStamp: 20240828190041
Version:
  Major: 11
  Minor: 0
  Build: 1002
  SpecialBuildName: ""
  ptArchitecture: aarch64_linux
Results:
  Results Complete: true
  NumTestProcesses: 6
  CPU_INTEGER_MATH: 9077.1606666666667
  CPU_FLOATINGPOINT_MATH: 2445.1047977290518
  CPU_PRIME: 7.4175593612809552
  CPU_SORTING: 3725.9209928882565
  CPU_ENCRYPTION: 251.45471774337037
  CPU_COMPRESSION: 6569.0851345296333
  CPU_SINGLETHREAD: 316.321657662257
  CPU_PHYSICS: 122.70373787851659
  CPU_MATRIX_MULT_SSE: 539.38548198055616
  CPU_mm: 162.40949491952111
  CPU_sse: 380.42752069734604
  CPU_fma: 698.34344326376618
  CPU_avx: 0
  CPU_avx512: 0
  m_CPU_enc_SHA: 367926767.0864979
  m_CPU_enc_AES: 204064291.46293196
  m_CPU_enc_ECDSA: 219017087.78798717
  ME_ALLOC_S: 0
  ME_READ_S: 0
  ME_READ_L: 0
  ME_WRITE: 0
  ME_LARGE: 0
  ME_LATENCY: 0
  ME_THREADED: 0
  SUMM_CPU: 938.618576258698
  SUMM_ME: 0
SystemInformation:
  OSName: Ubuntu 18.04.6 LTS
  Kernel: 4.9.337-tegra
  Device: quill
  Processor: ARM Cortex-A57 6 Core 2035 MHz
  NumSockets: 2
  Manufacturer: ARM
  NumCores: 6
  NumLogicals: 6
  CPUFrequency: 2035
  Memory: 7850
Checksum: D91C530D9103F750CADF4FFA70CC59AAFE429D50