BaselineInfo:
  WebDBID: -1
  TimeStamp: 20240828003634
Version:
  Major: 11
  Minor: 0
  Build: 1002
  SpecialBuildName: ""
  ptArchitecture: aarch64_linux
Results:
  Results Complete: true
  NumTestProcesses: 6
  CPU_INTEGER_MATH: 3138.5786666666668
  CPU_FLOATINGPOINT_MATH: 844.28173442816069
  CPU_PRIME: 3.6161290101567984
  CPU_SORTING: 1355.2109794344099
  CPU_ENCRYPTION: 86.303356341886555
  CPU_COMPRESSION: 2120.7959522077012
  CPU_SINGLETHREAD: 112.74999010108037
  CPU_PHYSICS: 60.797048966898672
  CPU_MATRIX_MULT_SSE: 187.80165587071897
  CPU_mm: 55.979871608780705
  CPU_sse: 132.05859113697105
  CPU_fma: 243.54472060446687
  CPU_avx: 0
  CPU_avx512: 0
  m_CPU_enc_SHA: 126548302.43639436
  m_CPU_enc_AES: 69456630.064472854
  m_CPU_enc_ECDSA: 75481952.037782893
  ME_ALLOC_S: 0
  ME_READ_S: 0
  ME_READ_L: 0
  ME_WRITE: 0
  ME_LARGE: 0
  ME_LATENCY: 0
  ME_THREADED: 0
  SUMM_CPU: 324.45469398778073
  SUMM_ME: 0
SystemInformation:
  OSName: Ubuntu 18.04.6 LTS
  Kernel: 4.9.337-tegra
  Device: quill
  Processor: ARM Cortex-A57 6 Core 2035 MHz
  NumSockets: 2
  Manufacturer: ARM
  NumCores: 6
  NumLogicals: 6
  CPUFrequency: 2035
  Memory: 7850
Checksum: 12B59016F4743A49BD390D90DE1BC21381F72375