BaselineInfo:
  WebDBID: -1
  TimeStamp: 20240828012922
Version:
  Major: 11
  Minor: 0
  Build: 1002
  SpecialBuildName: ""
  ptArchitecture: aarch64_linux
Results:
  Results Complete: true
  NumTestProcesses: 6
  CPU_INTEGER_MATH: 3125.7040000000002
  CPU_FLOATINGPOINT_MATH: 838.29252103723343
  CPU_PRIME: 3.4339100506776803
  CPU_SORTING: 1285.7182691665541
  CPU_ENCRYPTION: 84.675635721804611
  CPU_COMPRESSION: 2121.8376895015299
  CPU_SINGLETHREAD: 112.12527632522631
  CPU_PHYSICS: 58.979422762786797
  CPU_MATRIX_MULT_SSE: 186.21315025027732
  CPU_mm: 56.33522721597646
  CPU_sse: 129.87161444224347
  CPU_fma: 242.55468605831118
  CPU_avx: 0
  CPU_avx512: 0
  m_CPU_enc_SHA: 123672811.9742634
  m_CPU_enc_AES: 68861165.484507576
  m_CPU_enc_ECDSA: 73832540.749110028
  ME_ALLOC_S: 0
  ME_READ_S: 0
  ME_READ_L: 0
  ME_WRITE: 0
  ME_LARGE: 0
  ME_LATENCY: 0
  ME_THREADED: 0
  SUMM_CPU: 320.69168705265429
  SUMM_ME: 0
SystemInformation:
  OSName: Ubuntu 18.04.6 LTS
  Kernel: 4.9.337-tegra
  Device: quill
  Processor: ARM Cortex-A57 6 Core 2035 MHz
  NumSockets: 2
  Manufacturer: ARM
  NumCores: 6
  NumLogicals: 6
  CPUFrequency: 2035
  Memory: 7850
Checksum: 7F52648536ED7C72111B0C136EEE94C40FD40A80