BaselineInfo:
  WebDBID: -1
  TimeStamp: 20240827191620
Version:
  Major: 11
  Minor: 0
  Build: 1002
  SpecialBuildName: ""
  ptArchitecture: aarch64_linux
Results:
  Results Complete: true
  NumTestProcesses: 6
  CPU_INTEGER_MATH: 1845.4793333333332
  CPU_FLOATINGPOINT_MATH: 481.31112968444006
  CPU_PRIME: 2.2434466820513315
  CPU_SORTING: 784.10497193507604
  CPU_ENCRYPTION: 61.736818820957808
  CPU_COMPRESSION: 0
  CPU_SINGLETHREAD: 239.21520298321281
  CPU_PHYSICS: 42.721491213559915
  CPU_MATRIX_MULT_SSE: 111.77606688079081
  CPU_mm: 33.675784562299171
  CPU_sse: 78.187427344787508
  CPU_fma: 145.36470641679412
  CPU_avx: 0
  CPU_avx512: 0
  m_CPU_enc_SHA: 84765888.233433262
  m_CPU_enc_AES: 46424661.116601214
  m_CPU_enc_ECDSA: 63016690.245979473
  ME_ALLOC_S: 0
  ME_READ_S: 0
  ME_READ_L: 0
  ME_WRITE: 0
  ME_LARGE: 0
  ME_LATENCY: 0
  ME_THREADED: 0
  SUMM_CPU: 0
  SUMM_ME: 0
SystemInformation:
  OSName: Ubuntu 18.04.6 LTS
  Kernel: 4.9.337-tegra
  Device: quill
  Processor: ARM Cortex-A57 6 Core 2035 MHz
  NumSockets: 2
  Manufacturer: ARM
  NumCores: 6
  NumLogicals: 6
  CPUFrequency: 2035
  Memory: 7850
Checksum: 68CA65ABBEF25A4B8C8FF0C18D9BFBDFA8E7CD31