BaselineInfo:
  WebDBID: -1
  TimeStamp: 20240828045120
Version:
  Major: 11
  Minor: 0
  Build: 1002
  SpecialBuildName: ""
  ptArchitecture: aarch64_linux
Results:
  Results Complete: true
  NumTestProcesses: 6
  CPU_INTEGER_MATH: 4136.8860000000004
  CPU_FLOATINGPOINT_MATH: 1108.3613657827639
  CPU_PRIME: 4.2283612961286394
  CPU_SORTING: 1774.1852522581994
  CPU_ENCRYPTION: 116.16587773133199
  CPU_COMPRESSION: 2899.2525148402083
  CPU_SINGLETHREAD: 146.69936085018608
  CPU_PHYSICS: 72.141806679144608
  CPU_MATRIX_MULT_SSE: 245.95975258550698
  CPU_mm: 74.229647913665531
  CPU_sse: 172.51381034681526
  CPU_fma: 319.4056948241988
  CPU_avx: 0
  CPU_avx512: 0
  m_CPU_enc_SHA: 168653722.07856709
  m_CPU_enc_AES: 92501881.680340365
  m_CPU_enc_ECDSA: 104270650.46512008
  ME_ALLOC_S: 0
  ME_READ_S: 0
  ME_READ_L: 0
  ME_WRITE: 0
  ME_LARGE: 0
  ME_LATENCY: 0
  ME_THREADED: 0
  SUMM_CPU: 431.78269312789655
  SUMM_ME: 0
SystemInformation:
  OSName: Ubuntu 18.04.6 LTS
  Kernel: 4.9.337-tegra
  Device: quill
  Processor: ARM Cortex-A57 6 Core 2035 MHz
  NumSockets: 2
  Manufacturer: ARM
  NumCores: 6
  NumLogicals: 6
  CPUFrequency: 2035
  Memory: 7850
Checksum: 2FA04DAD77DA64A9A698E982D52583B1C476299C