BaselineInfo:
  WebDBID: -1
  TimeStamp: 20240828041614
Version:
  Major: 11
  Minor: 0
  Build: 1002
  SpecialBuildName: ""
  ptArchitecture: aarch64_linux
Results:
  Results Complete: true
  NumTestProcesses: 6
  CPU_INTEGER_MATH: 4057.7446666666665
  CPU_FLOATINGPOINT_MATH: 1019.9074099662064
  CPU_PRIME: 1.8323071341217838
  CPU_SORTING: 1285.6131552304237
  CPU_ENCRYPTION: 110.47817713988618
  CPU_COMPRESSION: 2545.1937498151378
  CPU_SINGLETHREAD: 140.16544064370393
  CPU_PHYSICS: 31.945076351868543
  CPU_MATRIX_MULT_SSE: 243.39754165027739
  CPU_mm: 72.77049372280419
  CPU_sse: 173.81766611579638
  CPU_fma: 312.97741718475834
  CPU_avx: 0
  CPU_avx512: 0
  m_CPU_enc_SHA: 162541480.07018158
  m_CPU_enc_AES: 90380509.771193236
  m_CPU_enc_ECDSA: 94612305.376525059
  ME_ALLOC_S: 0
  ME_READ_S: 0
  ME_READ_L: 0
  ME_WRITE: 0
  ME_LARGE: 0
  ME_LATENCY: 0
  ME_THREADED: 0
  SUMM_CPU: 378.05389037404075
  SUMM_ME: 0
SystemInformation:
  OSName: Ubuntu 18.04.6 LTS
  Kernel: 4.9.337-tegra
  Device: quill
  Processor: ARM Cortex-A57 6 Core 2035 MHz
  NumSockets: 2
  Manufacturer: ARM
  NumCores: 6
  NumLogicals: 6
  CPUFrequency: 2035
  Memory: 7850
Checksum: 8E47E292E8E00B443C08D8EDB5CB62B7F5BCFDAC