BaselineInfo:
  WebDBID: -1
  TimeStamp: 20240828075322
Version:
  Major: 11
  Minor: 0
  Build: 1002
  SpecialBuildName: ""
  ptArchitecture: aarch64_linux
Results:
  Results Complete: true
  NumTestProcesses: 6
  CPU_INTEGER_MATH: 5144.0446666666667
  CPU_FLOATINGPOINT_MATH: 1387.7929105581572
  CPU_PRIME: 5.0969798096184897
  CPU_SORTING: 2212.5665093999141
  CPU_ENCRYPTION: 141.07322425958029
  CPU_COMPRESSION: 3530.2005799333779
  CPU_SINGLETHREAD: 181.69612521386458
  CPU_PHYSICS: 89.729375241846867
  CPU_MATRIX_MULT_SSE: 306.66770664647493
  CPU_mm: 91.846780114703392
  CPU_sse: 215.49982372332153
  CPU_fma: 397.83558956962821
  CPU_avx: 0
  CPU_avx512: 0
  m_CPU_enc_SHA: 207554838.82909101
  m_CPU_enc_AES: 115019919.31903578
  m_CPU_enc_ECDSA: 121203233.45551419
  ME_ALLOC_S: 0
  ME_READ_S: 0
  ME_READ_L: 0
  ME_WRITE: 0
  ME_LARGE: 0
  ME_LATENCY: 0
  ME_THREADED: 0
  SUMM_CPU: 530.2285791745835
  SUMM_ME: 0
SystemInformation:
  OSName: Ubuntu 18.04.6 LTS
  Kernel: 4.9.337-tegra
  Device: quill
  Processor: ARM Cortex-A57 6 Core 2035 MHz
  NumSockets: 2
  Manufacturer: ARM
  NumCores: 6
  NumLogicals: 6
  CPUFrequency: 2035
  Memory: 7850
Checksum: AA9D1C84B527FAD5D646E1A2B16A48BF6CD75568