BaselineInfo:
  WebDBID: -1
  TimeStamp: 20240827231440
Version:
  Major: 11
  Minor: 0
  Build: 1002
  SpecialBuildName: ""
  ptArchitecture: aarch64_linux
Results:
  Results Complete: true
  NumTestProcesses: 6
  CPU_INTEGER_MATH: 2815.9073333333336
  CPU_FLOATINGPOINT_MATH: 445.29193052366816
  CPU_PRIME: 0
  CPU_SORTING: 0.22365207283385849
  CPU_ENCRYPTION: 133.0098795716109
  CPU_COMPRESSION: 49.231348368881982
  CPU_SINGLETHREAD: 0
  CPU_PHYSICS: 0
  CPU_MATRIX_MULT_SSE: 40.85320952032329
  CPU_mm: 13.836995121087812
  CPU_sse: 31.034100611850658
  CPU_fma: 50.672318428795919
  CPU_avx: 0
  CPU_avx512: 0
  m_CPU_enc_SHA: 0
  m_CPU_enc_AES: 45609412.265031986
  m_CPU_enc_ECDSA: 0
  ME_ALLOC_S: 0
  ME_READ_S: 0
  ME_READ_L: 0
  ME_WRITE: 0
  ME_LARGE: 0
  ME_LATENCY: 0
  ME_THREADED: 0
  SUMM_CPU: 0
  SUMM_ME: 0
SystemInformation:
  OSName: Ubuntu 18.04.6 LTS
  Kernel: 4.9.337-tegra
  Device: quill
  Processor: ARM Cortex-A57 6 Core 2035 MHz
  NumSockets: 2
  Manufacturer: ARM
  NumCores: 6
  NumLogicals: 6
  CPUFrequency: 2035
  Memory: 7850
Checksum: 34C634659456170E6AEDC6A498DE5B4E2E6A61DD