BaselineInfo:
  WebDBID: -1
  TimeStamp: 20240828073201
Version:
  Major: 11
  Minor: 0
  Build: 1002
  SpecialBuildName: ""
  ptArchitecture: aarch64_linux
Results:
  Results Complete: true
  NumTestProcesses: 6
  CPU_INTEGER_MATH: 4804.3806666666669
  CPU_FLOATINGPOINT_MATH: 930.28039560921843
  CPU_PRIME: 0.57829884063562387
  CPU_SORTING: 507.44277496191552
  CPU_ENCRYPTION: 119.12926212661533
  CPU_COMPRESSION: 2354.4114581091521
  CPU_SINGLETHREAD: 146.44339287481461
  CPU_PHYSICS: 9.8605013974144846
  CPU_MATRIX_MULT_SSE: 282.33844662770832
  CPU_mm: 86.456392878318837
  CPU_sse: 194.18389845910283
  CPU_fma: 370.49299479631384
  CPU_avx: 0
  CPU_avx512: 0
  m_CPU_enc_SHA: 170370874.44026065
  m_CPU_enc_AES: 99242342.955510467
  m_CPU_enc_ECDSA: 105135038.09526226
  ME_ALLOC_S: 0
  ME_READ_S: 0
  ME_READ_L: 0
  ME_WRITE: 0
  ME_LARGE: 0
  ME_LATENCY: 0
  ME_THREADED: 0
  SUMM_CPU: 298.83239187400727
  SUMM_ME: 0
SystemInformation:
  OSName: Ubuntu 18.04.6 LTS
  Kernel: 4.9.337-tegra
  Device: quill
  Processor: ARM Cortex-A57 6 Core 2035 MHz
  NumSockets: 2
  Manufacturer: ARM
  NumCores: 6
  NumLogicals: 6
  CPUFrequency: 2035
  Memory: 7850
Checksum: 2581BC4FA9D24E3F1AA3DA5B8A9CC2D4ED1572E9