BaselineInfo:
  WebDBID: -1
  TimeStamp: 20240828082107
Version:
  Major: 11
  Minor: 0
  Build: 1002
  SpecialBuildName: ""
  ptArchitecture: aarch64_linux
Results:
  Results Complete: true
  NumTestProcesses: 6
  CPU_INTEGER_MATH: 5133.9153333333334
  CPU_FLOATINGPOINT_MATH: 1375.6663912092708
  CPU_PRIME: 4.8445703571371688
  CPU_SORTING: 2085.6488686838015
  CPU_ENCRYPTION: 140.97071986941435
  CPU_COMPRESSION: 3573.6144058512837
  CPU_SINGLETHREAD: 181.86464103847158
  CPU_PHYSICS: 78.868615317738957
  CPU_MATRIX_MULT_SSE: 305.67507375092049
  CPU_mm: 91.862127151419912
  CPU_sse: 215.72928047526065
  CPU_fma: 395.6208670265803
  CPU_avx: 0
  CPU_avx512: 0
  m_CPU_enc_SHA: 205129760.70851547
  m_CPU_enc_AES: 115461194.7420328
  m_CPU_enc_ECDSA: 122864585.22282483
  ME_ALLOC_S: 0
  ME_READ_S: 0
  ME_READ_L: 0
  ME_WRITE: 0
  ME_LARGE: 0
  ME_LATENCY: 0
  ME_THREADED: 0
  SUMM_CPU: 527.64506865073645
  SUMM_ME: 0
SystemInformation:
  OSName: Ubuntu 18.04.6 LTS
  Kernel: 4.9.337-tegra
  Device: quill
  Processor: ARM Cortex-A57 6 Core 2035 MHz
  NumSockets: 2
  Manufacturer: ARM
  NumCores: 6
  NumLogicals: 6
  CPUFrequency: 2035
  Memory: 7850
Checksum: 391F84457E2150594613F8BEB8C31EE988E07190