BaselineInfo:
  WebDBID: -1
  TimeStamp: 20240828005029
Version:
  Major: 11
  Minor: 0
  Build: 1002
  SpecialBuildName: ""
  ptArchitecture: aarch64_linux
Results:
  Results Complete: true
  NumTestProcesses: 6
  CPU_INTEGER_MATH: 3105.6819999999998
  CPU_FLOATINGPOINT_MATH: 785.68850751485638
  CPU_PRIME: 1.6972582331450345
  CPU_SORTING: 1117.1965166725836
  CPU_ENCRYPTION: 82.831245419783755
  CPU_COMPRESSION: 1998.0546648080031
  CPU_SINGLETHREAD: 107.96084384189531
  CPU_PHYSICS: 28.60884146624516
  CPU_MATRIX_MULT_SSE: 184.10919464228419
  CPU_mm: 55.360389278247084
  CPU_sse: 130.74173767872009
  CPU_fma: 237.47665160584822
  CPU_avx: 0
  CPU_avx512: 0
  m_CPU_enc_SHA: 116891330.66340128
  m_CPU_enc_AES: 67758983.801396176
  m_CPU_enc_ECDSA: 75914253.527088106
  ME_ALLOC_S: 0
  ME_READ_S: 0
  ME_READ_L: 0
  ME_WRITE: 0
  ME_LARGE: 0
  ME_LATENCY: 0
  ME_THREADED: 0
  SUMM_CPU: 295.72553007632968
  SUMM_ME: 0
SystemInformation:
  OSName: Ubuntu 18.04.6 LTS
  Kernel: 4.9.337-tegra
  Device: quill
  Processor: ARM Cortex-A57 6 Core 2035 MHz
  NumSockets: 2
  Manufacturer: ARM
  NumCores: 6
  NumLogicals: 6
  CPUFrequency: 2035
  Memory: 7850
Checksum: 642262D8389344477D48AC9C3A2141E2457816C6