BaselineInfo:
  WebDBID: -1
  TimeStamp: 20240828194921
Version:
  Major: 11
  Minor: 0
  Build: 1002
  SpecialBuildName: ""
  ptArchitecture: aarch64_linux
Results:
  Results Complete: true
  NumTestProcesses: 6
  CPU_INTEGER_MATH: 9105.0399999999991
  CPU_FLOATINGPOINT_MATH: 2469.9486060628537
  CPU_PRIME: 8.2917811699098145
  CPU_SORTING: 3793.5234369706286
  CPU_ENCRYPTION: 245.48337767443908
  CPU_COMPRESSION: 6445.4979058724848
  CPU_SINGLETHREAD: 317.88513566888275
  CPU_PHYSICS: 136.48776121992333
  CPU_MATRIX_MULT_SSE: 542.90013129978183
  CPU_mm: 162.14462673395826
  CPU_sse: 381.56997956851734
  CPU_fma: 704.23028303104638
  CPU_avx: 0
  CPU_avx512: 0
  m_CPU_enc_SHA: 372168469.89558095
  m_CPU_enc_AES: 193969680.59917575
  m_CPU_enc_ECDSA: 206085784.19030118
  ME_ALLOC_S: 0
  ME_READ_S: 0
  ME_READ_L: 0
  ME_WRITE: 0
  ME_LARGE: 0
  ME_LATENCY: 0
  ME_THREADED: 0
  SUMM_CPU: 935.60140087337163
  SUMM_ME: 0
SystemInformation:
  OSName: Ubuntu 18.04.6 LTS
  Kernel: 4.9.337-tegra
  Device: quill
  Processor: ARM Cortex-A57 6 Core 2035 MHz
  NumSockets: 2
  Manufacturer: ARM
  NumCores: 6
  NumLogicals: 6
  CPUFrequency: 2035
  Memory: 7850
Checksum: 7175A891993A23CAE820BD263844C7F370372A12