BaselineInfo:
  WebDBID: -1
  TimeStamp: 20240828101630
Version:
  Major: 11
  Minor: 0
  Build: 1002
  SpecialBuildName: ""
  ptArchitecture: aarch64_linux
Results:
  Results Complete: true
  NumTestProcesses: 6
  CPU_INTEGER_MATH: 6142.0206666666663
  CPU_FLOATINGPOINT_MATH: 1673.1671883726385
  CPU_PRIME: 6.3488974579587802
  CPU_SORTING: 2642.4390219355446
  CPU_ENCRYPTION: 172.5390554228521
  CPU_COMPRESSION: 4368.869366851799
  CPU_SINGLETHREAD: 216.980155996109
  CPU_PHYSICS: 110.10776635381426
  CPU_MATRIX_MULT_SSE: 366.82157948725057
  CPU_mm: 109.63982915319041
  CPU_sse: 257.78529666109478
  CPU_fma: 475.85786231340643
  CPU_avx: 0
  CPU_avx512: 0
  m_CPU_enc_SHA: 244408993.46563181
  m_CPU_enc_AES: 137489721.13190484
  m_CPU_enc_ECDSA: 160862223.13968107
  ME_ALLOC_S: 0
  ME_READ_S: 0
  ME_READ_L: 0
  ME_WRITE: 0
  ME_LARGE: 0
  ME_LATENCY: 0
  ME_THREADED: 0
  SUMM_CPU: 645.90073492040403
  SUMM_ME: 0
SystemInformation:
  OSName: Ubuntu 18.04.6 LTS
  Kernel: 4.9.337-tegra
  Device: quill
  Processor: ARM Cortex-A57 6 Core 2035 MHz
  NumSockets: 2
  Manufacturer: ARM
  NumCores: 6
  NumLogicals: 6
  CPUFrequency: 2035
  Memory: 7850
Checksum: 327FCD592876B960603941AF018858C4AD23B41D