BaselineInfo:
  WebDBID: -1
  TimeStamp: 20240828154527
Version:
  Major: 11
  Minor: 0
  Build: 1002
  SpecialBuildName: ""
  ptArchitecture: aarch64_linux
Results:
  Results Complete: true
  NumTestProcesses: 6
  CPU_INTEGER_MATH: 7385.3726666666662
  CPU_FLOATINGPOINT_MATH: 1412.0708082604576
  CPU_PRIME: 0.47928726600930616
  CPU_SORTING: 386.93055610516905
  CPU_ENCRYPTION: 131.46289947807406
  CPU_COMPRESSION: 2248.8990986325825
  CPU_SINGLETHREAD: 167.71351593646477
  CPU_PHYSICS: 8.474226226575599
  CPU_MATRIX_MULT_SSE: 399.77834765361951
  CPU_mm: 113.84263648673657
  CPU_sse: 285.16748110967399
  CPU_fma: 514.38921419756525
  CPU_avx: 0
  CPU_avx512: 0
  m_CPU_enc_SHA: 192553006.72182912
  m_CPU_enc_AES: 114713994.85676557
  m_CPU_enc_ECDSA: 106279522.2707682
  ME_ALLOC_S: 0
  ME_READ_S: 0
  ME_READ_L: 0
  ME_WRITE: 0
  ME_LARGE: 0
  ME_LATENCY: 0
  ME_THREADED: 0
  SUMM_CPU: 298.92266299902928
  SUMM_ME: 0
SystemInformation:
  OSName: Ubuntu 18.04.6 LTS
  Kernel: 4.9.337-tegra
  Device: quill
  Processor: ARM Cortex-A57 6 Core 2035 MHz
  NumSockets: 2
  Manufacturer: ARM
  NumCores: 6
  NumLogicals: 6
  CPUFrequency: 2035
  Memory: 7850
Checksum: 6172E90B48CBBBE95AA261668864192CF5CC59A4