BaselineInfo:
  WebDBID: -1
  TimeStamp: 20240828083634
Version:
  Major: 11
  Minor: 0
  Build: 1002
  SpecialBuildName: ""
  ptArchitecture: aarch64_linux
Results:
  Results Complete: true
  NumTestProcesses: 6
  CPU_INTEGER_MATH: 5137.5126666666674
  CPU_FLOATINGPOINT_MATH: 1379.4456944224876
  CPU_PRIME: 5.1518982729876868
  CPU_SORTING: 2184.8250440473489
  CPU_ENCRYPTION: 142.39800320595276
  CPU_COMPRESSION: 3509.4616122085276
  CPU_SINGLETHREAD: 182.96411717200957
  CPU_PHYSICS: 90.688470937114005
  CPU_MATRIX_MULT_SSE: 305.55891271205547
  CPU_mm: 91.907742314445201
  CPU_sse: 215.21331415701039
  CPU_fma: 395.90451126710059
  CPU_avx: 0
  CPU_avx512: 0
  m_CPU_enc_SHA: 208223510.50524777
  m_CPU_enc_AES: 114260841.48240945
  m_CPU_enc_ECDSA: 125461033.84139813
  ME_ALLOC_S: 0
  ME_READ_S: 0
  ME_READ_L: 0
  ME_WRITE: 0
  ME_LARGE: 0
  ME_LATENCY: 0
  ME_THREADED: 0
  SUMM_CPU: 530.24454032656092
  SUMM_ME: 0
SystemInformation:
  OSName: Ubuntu 18.04.6 LTS
  Kernel: 4.9.337-tegra
  Device: quill
  Processor: ARM Cortex-A57 6 Core 2035 MHz
  NumSockets: 2
  Manufacturer: ARM
  NumCores: 6
  NumLogicals: 6
  CPUFrequency: 2035
  Memory: 7850
Checksum: 876989E8DCC7B83A7B842616C1CC25749A3FA6B4