BaselineInfo:
  WebDBID: -1
  TimeStamp: 20240828153840
Version:
  Major: 11
  Minor: 0
  Build: 1002
  SpecialBuildName: ""
  ptArchitecture: aarch64_linux
Results:
  Results Complete: true
  NumTestProcesses: 6
  CPU_INTEGER_MATH: 7925.8246666666664
  CPU_FLOATINGPOINT_MATH: 2128.9010811156263
  CPU_PRIME: 6.5737153503432806
  CPU_SORTING: 3228.4894561014812
  CPU_ENCRYPTION: 221.2525802390947
  CPU_COMPRESSION: 5587.278533871272
  CPU_SINGLETHREAD: 276.59794928810231
  CPU_PHYSICS: 109.47789822618853
  CPU_MATRIX_MULT_SSE: 472.75553506989786
  CPU_mm: 141.1623265303509
  CPU_sse: 332.15054158747182
  CPU_fma: 613.3605285523239
  CPU_avx: 0
  CPU_avx512: 0
  m_CPU_enc_SHA: 326490273.56676131
  m_CPU_enc_AES: 175360325.55254814
  m_CPU_enc_ECDSA: 194149837.6110574
  ME_ALLOC_S: 0
  ME_READ_S: 0
  ME_READ_L: 0
  ME_WRITE: 0
  ME_LARGE: 0
  ME_LATENCY: 0
  ME_THREADED: 0
  SUMM_CPU: 816.26342355265751
  SUMM_ME: 0
SystemInformation:
  OSName: Ubuntu 18.04.6 LTS
  Kernel: 4.9.337-tegra
  Device: quill
  Processor: ARM Cortex-A57 6 Core 2035 MHz
  NumSockets: 2
  Manufacturer: ARM
  NumCores: 6
  NumLogicals: 6
  CPUFrequency: 2035
  Memory: 7850
Checksum: 2F94CEF32C38CE8023267DEB9FCEE8C6655F4993