BaselineInfo:
  WebDBID: -1
  TimeStamp: 20240828110143
Version:
  Major: 11
  Minor: 0
  Build: 1002
  SpecialBuildName: ""
  ptArchitecture: aarch64_linux
Results:
  Results Complete: true
  NumTestProcesses: 6
  CPU_INTEGER_MATH: 5804.25
  CPU_FLOATINGPOINT_MATH: 1083.6317424691508
  CPU_PRIME: 0.59469172440798046
  CPU_SORTING: 528.28257541711957
  CPU_ENCRYPTION: 136.52426623150444
  CPU_COMPRESSION: 2827.2799926814459
  CPU_SINGLETHREAD: 168.82673279672545
  CPU_PHYSICS: 10.24118667630108
  CPU_MATRIX_MULT_SSE: 342.35161735378432
  CPU_mm: 103.4628072105434
  CPU_sse: 244.85743776251149
  CPU_fma: 439.84579694505709
  CPU_avx: 0
  CPU_avx512: 0
  m_CPU_enc_SHA: 207179576.54019868
  m_CPU_enc_AES: 111953816.83011672
  m_CPU_enc_ECDSA: 110334813.59358267
  ME_ALLOC_S: 0
  ME_READ_S: 0
  ME_READ_L: 0
  ME_WRITE: 0
  ME_LARGE: 0
  ME_LATENCY: 0
  ME_THREADED: 0
  SUMM_CPU: 336.98648395246096
  SUMM_ME: 0
SystemInformation:
  OSName: Ubuntu 18.04.6 LTS
  Kernel: 4.9.337-tegra
  Device: quill
  Processor: ARM Cortex-A57 6 Core 2035 MHz
  NumSockets: 2
  Manufacturer: ARM
  NumCores: 6
  NumLogicals: 6
  CPUFrequency: 2035
  Memory: 7850
Checksum: 6EFCBAA7447CEA1741F0E9A425EBFB70D5EF2835