BaselineInfo:
  WebDBID: -1
  TimeStamp: 20240828045606
Version:
  Major: 11
  Minor: 0
  Build: 1002
  SpecialBuildName: ""
  ptArchitecture: aarch64_linux
Results:
  Results Complete: true
  NumTestProcesses: 6
  CPU_INTEGER_MATH: 4135.2293333333337
  CPU_FLOATINGPOINT_MATH: 1125.2921806679301
  CPU_PRIME: 5.0578694659743153
  CPU_SORTING: 1748.4992139313374
  CPU_ENCRYPTION: 115.15504958221237
  CPU_COMPRESSION: 2910.2734814936512
  CPU_SINGLETHREAD: 149.90491290470581
  CPU_PHYSICS: 85.827008028027919
  CPU_MATRIX_MULT_SSE: 248.14975990472237
  CPU_mm: 73.982764698143328
  CPU_sse: 173.93607365315293
  CPU_fma: 322.36344615629184
  CPU_avx: 0
  CPU_avx512: 0
  m_CPU_enc_SHA: 171025841.59051031
  m_CPU_enc_AES: 91060760.097334623
  m_CPU_enc_ECDSA: 100159862.12430879
  ME_ALLOC_S: 0
  ME_READ_S: 0
  ME_READ_L: 0
  ME_WRITE: 0
  ME_LARGE: 0
  ME_LATENCY: 0
  ME_THREADED: 0
  SUMM_CPU: 435.72835864043515
  SUMM_ME: 0
SystemInformation:
  OSName: Ubuntu 18.04.6 LTS
  Kernel: 4.9.337-tegra
  Device: quill
  Processor: ARM Cortex-A57 6 Core 2035 MHz
  NumSockets: 2
  Manufacturer: ARM
  NumCores: 6
  NumLogicals: 6
  CPUFrequency: 2035
  Memory: 7850
Checksum: 4619C178E83057D6248BB9BF1CA995A49E396F0B