BaselineInfo:
  WebDBID: -1
  TimeStamp: 20240828042323
Version:
  Major: 11
  Minor: 0
  Build: 1002
  SpecialBuildName: ""
  ptArchitecture: aarch64_linux
Results:
  Results Complete: true
  NumTestProcesses: 6
  CPU_INTEGER_MATH: 4139.7733333333335
  CPU_FLOATINGPOINT_MATH: 1128.7847981434325
  CPU_PRIME: 4.8356256349961955
  CPU_SORTING: 1781.2112754409575
  CPU_ENCRYPTION: 118.43307400877386
  CPU_COMPRESSION: 2862.3035420888059
  CPU_SINGLETHREAD: 147.20328194359976
  CPU_PHYSICS: 86.685101662534038
  CPU_MATRIX_MULT_SSE: 246.78355382404948
  CPU_mm: 74.164765016427651
  CPU_sse: 173.10160825175885
  CPU_fma: 320.46549939634019
  CPU_avx: 0
  CPU_avx512: 0
  m_CPU_enc_SHA: 166380784.19961822
  m_CPU_enc_AES: 91922380.927755684
  m_CPU_enc_ECDSA: 114255071.90809827
  ME_ALLOC_S: 0
  ME_READ_S: 0
  ME_READ_L: 0
  ME_WRITE: 0
  ME_LARGE: 0
  ME_LATENCY: 0
  ME_THREADED: 0
  SUMM_CPU: 436.62033316923089
  SUMM_ME: 0
SystemInformation:
  OSName: Ubuntu 18.04.6 LTS
  Kernel: 4.9.337-tegra
  Device: quill
  Processor: ARM Cortex-A57 6 Core 2035 MHz
  NumSockets: 2
  Manufacturer: ARM
  NumCores: 6
  NumLogicals: 6
  CPUFrequency: 2035
  Memory: 7850
Checksum: 9F7785DE53F2448CD58703B7F0C2C3D04B159305