BaselineInfo:
  WebDBID: -1
  TimeStamp: 20240828052508
Version:
  Major: 11
  Minor: 0
  Build: 1002
  SpecialBuildName: ""
  ptArchitecture: aarch64_linux
Results:
  Results Complete: true
  NumTestProcesses: 6
  CPU_INTEGER_MATH: 4124.2006666666657
  CPU_FLOATINGPOINT_MATH: 1115.4943499249141
  CPU_PRIME: 4.8421367152040737
  CPU_SORTING: 1770.087598761856
  CPU_ENCRYPTION: 116.89658761629212
  CPU_COMPRESSION: 2890.9516178605268
  CPU_SINGLETHREAD: 147.30060119125153
  CPU_PHYSICS: 80.947361809602441
  CPU_MATRIX_MULT_SSE: 246.84083574048572
  CPU_mm: 73.967871058555446
  CPU_sse: 173.97170698557684
  CPU_fma: 319.70996449539462
  CPU_avx: 0
  CPU_avx512: 0
  m_CPU_enc_SHA: 171071636.14911428
  m_CPU_enc_AES: 93296823.860201403
  m_CPU_enc_ECDSA: 103356408.75970769
  ME_ALLOC_S: 0
  ME_READ_S: 0
  ME_READ_L: 0
  ME_WRITE: 0
  ME_LARGE: 0
  ME_LATENCY: 0
  ME_THREADED: 0
  SUMM_CPU: 435.02903717909714
  SUMM_ME: 0
SystemInformation:
  OSName: Ubuntu 18.04.6 LTS
  Kernel: 4.9.337-tegra
  Device: quill
  Processor: ARM Cortex-A57 6 Core 2035 MHz
  NumSockets: 2
  Manufacturer: ARM
  NumCores: 6
  NumLogicals: 6
  CPUFrequency: 2035
  Memory: 7850
Checksum: 3B407030499F71CFBE5C9C5393CEE58338D3D3D4