BaselineInfo:
  WebDBID: -1
  TimeStamp: 20240828130422
Version:
  Major: 11
  Minor: 0
  Build: 1002
  SpecialBuildName: ""
  ptArchitecture: aarch64_linux
Results:
  Results Complete: true
  NumTestProcesses: 6
  CPU_INTEGER_MATH: 7039.7919999999995
  CPU_FLOATINGPOINT_MATH: 1832.9802302790279
  CPU_PRIME: 3.9472199140748465
  CPU_SORTING: 2422.8261416733067
  CPU_ENCRYPTION: 191.59476475065719
  CPU_COMPRESSION: 4809.9400074029218
  CPU_SINGLETHREAD: 242.6731574426085
  CPU_PHYSICS: 63.864697664088126
  CPU_MATRIX_MULT_SSE: 419.37916838418062
  CPU_mm: 126.1331696845906
  CPU_sse: 296.10376789657369
  CPU_fma: 542.65456887178755
  CPU_avx: 0
  CPU_avx512: 0
  m_CPU_enc_SHA: 280761627.45172077
  m_CPU_enc_AES: 150553863.64110616
  m_CPU_enc_ECDSA: 171389525.03672832
  ME_ALLOC_S: 0
  ME_READ_S: 0
  ME_READ_L: 0
  ME_WRITE: 0
  ME_LARGE: 0
  ME_LATENCY: 0
  ME_THREADED: 0
  SUMM_CPU: 686.47542652278651
  SUMM_ME: 0
SystemInformation:
  OSName: Ubuntu 18.04.6 LTS
  Kernel: 4.9.337-tegra
  Device: quill
  Processor: ARM Cortex-A57 6 Core 2035 MHz
  NumSockets: 2
  Manufacturer: ARM
  NumCores: 6
  NumLogicals: 6
  CPUFrequency: 2035
  Memory: 7850
Checksum: DF7477FC21A287E65459F5257D22BAC7A4974D72