BaselineInfo:
  WebDBID: -1
  TimeStamp: 20240828073754
Version:
  Major: 11
  Minor: 0
  Build: 1002
  SpecialBuildName: ""
  ptArchitecture: aarch64_linux
Results:
  Results Complete: true
  NumTestProcesses: 6
  CPU_INTEGER_MATH: 5011.0853333333334
  CPU_FLOATINGPOINT_MATH: 1382.8547137873584
  CPU_PRIME: 4.749193733886675
  CPU_SORTING: 2048.0229327214774
  CPU_ENCRYPTION: 142.74873944418965
  CPU_COMPRESSION: 3545.7040061140842
  CPU_SINGLETHREAD: 182.17840378578688
  CPU_PHYSICS: 82.699194921999805
  CPU_MATRIX_MULT_SSE: 305.07008467088434
  CPU_mm: 91.93656348038509
  CPU_sse: 213.87612026659724
  CPU_fma: 396.2640490751715
  CPU_avx: 0
  CPU_avx512: 0
  m_CPU_enc_SHA: 213465618.80977011
  m_CPU_enc_AES: 109856840.36965476
  m_CPU_enc_ECDSA: 125726247.45486695
  ME_ALLOC_S: 0
  ME_READ_S: 0
  ME_READ_L: 0
  ME_WRITE: 0
  ME_LARGE: 0
  ME_LATENCY: 0
  ME_THREADED: 0
  SUMM_CPU: 527.82452532384264
  SUMM_ME: 0
SystemInformation:
  OSName: Ubuntu 18.04.6 LTS
  Kernel: 4.9.337-tegra
  Device: quill
  Processor: ARM Cortex-A57 6 Core 2035 MHz
  NumSockets: 2
  Manufacturer: ARM
  NumCores: 6
  NumLogicals: 6
  CPUFrequency: 2035
  Memory: 7850
Checksum: 9FDDD366F63B938309E9ECBDB043C65AE898E9CD