BaselineInfo:
  WebDBID: -1
  TimeStamp: 20240828055423
Version:
  Major: 11
  Minor: 0
  Build: 1002
  SpecialBuildName: ""
  ptArchitecture: aarch64_linux
Results:
  Results Complete: true
  NumTestProcesses: 6
  CPU_INTEGER_MATH: 4134.3299999999999
  CPU_FLOATINGPOINT_MATH: 1116.0357110981768
  CPU_PRIME: 4.4276533847627784
  CPU_SORTING: 1756.959479902253
  CPU_ENCRYPTION: 117.19818254617442
  CPU_COMPRESSION: 2909.099662731473
  CPU_SINGLETHREAD: 146.61557772604232
  CPU_PHYSICS: 72.351561743799351
  CPU_MATRIX_MULT_SSE: 245.53639575067672
  CPU_mm: 74.092347908081251
  CPU_sse: 174.26370960472471
  CPU_fma: 316.80908189662875
  CPU_avx: 0
  CPU_avx512: 0
  m_CPU_enc_SHA: 172456059.53200138
  m_CPU_enc_AES: 90205518.473717466
  m_CPU_enc_ECDSA: 106012026.37889332
  ME_ALLOC_S: 0
  ME_READ_S: 0
  ME_READ_L: 0
  ME_WRITE: 0
  ME_LARGE: 0
  ME_LATENCY: 0
  ME_THREADED: 0
  SUMM_CPU: 433.74778812904026
  SUMM_ME: 0
SystemInformation:
  OSName: Ubuntu 18.04.6 LTS
  Kernel: 4.9.337-tegra
  Device: quill
  Processor: ARM Cortex-A57 6 Core 2035 MHz
  NumSockets: 2
  Manufacturer: ARM
  NumCores: 6
  NumLogicals: 6
  CPUFrequency: 2035
  Memory: 7850
Checksum: 0012ECBBB3D128FCA2E9B5A3431C157C3A209BDD