BaselineInfo:
  WebDBID: -1
  TimeStamp: 20240828113607
Version:
  Major: 11
  Minor: 0
  Build: 1002
  SpecialBuildName: ""
  ptArchitecture: aarch64_linux
Results:
  Results Complete: true
  NumTestProcesses: 6
  CPU_INTEGER_MATH: 6119.2533333333331
  CPU_FLOATINGPOINT_MATH: 1669.2972920073325
  CPU_PRIME: 6.2523226406124008
  CPU_SORTING: 2582.370197775499
  CPU_ENCRYPTION: 171.0940595829974
  CPU_COMPRESSION: 4291.2244657808087
  CPU_SINGLETHREAD: 216.96221263108663
  CPU_PHYSICS: 104.15048293914197
  CPU_MATRIX_MULT_SSE: 365.31266721505727
  CPU_mm: 109.95283131332637
  CPU_sse: 258.36939545885627
  CPU_fma: 472.25593897125816
  CPU_avx: 0
  CPU_avx512: 0
  m_CPU_enc_SHA: 252780801.79765359
  m_CPU_enc_AES: 135225854.88016307
  m_CPU_enc_ECDSA: 150208717.18608668
  ME_ALLOC_S: 0
  ME_READ_S: 0
  ME_READ_L: 0
  ME_WRITE: 0
  ME_LARGE: 0
  ME_LATENCY: 0
  ME_THREADED: 0
  SUMM_CPU: 638.72844851912987
  SUMM_ME: 0
SystemInformation:
  OSName: Ubuntu 18.04.6 LTS
  Kernel: 4.9.337-tegra
  Device: quill
  Processor: ARM Cortex-A57 6 Core 2035 MHz
  NumSockets: 2
  Manufacturer: ARM
  NumCores: 6
  NumLogicals: 6
  CPUFrequency: 2035
  Memory: 7850
Checksum: 2B109329A9B1275AEAD9FF36760A79885FC42A8D