BaselineInfo:
  WebDBID: -1
  TimeStamp: 20240828021206
Version:
  Major: 11
  Minor: 0
  Build: 1002
  SpecialBuildName: ""
  ptArchitecture: aarch64_linux
Results:
  Results Complete: true
  NumTestProcesses: 6
  CPU_INTEGER_MATH: 3139.3833333333332
  CPU_FLOATINGPOINT_MATH: 854.99393683954565
  CPU_PRIME: 4.0181176346959937
  CPU_SORTING: 1323.2055217822131
  CPU_ENCRYPTION: 84.186594435575088
  CPU_COMPRESSION: 2142.4642843004817
  CPU_SINGLETHREAD: 113.19939874356207
  CPU_PHYSICS: 72.638945714347471
  CPU_MATRIX_MULT_SSE: 187.31079455115218
  CPU_mm: 56.176765234691914
  CPU_sse: 130.91269804024034
  CPU_fma: 243.708891062064
  CPU_avx: 0
  CPU_avx512: 0
  m_CPU_enc_SHA: 128007174.55152249
  m_CPU_enc_AES: 68255209.261692703
  m_CPU_enc_ECDSA: 68565743.527417511
  ME_ALLOC_S: 0
  ME_READ_S: 0
  ME_READ_L: 0
  ME_WRITE: 0
  ME_LARGE: 0
  ME_LATENCY: 0
  ME_THREADED: 0
  SUMM_CPU: 324.7844324843353
  SUMM_ME: 0
SystemInformation:
  OSName: Ubuntu 18.04.6 LTS
  Kernel: 4.9.337-tegra
  Device: quill
  Processor: ARM Cortex-A57 6 Core 2035 MHz
  NumSockets: 2
  Manufacturer: ARM
  NumCores: 6
  NumLogicals: 6
  CPUFrequency: 2035
  Memory: 7850
Checksum: F72B1421C5214F791D7DF8549AD243828443033A