BaselineInfo:
  WebDBID: -1
  TimeStamp: 20240828015411
Version:
  Major: 11
  Minor: 0
  Build: 1002
  SpecialBuildName: ""
  ptArchitecture: aarch64_linux
Results:
  Results Complete: true
  NumTestProcesses: 6
  CPU_INTEGER_MATH: 3135.7860000000001
  CPU_FLOATINGPOINT_MATH: 853.7711849534071
  CPU_PRIME: 4.0695026922095767
  CPU_SORTING: 1281.9942470954679
  CPU_ENCRYPTION: 87.489729629577027
  CPU_COMPRESSION: 2172.3415011636844
  CPU_SINGLETHREAD: 112.92544112123853
  CPU_PHYSICS: 72.345842614297027
  CPU_MATRIX_MULT_SSE: 186.63104427462935
  CPU_mm: 56.010863338535273
  CPU_sse: 132.50794783928251
  CPU_fma: 240.75414070997624
  CPU_avx: 0
  CPU_avx512: 0
  m_CPU_enc_SHA: 127780781.36439389
  m_CPU_enc_AES: 66485684.292679399
  m_CPU_enc_ECDSA: 80952426.551116779
  ME_ALLOC_S: 0
  ME_READ_S: 0
  ME_READ_L: 0
  ME_WRITE: 0
  ME_LARGE: 0
  ME_LATENCY: 0
  ME_THREADED: 0
  SUMM_CPU: 329.11801339394202
  SUMM_ME: 0
SystemInformation:
  OSName: Ubuntu 18.04.6 LTS
  Kernel: 4.9.337-tegra
  Device: quill
  Processor: ARM Cortex-A57 6 Core 2035 MHz
  NumSockets: 2
  Manufacturer: ARM
  NumCores: 6
  NumLogicals: 6
  CPUFrequency: 2035
  Memory: 7850
Checksum: D132C314F24494AF0DD090016A2D52E34B147468