BaselineInfo:
  WebDBID: -1
  TimeStamp: 20240828100308
Version:
  Major: 11
  Minor: 0
  Build: 1002
  SpecialBuildName: ""
  ptArchitecture: aarch64_linux
Results:
  Results Complete: true
  NumTestProcesses: 6
  CPU_INTEGER_MATH: 6142.4939999999997
  CPU_FLOATINGPOINT_MATH: 1673.4060519221753
  CPU_PRIME: 6.5193391702263481
  CPU_SORTING: 2596.0749768155256
  CPU_ENCRYPTION: 173.50360723559785
  CPU_COMPRESSION: 4289.6393520334586
  CPU_SINGLETHREAD: 217.83112066885684
  CPU_PHYSICS: 109.56892722472389
  CPU_MATRIX_MULT_SSE: 367.35726529308505
  CPU_mm: 109.59529992848766
  CPU_sse: 257.17585458655395
  CPU_fma: 477.5386759996162
  CPU_avx: 0
  CPU_avx512: 0
  m_CPU_enc_SHA: 252179216.58346117
  m_CPU_enc_AES: 135076677.24821007
  m_CPU_enc_ECDSA: 158539261.55035147
  ME_ALLOC_S: 0
  ME_READ_S: 0
  ME_READ_L: 0
  ME_WRITE: 0
  ME_LARGE: 0
  ME_LATENCY: 0
  ME_THREADED: 0
  SUMM_CPU: 643.6425288770954
  SUMM_ME: 0
SystemInformation:
  OSName: Ubuntu 18.04.6 LTS
  Kernel: 4.9.337-tegra
  Device: quill
  Processor: ARM Cortex-A57 6 Core 2035 MHz
  NumSockets: 2
  Manufacturer: ARM
  NumCores: 6
  NumLogicals: 6
  CPUFrequency: 2035
  Memory: 7850
Checksum: 8BCD24B6AB7A469A3EDED7E008C147B2FA883462