BaselineInfo:
  WebDBID: -1
  TimeStamp: 20240828060509
Version:
  Major: 11
  Minor: 0
  Build: 1002
  SpecialBuildName: ""
  ptArchitecture: aarch64_linux
Results:
  Results Complete: true
  NumTestProcesses: 6
  CPU_INTEGER_MATH: 4014.056
  CPU_FLOATINGPOINT_MATH: 879.92996589414452
  CPU_PRIME: 0.91076631159561194
  CPU_SORTING: 806.76015901780204
  CPU_ENCRYPTION: 101.87370746343879
  CPU_COMPRESSION: 2370.7855106784414
  CPU_SINGLETHREAD: 132.09501709218719
  CPU_PHYSICS: 15.548089496215697
  CPU_MATRIX_MULT_SSE: 239.42448060234094
  CPU_mm: 71.704439823035102
  CPU_sse: 169.44462129479854
  CPU_fma: 309.40433990988333
  CPU_avx: 0
  CPU_avx512: 0
  m_CPU_enc_SHA: 148188507.50815412
  m_CPU_enc_AES: 86676919.729113415
  m_CPU_enc_ECDSA: 85601546.794280902
  ME_ALLOC_S: 0
  ME_READ_S: 0
  ME_READ_L: 0
  ME_WRITE: 0
  ME_LARGE: 0
  ME_LATENCY: 0
  ME_THREADED: 0
  SUMM_CPU: 318.36699875796518
  SUMM_ME: 0
SystemInformation:
  OSName: Ubuntu 18.04.6 LTS
  Kernel: 4.9.337-tegra
  Device: quill
  Processor: ARM Cortex-A57 6 Core 2035 MHz
  NumSockets: 2
  Manufacturer: ARM
  NumCores: 6
  NumLogicals: 6
  CPUFrequency: 2035
  Memory: 7850
Checksum: 67688A83F7DB85FB96111D097A14D183DBD06004