BaselineInfo:
  WebDBID: -1
  TimeStamp: 20240827234822
Version:
  Major: 11
  Minor: 0
  Build: 1002
  SpecialBuildName: ""
  ptArchitecture: aarch64_linux
Results:
  Results Complete: true
  NumTestProcesses: 6
  CPU_INTEGER_MATH: 3135.454666666667
  CPU_FLOATINGPOINT_MATH: 849.01313725156206
  CPU_PRIME: 4.0313012457896829
  CPU_SORTING: 1384.1602431065819
  CPU_ENCRYPTION: 85.601931238773631
  CPU_COMPRESSION: 2163.8896047673811
  CPU_SINGLETHREAD: 112.92986440082156
  CPU_PHYSICS: 71.054702866878131
  CPU_MATRIX_MULT_SSE: 184.36961353864083
  CPU_mm: 56.20962382301277
  CPU_sse: 131.54430557698825
  CPU_fma: 237.19492150029342
  CPU_avx: 0
  CPU_avx512: 0
  m_CPU_enc_SHA: 127335788.35523406
  m_CPU_enc_AES: 69083264.691648096
  m_CPU_enc_ECDSA: 72861338.905002713
  ME_ALLOC_S: 0
  ME_READ_S: 0
  ME_READ_L: 0
  ME_WRITE: 0
  ME_LARGE: 0
  ME_LATENCY: 0
  ME_THREADED: 0
  SUMM_CPU: 326.76336805328015
  SUMM_ME: 0
SystemInformation:
  OSName: Ubuntu 18.04.6 LTS
  Kernel: 4.9.337-tegra
  Device: quill
  Processor: ARM Cortex-A57 6 Core 2035 MHz
  NumSockets: 2
  Manufacturer: ARM
  NumCores: 6
  NumLogicals: 6
  CPUFrequency: 2035
  Memory: 7850
Checksum: A6424443A55C545F1692EBF6399D96B6F524C4AA