BaselineInfo:
  WebDBID: -1
  TimeStamp: 20240828203626
Version:
  Major: 11
  Minor: 0
  Build: 1002
  SpecialBuildName: ""
  ptArchitecture: aarch64_linux
Results:
  Results Complete: true
  NumTestProcesses: 6
  CPU_INTEGER_MATH: 9096.7566666666662
  CPU_FLOATINGPOINT_MATH: 2451.5726531069772
  CPU_PRIME: 6.0585476471595854
  CPU_SORTING: 3438.3545641692281
  CPU_ENCRYPTION: 249.94552994336462
  CPU_COMPRESSION: 6514.4143778087264
  CPU_SINGLETHREAD: 315.43212030867431
  CPU_PHYSICS: 100.71001127250423
  CPU_MATRIX_MULT_SSE: 540.28820349183115
  CPU_mm: 162.31668680417883
  CPU_sse: 379.01862067794315
  CPU_fma: 701.55778630571922
  CPU_avx: 0
  CPU_avx512: 0
  m_CPU_enc_SHA: 373832859.39083415
  m_CPU_enc_AES: 201812880.06714666
  m_CPU_enc_ECDSA: 210614912.55969974
  ME_ALLOC_S: 0
  ME_READ_S: 0
  ME_READ_L: 0
  ME_WRITE: 0
  ME_LARGE: 0
  ME_LATENCY: 0
  ME_THREADED: 0
  SUMM_CPU: 920.27896380493246
  SUMM_ME: 0
SystemInformation:
  OSName: Ubuntu 18.04.6 LTS
  Kernel: 4.9.337-tegra
  Device: quill
  Processor: ARM Cortex-A57 6 Core 2035 MHz
  NumSockets: 2
  Manufacturer: ARM
  NumCores: 6
  NumLogicals: 6
  CPUFrequency: 2035
  Memory: 7850
Checksum: A75B4AA95FDB35763178E03D203F4373B764FCA7