BaselineInfo:
  WebDBID: -1
  TimeStamp: 20240828121320
Version:
  Major: 11
  Minor: 0
  Build: 1002
  SpecialBuildName: ""
  ptArchitecture: aarch64_linux
Results:
  Results Complete: true
  NumTestProcesses: 6
  CPU_INTEGER_MATH: 6112.3426666666664
  CPU_FLOATINGPOINT_MATH: 1641.5553770235256
  CPU_PRIME: 4.9199655900655648
  CPU_SORTING: 2423.5188452419889
  CPU_ENCRYPTION: 171.56496014947959
  CPU_COMPRESSION: 4251.0312795778655
  CPU_SINGLETHREAD: 214.38021432730386
  CPU_PHYSICS: 81.982306304039042
  CPU_MATRIX_MULT_SSE: 367.03412025002797
  CPU_mm: 109.41916804029664
  CPU_sse: 257.40296507339804
  CPU_fma: 476.66527542665779
  CPU_avx: 0
  CPU_avx512: 0
  m_CPU_enc_SHA: 242602638.12317574
  m_CPU_enc_AES: 136269003.97183314
  m_CPU_enc_ECDSA: 160825056.86609322
  ME_ALLOC_S: 0
  ME_READ_S: 0
  ME_READ_L: 0
  ME_WRITE: 0
  ME_LARGE: 0
  ME_LATENCY: 0
  ME_THREADED: 0
  SUMM_CPU: 627.01611686121828
  SUMM_ME: 0
SystemInformation:
  OSName: Ubuntu 18.04.6 LTS
  Kernel: 4.9.337-tegra
  Device: quill
  Processor: ARM Cortex-A57 6 Core 2035 MHz
  NumSockets: 2
  Manufacturer: ARM
  NumCores: 6
  NumLogicals: 6
  CPUFrequency: 2035
  Memory: 7850
Checksum: 0DF8D92F03B88DB9D555B12110F9320AEFBE6D01