BaselineInfo:
  WebDBID: -1
  TimeStamp: 20240828193417
Version:
  Major: 11
  Minor: 0
  Build: 1002
  SpecialBuildName: ""
  ptArchitecture: aarch64_linux
Results:
  Results Complete: true
  NumTestProcesses: 6
  CPU_INTEGER_MATH: 9074.9359999999997
  CPU_FLOATINGPOINT_MATH: 2410.3777574711576
  CPU_PRIME: 6.085359746380659
  CPU_SORTING: 3536.2067336432274
  CPU_ENCRYPTION: 249.02461905469954
  CPU_COMPRESSION: 6435.990597797545
  CPU_SINGLETHREAD: 313.6430309051629
  CPU_PHYSICS: 100.95248315530156
  CPU_MATRIX_MULT_SSE: 539.8815838885007
  CPU_mm: 162.157896184599
  CPU_sse: 378.59256284280434
  CPU_fma: 701.17060493419694
  CPU_avx: 0
  CPU_avx512: 0
  m_CPU_enc_SHA: 371082100.53419572
  m_CPU_enc_AES: 196349851.25718886
  m_CPU_enc_ECDSA: 215931765.05831724
  ME_ALLOC_S: 0
  ME_READ_S: 0
  ME_READ_L: 0
  ME_WRITE: 0
  ME_LARGE: 0
  ME_LATENCY: 0
  ME_THREADED: 0
  SUMM_CPU: 915.79275986942571
  SUMM_ME: 0
SystemInformation:
  OSName: Ubuntu 18.04.6 LTS
  Kernel: 4.9.337-tegra
  Device: quill
  Processor: ARM Cortex-A57 6 Core 2035 MHz
  NumSockets: 2
  Manufacturer: ARM
  NumCores: 6
  NumLogicals: 6
  CPUFrequency: 2035
  Memory: 7850
Checksum: 98643511658F2C95777C65D3172D331B6670086F