BaselineInfo:
  WebDBID: -1
  TimeStamp: 20240828185625
Version:
  Major: 11
  Minor: 0
  Build: 1002
  SpecialBuildName: ""
  ptArchitecture: aarch64_linux
Results:
  Results Complete: true
  NumTestProcesses: 6
  CPU_INTEGER_MATH: 8947.8459999999995
  CPU_FLOATINGPOINT_MATH: 2229.1523695047067
  CPU_PRIME: 2.0927010242061175
  CPU_SORTING: 1766.8274150337015
  CPU_ENCRYPTION: 234.76428681872929
  CPU_COMPRESSION: 5596.0461803940543
  CPU_SINGLETHREAD: 289.97230562808545
  CPU_PHYSICS: 37.740676708730668
  CPU_MATRIX_MULT_SSE: 532.03922562328444
  CPU_mm: 159.87677235705567
  CPU_sse: 372.39877829071082
  CPU_fma: 691.679672955858
  CPU_avx: 0
  CPU_avx512: 0
  m_CPU_enc_SHA: 348080422.57276595
  m_CPU_enc_AES: 193130717.34346068
  m_CPU_enc_ECDSA: 197293450.52948099
  ME_ALLOC_S: 0
  ME_READ_S: 0
  ME_READ_L: 0
  ME_WRITE: 0
  ME_LARGE: 0
  ME_LATENCY: 0
  ME_THREADED: 0
  SUMM_CPU: 738.95498410884352
  SUMM_ME: 0
SystemInformation:
  OSName: Ubuntu 18.04.6 LTS
  Kernel: 4.9.337-tegra
  Device: quill
  Processor: ARM Cortex-A57 6 Core 2035 MHz
  NumSockets: 2
  Manufacturer: ARM
  NumCores: 6
  NumLogicals: 6
  CPUFrequency: 2035
  Memory: 7850
Checksum: 046AF5673A80035D683F1CC526C76334C991EDFF