BaselineInfo:
  WebDBID: -1
  TimeStamp: 20240828061451
Version:
  Major: 11
  Minor: 0
  Build: 1002
  SpecialBuildName: ""
  ptArchitecture: aarch64_linux
Results:
  Results Complete: true
  NumTestProcesses: 6
  CPU_INTEGER_MATH: 4151.0386666666664
  CPU_FLOATINGPOINT_MATH: 1128.4501379959579
  CPU_PRIME: 4.9428140113512349
  CPU_SORTING: 1773.8023878594968
  CPU_ENCRYPTION: 117.90813774955048
  CPU_COMPRESSION: 2892.0756227816119
  CPU_SINGLETHREAD: 148.53479137437878
  CPU_PHYSICS: 88.225851927914505
  CPU_MATRIX_MULT_SSE: 247.84793857467602
  CPU_mm: 73.852923778327252
  CPU_sse: 174.1401014830933
  CPU_fma: 321.55577566625868
  CPU_avx: 0
  CPU_avx512: 0
  m_CPU_enc_SHA: 171523491.72612631
  m_CPU_enc_AES: 93728821.53502807
  m_CPU_enc_ECDSA: 105654617.08546355
  ME_ALLOC_S: 0
  ME_READ_S: 0
  ME_READ_L: 0
  ME_WRITE: 0
  ME_LARGE: 0
  ME_LATENCY: 0
  ME_THREADED: 0
  SUMM_CPU: 438.1561564940904
  SUMM_ME: 0
SystemInformation:
  OSName: Ubuntu 18.04.6 LTS
  Kernel: 4.9.337-tegra
  Device: quill
  Processor: ARM Cortex-A57 6 Core 2035 MHz
  NumSockets: 2
  Manufacturer: ARM
  NumCores: 6
  NumLogicals: 6
  CPUFrequency: 2035
  Memory: 7850
Checksum: 0D4AF38EA485AF1E6C626971130698310A6B28A0