BaselineInfo:
  WebDBID: -1
  TimeStamp: 20240827215216
Version:
  Major: 11
  Minor: 0
  Build: 1002
  SpecialBuildName: ""
  ptArchitecture: aarch64_linux
Results:
  Results Complete: true
  NumTestProcesses: 6
  CPU_INTEGER_MATH: 1834.3086666666666
  CPU_FLOATINGPOINT_MATH: 484.55489993089736
  CPU_PRIME: 2.3707113648840861
  CPU_SORTING: 803.45698858722642
  CPU_ENCRYPTION: 59.285054697931187
  CPU_COMPRESSION: 0
  CPU_SINGLETHREAD: 245.11876315575003
  CPU_PHYSICS: 45.328360221474739
  CPU_MATRIX_MULT_SSE: 110.06342778264829
  CPU_mm: 31.941370463642567
  CPU_sse: 77.333875408271183
  CPU_fma: 142.79298015702537
  CPU_avx: 0
  CPU_avx512: 0
  m_CPU_enc_SHA: 87327815.05668889
  m_CPU_enc_AES: 48398542.130549461
  m_CPU_enc_ECDSA: 50768299.357575357
  ME_ALLOC_S: 0
  ME_READ_S: 0
  ME_READ_L: 0
  ME_WRITE: 0
  ME_LARGE: 0
  ME_LATENCY: 0
  ME_THREADED: 0
  SUMM_CPU: 0
  SUMM_ME: 0
SystemInformation:
  OSName: Ubuntu 18.04.6 LTS
  Kernel: 4.9.337-tegra
  Device: quill
  Processor: ARM Cortex-A57 6 Core 2035 MHz
  NumSockets: 2
  Manufacturer: ARM
  NumCores: 6
  NumLogicals: 6
  CPUFrequency: 2035
  Memory: 7850
Checksum: 39CAAA86950D4B76B82DA59121B11CB9925B7B68