BaselineInfo:
  WebDBID: -1
  TimeStamp: 20240828194650
Version:
  Major: 11
  Minor: 0
  Build: 1002
  SpecialBuildName: ""
  ptArchitecture: aarch64_linux
Results:
  Results Complete: true
  NumTestProcesses: 6
  CPU_INTEGER_MATH: 9096.2833333333347
  CPU_FLOATINGPOINT_MATH: 2447.9890699073562
  CPU_PRIME: 6.7787005593139078
  CPU_SORTING: 3646.2920546654868
  CPU_ENCRYPTION: 246.33022739299997
  CPU_COMPRESSION: 6515.0417631694427
  CPU_SINGLETHREAD: 319.74968386143848
  CPU_PHYSICS: 112.49485533904544
  CPU_MATRIX_MULT_SSE: 541.66192839998268
  CPU_mm: 162.50422918928535
  CPU_sse: 378.96663826388226
  CPU_fma: 704.35721853608311
  CPU_avx: 0
  CPU_avx512: 0
  m_CPU_enc_SHA: 369061191.16400266
  m_CPU_enc_AES: 199572201.26982751
  m_CPU_enc_ECDSA: 206254501.12269676
  ME_ALLOC_S: 0
  ME_READ_S: 0
  ME_READ_L: 0
  ME_WRITE: 0
  ME_LARGE: 0
  ME_LATENCY: 0
  ME_THREADED: 0
  SUMM_CPU: 926.36261605383697
  SUMM_ME: 0
SystemInformation:
  OSName: Ubuntu 18.04.6 LTS
  Kernel: 4.9.337-tegra
  Device: quill
  Processor: ARM Cortex-A57 6 Core 2035 MHz
  NumSockets: 2
  Manufacturer: ARM
  NumCores: 6
  NumLogicals: 6
  CPUFrequency: 2035
  Memory: 7850
Checksum: 7EAD0B01C2431AC848FE3E47A2517F8EB0A7CA99