BaselineInfo:
  WebDBID: -1
  TimeStamp: 20240827221502
Version:
  Major: 11
  Minor: 0
  Build: 1002
  SpecialBuildName: ""
  ptArchitecture: aarch64_linux
Results:
  Results Complete: true
  NumTestProcesses: 6
  CPU_INTEGER_MATH: 1861.8093333333334
  CPU_FLOATINGPOINT_MATH: 490.01884160711012
  CPU_PRIME: 2.3158836078192975
  CPU_SORTING: 777.91810990380509
  CPU_ENCRYPTION: 59.129626825166618
  CPU_COMPRESSION: 0
  CPU_SINGLETHREAD: 78.140332313660934
  CPU_PHYSICS: 52.038544197080242
  CPU_MATRIX_MULT_SSE: 126.61374859787645
  CPU_mm: 37.745612966704584
  CPU_sse: 89.87984717995657
  CPU_fma: 163.34765001579638
  CPU_avx: 0
  CPU_avx512: 0
  m_CPU_enc_SHA: 81034989.893099934
  m_CPU_enc_AES: 48655971.032464273
  m_CPU_enc_ECDSA: 56314761.807913505
  ME_ALLOC_S: 0
  ME_READ_S: 0
  ME_READ_L: 0
  ME_WRITE: 0
  ME_LARGE: 0
  ME_LATENCY: 0
  ME_THREADED: 0
  SUMM_CPU: 0
  SUMM_ME: 0
SystemInformation:
  OSName: Ubuntu 18.04.6 LTS
  Kernel: 4.9.337-tegra
  Device: quill
  Processor: ARM Cortex-A57 6 Core 2035 MHz
  NumSockets: 2
  Manufacturer: ARM
  NumCores: 6
  NumLogicals: 6
  CPUFrequency: 2035
  Memory: 7850
Checksum: 0CFADDE5F8033CF0A7420C9703A4132AA1FA746E