BaselineInfo:
  WebDBID: -1
  TimeStamp: 20240828181547
Version:
  Major: 11
  Minor: 0
  Build: 1002
  SpecialBuildName: ""
  ptArchitecture: aarch64_linux
Results:
  Results Complete: true
  NumTestProcesses: 6
  CPU_INTEGER_MATH: 8530.1766666666663
  CPU_FLOATINGPOINT_MATH: 1483.6849371215669
  CPU_PRIME: 0.58996831755044599
  CPU_SORTING: 501.46561593635215
  CPU_ENCRYPTION: 190.6591141266795
  CPU_COMPRESSION: 3893.5262116666008
  CPU_SINGLETHREAD: 230.3488993618852
  CPU_PHYSICS: 10.989692028006715
  CPU_MATRIX_MULT_SSE: 507.98413979176541
  CPU_mm: 152.59028702419275
  CPU_sse: 361.34385053911029
  CPU_fma: 654.62442904442048
  CPU_avx: 0
  CPU_avx512: 0
  m_CPU_enc_SHA: 282194889.84958303
  m_CPU_enc_AES: 165695553.30947462
  m_CPU_enc_ECDSA: 151871270.60443357
  ME_ALLOC_S: 0
  ME_READ_S: 0
  ME_READ_L: 0
  ME_WRITE: 0
  ME_LARGE: 0
  ME_LATENCY: 0
  ME_THREADED: 0
  SUMM_CPU: 412.60735934811663
  SUMM_ME: 0
SystemInformation:
  OSName: Ubuntu 18.04.6 LTS
  Kernel: 4.9.337-tegra
  Device: quill
  Processor: ARM Cortex-A57 6 Core 2035 MHz
  NumSockets: 2
  Manufacturer: ARM
  NumCores: 6
  NumLogicals: 6
  CPUFrequency: 2035
  Memory: 7850
Checksum: 9EF8599D3E7426528E814FCAF38675BC48E400F3