BaselineInfo:
  WebDBID: -1
  TimeStamp: 20240828191406
Version:
  Major: 11
  Minor: 0
  Build: 1002
  SpecialBuildName: ""
  ptArchitecture: aarch64_linux
Results:
  Results Complete: true
  NumTestProcesses: 6
  CPU_INTEGER_MATH: 9094.0586666666659
  CPU_FLOATINGPOINT_MATH: 2455.4276101867758
  CPU_PRIME: 8.1528194148236057
  CPU_SORTING: 3839.276237286464
  CPU_ENCRYPTION: 251.55731780476302
  CPU_COMPRESSION: 6568.3968403826348
  CPU_SINGLETHREAD: 317.76587419186529
  CPU_PHYSICS: 133.69519586211524
  CPU_MATRIX_MULT_SSE: 540.82621483330479
  CPU_mm: 162.66277385485222
  CPU_sse: 379.83688966627176
  CPU_fma: 701.81554000033759
  CPU_avx: 0
  CPU_avx512: 0
  m_CPU_enc_SHA: 373738813.38937891
  m_CPU_enc_AES: 200020038.80753767
  m_CPU_enc_ECDSA: 217572046.026425
  ME_ALLOC_S: 0
  ME_READ_S: 0
  ME_READ_L: 0
  ME_WRITE: 0
  ME_LARGE: 0
  ME_LATENCY: 0
  ME_THREADED: 0
  SUMM_CPU: 945.63529758821312
  SUMM_ME: 0
SystemInformation:
  OSName: Ubuntu 18.04.6 LTS
  Kernel: 4.9.337-tegra
  Device: quill
  Processor: ARM Cortex-A57 6 Core 2035 MHz
  NumSockets: 2
  Manufacturer: ARM
  NumCores: 6
  NumLogicals: 6
  CPUFrequency: 2035
  Memory: 7850
Checksum: 37F9442E782284A0B390D622AF339F545B732FC5