BaselineInfo:
  WebDBID: -1
  TimeStamp: 20240828063031
Version:
  Major: 11
  Minor: 0
  Build: 1002
  SpecialBuildName: ""
  ptArchitecture: aarch64_linux
Results:
  Results Complete: true
  NumTestProcesses: 6
  CPU_INTEGER_MATH: 4138.1166666666668
  CPU_FLOATINGPOINT_MATH: 1127.8670976600674
  CPU_PRIME: 4.9505711548456723
  CPU_SORTING: 1776.2858088456719
  CPU_ENCRYPTION: 111.90557916752019
  CPU_COMPRESSION: 2887.8690771960883
  CPU_SINGLETHREAD: 147.78444544974093
  CPU_PHYSICS: 86.499918026561318
  CPU_MATRIX_MULT_SSE: 246.463775248644
  CPU_mm: 73.229677654020236
  CPU_sse: 174.33645488025999
  CPU_fma: 318.59109561702797
  CPU_avx: 0
  CPU_avx512: 0
  m_CPU_enc_SHA: 163236388.64029571
  m_CPU_enc_AES: 93937283.501855627
  m_CPU_enc_ECDSA: 94850841.601333603
  ME_ALLOC_S: 0
  ME_READ_S: 0
  ME_READ_L: 0
  ME_WRITE: 0
  ME_LARGE: 0
  ME_LATENCY: 0
  ME_THREADED: 0
  SUMM_CPU: 430.70271898370333
  SUMM_ME: 0
SystemInformation:
  OSName: Ubuntu 18.04.6 LTS
  Kernel: 4.9.337-tegra
  Device: quill
  Processor: ARM Cortex-A57 6 Core 2035 MHz
  NumSockets: 2
  Manufacturer: ARM
  NumCores: 6
  NumLogicals: 6
  CPUFrequency: 2035
  Memory: 7850
Checksum: CA20462196352AC40234FA966E80BF420524AF25