BaselineInfo:
  WebDBID: -1
  TimeStamp: 20240828012503
Version:
  Major: 11
  Minor: 0
  Build: 1002
  SpecialBuildName: ""
  ptArchitecture: aarch64_linux
Results:
  Results Complete: true
  NumTestProcesses: 6
  CPU_INTEGER_MATH: 2995.348
  CPU_FLOATINGPOINT_MATH: 693.37839255935307
  CPU_PRIME: 0.86825749944525143
  CPU_SORTING: 751.0604151055594
  CPU_ENCRYPTION: 80.041915898825408
  CPU_COMPRESSION: 1804.4658857941256
  CPU_SINGLETHREAD: 102.80996680320123
  CPU_PHYSICS: 15.548885491005338
  CPU_MATRIX_MULT_SSE: 178.39998122439087
  CPU_mm: 52.98673516170485
  CPU_sse: 124.80488075355272
  CPU_fma: 231.99508169522906
  CPU_avx: 0
  CPU_avx512: 0
  m_CPU_enc_SHA: 118932380.66612133
  m_CPU_enc_AES: 62700704.289166115
  m_CPU_enc_ECDSA: 70157011.061292797
  ME_ALLOC_S: 0
  ME_READ_S: 0
  ME_READ_L: 0
  ME_WRITE: 0
  ME_LARGE: 0
  ME_LATENCY: 0
  ME_THREADED: 0
  SUMM_CPU: 256.3974266178962
  SUMM_ME: 0
SystemInformation:
  OSName: Ubuntu 18.04.6 LTS
  Kernel: 4.9.337-tegra
  Device: quill
  Processor: ARM Cortex-A57 6 Core 2035 MHz
  NumSockets: 2
  Manufacturer: ARM
  NumCores: 6
  NumLogicals: 6
  CPUFrequency: 2035
  Memory: 7850
Checksum: A56F054A06684753FA30A6CB283DD142A751AF08