BaselineInfo:
  WebDBID: -1
  TimeStamp: 20240827204859
Version:
  Major: 11
  Minor: 0
  Build: 1002
  SpecialBuildName: ""
  ptArchitecture: aarch64_linux
Results:
  Results Complete: true
  NumTestProcesses: 6
  CPU_INTEGER_MATH: 2133.313333333333
  CPU_FLOATINGPOINT_MATH: 558.54875180443923
  CPU_PRIME: 2.0780349636269575
  CPU_SORTING: 854.54574830544425
  CPU_ENCRYPTION: 58.506724550923181
  CPU_COMPRESSION: 0
  CPU_SINGLETHREAD: 238.26415922232724
  CPU_PHYSICS: 33.53322183470685
  CPU_MATRIX_MULT_SSE: 110.62251783016009
  CPU_mm: 33.27316905902704
  CPU_sse: 77.963860570110654
  CPU_fma: 143.28117509020956
  CPU_avx: 0
  CPU_avx512: 0
  m_CPU_enc_SHA: 84765798.253601491
  m_CPU_enc_AES: 47638563.142675899
  m_CPU_enc_ECDSA: 51641880.211849079
  ME_ALLOC_S: 0
  ME_READ_S: 0
  ME_READ_L: 0
  ME_WRITE: 0
  ME_LARGE: 0
  ME_LATENCY: 0
  ME_THREADED: 0
  SUMM_CPU: 0
  SUMM_ME: 0
SystemInformation:
  OSName: Ubuntu 18.04.6 LTS
  Kernel: 4.9.337-tegra
  Device: quill
  Processor: ARM Cortex-A57 6 Core 2035 MHz
  NumSockets: 2
  Manufacturer: ARM
  NumCores: 6
  NumLogicals: 6
  CPUFrequency: 2035
  Memory: 7850
Checksum: BE6E46284143F78C43AB018FC7B17AAF2044909E