BaselineInfo:
  WebDBID: -1
  TimeStamp: 20240828103613
Version:
  Major: 11
  Minor: 0
  Build: 1002
  SpecialBuildName: ""
  ptArchitecture: aarch64_linux
Results:
  Results Complete: true
  NumTestProcesses: 6
  CPU_INTEGER_MATH: 5873.2619999999997
  CPU_FLOATINGPOINT_MATH: 1332.4701545737121
  CPU_PRIME: 0.94683660759305321
  CPU_SORTING: 902.32783305196108
  CPU_ENCRYPTION: 148.59213645614489
  CPU_COMPRESSION: 3254.1125604389299
  CPU_SINGLETHREAD: 186.91371954557746
  CPU_PHYSICS: 16.686513137185852
  CPU_MATRIX_MULT_SSE: 348.5585526468156
  CPU_mm: 107.20268982559298
  CPU_sse: 249.25085743260317
  CPU_fma: 447.86624786102806
  CPU_avx: 0
  CPU_avx512: 0
  m_CPU_enc_SHA: 223951856.26042286
  m_CPU_enc_AES: 125775165.58958039
  m_CPU_enc_ECDSA: 117703422.37991254
  ME_ALLOC_S: 0
  ME_READ_S: 0
  ME_READ_L: 0
  ME_WRITE: 0
  ME_LARGE: 0
  ME_LATENCY: 0
  ME_THREADED: 0
  SUMM_CPU: 424.29363475959065
  SUMM_ME: 0
SystemInformation:
  OSName: Ubuntu 18.04.6 LTS
  Kernel: 4.9.337-tegra
  Device: quill
  Processor: ARM Cortex-A57 6 Core 2035 MHz
  NumSockets: 2
  Manufacturer: ARM
  NumCores: 6
  NumLogicals: 6
  CPUFrequency: 2035
  Memory: 7850
Checksum: 4E329EA71E1626CAEF999ABC12C1F7B573EC2078