BaselineInfo:
  WebDBID: -1
  TimeStamp: 20240827214636
Version:
  Major: 11
  Minor: 0
  Build: 1002
  SpecialBuildName: ""
  ptArchitecture: aarch64_linux
Results:
  Results Complete: true
  NumTestProcesses: 6
  CPU_INTEGER_MATH: 1774.0060000000001
  CPU_FLOATINGPOINT_MATH: 482.05329411224216
  CPU_PRIME: 1.7976256914646913
  CPU_SORTING: 800.78845924757684
  CPU_ENCRYPTION: 58.93878996394205
  CPU_COMPRESSION: 0
  CPU_SINGLETHREAD: 237.39434879190628
  CPU_PHYSICS: 33.544151471681189
  CPU_MATRIX_MULT_SSE: 107.31218387883669
  CPU_mm: 31.949081593291531
  CPU_sse: 71.505791892179985
  CPU_fma: 143.11857586549343
  CPU_avx: 0
  CPU_avx512: 0
  m_CPU_enc_SHA: 87435259.305478856
  m_CPU_enc_AES: 47601174.837726951
  m_CPU_enc_ECDSA: 50368967.732485697
  ME_ALLOC_S: 0
  ME_READ_S: 0
  ME_READ_L: 0
  ME_WRITE: 0
  ME_LARGE: 0
  ME_LATENCY: 0
  ME_THREADED: 0
  SUMM_CPU: 0
  SUMM_ME: 0
SystemInformation:
  OSName: Ubuntu 18.04.6 LTS
  Kernel: 4.9.337-tegra
  Device: quill
  Processor: ARM Cortex-A57 6 Core 2035 MHz
  NumSockets: 2
  Manufacturer: ARM
  NumCores: 6
  NumLogicals: 6
  CPUFrequency: 2035
  Memory: 7850
Checksum: 06A6413E49D50FCFD1C6AED31FBC5AD2908DD831