BaselineInfo:
  WebDBID: -1
  TimeStamp: 20240828153558
Version:
  Major: 11
  Minor: 0
  Build: 1002
  SpecialBuildName: ""
  ptArchitecture: aarch64_linux
Results:
  Results Complete: true
  NumTestProcesses: 6
  CPU_INTEGER_MATH: 7886.6326666666664
  CPU_FLOATINGPOINT_MATH: 2026.7578212034359
  CPU_PRIME: 4.0435866340494622
  CPU_SORTING: 2583.9290413937865
  CPU_ENCRYPTION: 216.6478404095966
  CPU_COMPRESSION: 5556.4611195968037
  CPU_SINGLETHREAD: 268.34910924591668
  CPU_PHYSICS: 64.783541530025886
  CPU_MATRIX_MULT_SSE: 470.72127604077951
  CPU_mm: 140.93425507966202
  CPU_sse: 331.14186887870397
  CPU_fma: 610.30068320285511
  CPU_avx: 0
  CPU_avx512: 0
  m_CPU_enc_SHA: 311827523.58648682
  m_CPU_enc_AES: 174254103.39579561
  m_CPU_enc_ECDSA: 195433550.73371702
  ME_ALLOC_S: 0
  ME_READ_S: 0
  ME_READ_L: 0
  ME_WRITE: 0
  ME_LARGE: 0
  ME_LATENCY: 0
  ME_THREADED: 0
  SUMM_CPU: 768.28530682278574
  SUMM_ME: 0
SystemInformation:
  OSName: Ubuntu 18.04.6 LTS
  Kernel: 4.9.337-tegra
  Device: quill
  Processor: ARM Cortex-A57 6 Core 2035 MHz
  NumSockets: 2
  Manufacturer: ARM
  NumCores: 6
  NumLogicals: 6
  CPUFrequency: 2035
  Memory: 7850
Checksum: CADF33145DD9207AB2D63ECE2229D222BDC23CEC