BaselineInfo:
  WebDBID: -1
  TimeStamp: 20240828155303
Version:
  Major: 11
  Minor: 0
  Build: 1002
  SpecialBuildName: ""
  ptArchitecture: aarch64_linux
Results:
  Results Complete: true
  NumTestProcesses: 6
  CPU_INTEGER_MATH: 7928.0493333333343
  CPU_FLOATINGPOINT_MATH: 2151.5842875040944
  CPU_PRIME: 7.5487131704718342
  CPU_SORTING: 3304.332592473394
  CPU_ENCRYPTION: 217.94356928245608
  CPU_COMPRESSION: 5604.1172716498377
  CPU_SINGLETHREAD: 282.17511626052931
  CPU_PHYSICS: 122.37860609747798
  CPU_MATRIX_MULT_SSE: 472.93937085712804
  CPU_mm: 141.4221220537359
  CPU_sse: 333.38185607066333
  CPU_fma: 612.49688564359269
  CPU_avx: 0
  CPU_avx512: 0
  m_CPU_enc_SHA: 325840990.95444465
  m_CPU_enc_AES: 167463167.15288132
  m_CPU_enc_ECDSA: 192287030.20443603
  ME_ALLOC_S: 0
  ME_READ_S: 0
  ME_READ_L: 0
  ME_WRITE: 0
  ME_LARGE: 0
  ME_LATENCY: 0
  ME_THREADED: 0
  SUMM_CPU: 821.21675670264563
  SUMM_ME: 0
SystemInformation:
  OSName: Ubuntu 18.04.6 LTS
  Kernel: 4.9.337-tegra
  Device: quill
  Processor: ARM Cortex-A57 6 Core 2035 MHz
  NumSockets: 2
  Manufacturer: ARM
  NumCores: 6
  NumLogicals: 6
  CPUFrequency: 2035
  Memory: 7850
Checksum: 6FFFFEEFB38593A3B5452098B36DB986E4CCB1F8