BaselineInfo:
  WebDBID: -1
  TimeStamp: 20240828115032
Version:
  Major: 11
  Minor: 0
  Build: 1002
  SpecialBuildName: ""
  ptArchitecture: aarch64_linux
Results:
  Results Complete: true
  NumTestProcesses: 6
  CPU_INTEGER_MATH: 6134.9679999999998
  CPU_FLOATINGPOINT_MATH: 1657.7927134544429
  CPU_PRIME: 6.5409089101474542
  CPU_SORTING: 2662.4159551174384
  CPU_ENCRYPTION: 168.52469047899712
  CPU_COMPRESSION: 4371.3394539398523
  CPU_SINGLETHREAD: 217.43082877880749
  CPU_PHYSICS: 110.35758430977761
  CPU_MATRIX_MULT_SSE: 368.44487046190699
  CPU_mm: 109.49611441405817
  CPU_sse: 256.6977345923134
  CPU_fma: 480.19200633150069
  CPU_avx: 0
  CPU_avx512: 0
  m_CPU_enc_SHA: 249221488.5479959
  m_CPU_enc_AES: 132595368.87455881
  m_CPU_enc_ECDSA: 148315980.10855988
  ME_ALLOC_S: 0
  ME_READ_S: 0
  ME_READ_L: 0
  ME_WRITE: 0
  ME_LARGE: 0
  ME_LATENCY: 0
  ME_THREADED: 0
  SUMM_CPU: 642.16680949309978
  SUMM_ME: 0
SystemInformation:
  OSName: Ubuntu 18.04.6 LTS
  Kernel: 4.9.337-tegra
  Device: quill
  Processor: ARM Cortex-A57 6 Core 2035 MHz
  NumSockets: 2
  Manufacturer: ARM
  NumCores: 6
  NumLogicals: 6
  CPUFrequency: 2035
  Memory: 7850
Checksum: 85756FABA12D3C9FCD7740D24074324415215B0A