BaselineInfo:
  WebDBID: -1
  TimeStamp: 20240828131705
Version:
  Major: 11
  Minor: 0
  Build: 1002
  SpecialBuildName: ""
  ptArchitecture: aarch64_linux
Results:
  Results Complete: true
  NumTestProcesses: 6
  CPU_INTEGER_MATH: 7046.0400000000009
  CPU_FLOATINGPOINT_MATH: 1824.4903301019847
  CPU_PRIME: 3.8687229919002459
  CPU_SORTING: 2425.9982147747946
  CPU_ENCRYPTION: 194.64521134243867
  CPU_COMPRESSION: 4811.3372871610609
  CPU_SINGLETHREAD: 241.7490582818377
  CPU_PHYSICS: 62.534622400010619
  CPU_MATRIX_MULT_SSE: 418.79095598829349
  CPU_mm: 126.18218464418342
  CPU_sse: 294.06071705994134
  CPU_fma: 543.52119491664564
  CPU_avx: 0
  CPU_avx512: 0
  m_CPU_enc_SHA: 277964981.35990506
  m_CPU_enc_AES: 152140043.33355832
  m_CPU_enc_ECDSA: 182195866.6923635
  ME_ALLOC_S: 0
  ME_READ_S: 0
  ME_READ_L: 0
  ME_WRITE: 0
  ME_LARGE: 0
  ME_LATENCY: 0
  ME_THREADED: 0
  SUMM_CPU: 687.881674699668
  SUMM_ME: 0
SystemInformation:
  OSName: Ubuntu 18.04.6 LTS
  Kernel: 4.9.337-tegra
  Device: quill
  Processor: ARM Cortex-A57 6 Core 2035 MHz
  NumSockets: 2
  Manufacturer: ARM
  NumCores: 6
  NumLogicals: 6
  CPUFrequency: 2035
  Memory: 7850
Checksum: 06DAB0FB617536C730DD5989E4E088D7418C8A5A