BaselineInfo:
  WebDBID: -1
  TimeStamp: 20240828085944
Version:
  Major: 11
  Minor: 0
  Build: 1002
  SpecialBuildName: ""
  ptArchitecture: aarch64_linux
Results:
  Results Complete: true
  NumTestProcesses: 6
  CPU_INTEGER_MATH: 4973.2186666666666
  CPU_FLOATINGPOINT_MATH: 1091.7185436136613
  CPU_PRIME: 0.92966809021418906
  CPU_SORTING: 868.81592128328305
  CPU_ENCRYPTION: 131.36233998450285
  CPU_COMPRESSION: 2786.6440313278149
  CPU_SINGLETHREAD: 158.56688950479543
  CPU_PHYSICS: 16.781487982712353
  CPU_MATRIX_MULT_SSE: 294.6137057435036
  CPU_mm: 88.852890837713929
  CPU_sse: 209.02889632828999
  CPU_fma: 380.19851515871721
  CPU_avx: 0
  CPU_avx512: 0
  m_CPU_enc_SHA: 190132496.46675846
  m_CPU_enc_AES: 104816838.54336272
  m_CPU_enc_ECDSA: 118280856.02464899
  ME_ALLOC_S: 0
  ME_READ_S: 0
  ME_READ_L: 0
  ME_WRITE: 0
  ME_LARGE: 0
  ME_LATENCY: 0
  ME_THREADED: 0
  SUMM_CPU: 377.47487305811165
  SUMM_ME: 0
SystemInformation:
  OSName: Ubuntu 18.04.6 LTS
  Kernel: 4.9.337-tegra
  Device: quill
  Processor: ARM Cortex-A57 6 Core 2035 MHz
  NumSockets: 2
  Manufacturer: ARM
  NumCores: 6
  NumLogicals: 6
  CPUFrequency: 2035
  Memory: 7850
Checksum: CAC6A3B7B8C1E89FB681788BEA7DB36F8D8066F5