BaselineInfo:
  WebDBID: -1
  TimeStamp: 20240828004441
Version:
  Major: 11
  Minor: 0
  Build: 1002
  SpecialBuildName: ""
  ptArchitecture: aarch64_linux
Results:
  Results Complete: true
  NumTestProcesses: 6
  CPU_INTEGER_MATH: 2854.2473333333332
  CPU_FLOATINGPOINT_MATH: 459.99131927655515
  CPU_PRIME: 0
  CPU_SORTING: 0.22734085981998978
  CPU_ENCRYPTION: 132.80160143368329
  CPU_COMPRESSION: 54.351947336196417
  CPU_SINGLETHREAD: 0
  CPU_PHYSICS: 0
  CPU_MATRIX_MULT_SSE: 43.449461850296537
  CPU_mm: 15.385556578736654
  CPU_sse: 34.025994979712877
  CPU_fma: 52.872928720880211
  CPU_avx: 0
  CPU_avx512: 0
  m_CPU_enc_SHA: 37385161.148833573
  m_CPU_enc_AES: 51339152.515130438
  m_CPU_enc_ECDSA: 0
  ME_ALLOC_S: 0
  ME_READ_S: 0
  ME_READ_L: 0
  ME_WRITE: 0
  ME_LARGE: 0
  ME_LATENCY: 0
  ME_THREADED: 0
  SUMM_CPU: 0
  SUMM_ME: 0
SystemInformation:
  OSName: Ubuntu 18.04.6 LTS
  Kernel: 4.9.337-tegra
  Device: quill
  Processor: ARM Cortex-A57 6 Core 2035 MHz
  NumSockets: 2
  Manufacturer: ARM
  NumCores: 6
  NumLogicals: 6
  CPUFrequency: 2035
  Memory: 7850
Checksum: 876E62567172FFC76A184A522F13F2F0655F79DA