BaselineInfo:
  WebDBID: -1
  TimeStamp: 20240828180934
Version:
  Major: 11
  Minor: 0
  Build: 1002
  SpecialBuildName: ""
  ptArchitecture: aarch64_linux
Results:
  Results Complete: true
  NumTestProcesses: 6
  CPU_INTEGER_MATH: 9074.746666666666
  CPU_FLOATINGPOINT_MATH: 2442.3635073442169
  CPU_PRIME: 6.7547581030752184
  CPU_SORTING: 3583.5510893898822
  CPU_ENCRYPTION: 251.25558833806662
  CPU_COMPRESSION: 6377.6855804406423
  CPU_SINGLETHREAD: 315.46181793318215
  CPU_PHYSICS: 114.04671907028705
  CPU_MATRIX_MULT_SSE: 540.43311292306669
  CPU_mm: 161.82512061808683
  CPU_sse: 381.41518830004048
  CPU_fma: 699.45103754609295
  CPU_avx: 0
  CPU_avx512: 0
  m_CPU_enc_SHA: 367606985.144925
  m_CPU_enc_AES: 196084941.16363189
  m_CPU_enc_ECDSA: 226689813.08297276
  ME_ALLOC_S: 0
  ME_READ_S: 0
  ME_READ_L: 0
  ME_WRITE: 0
  ME_LARGE: 0
  ME_LATENCY: 0
  ME_THREADED: 0
  SUMM_CPU: 924.61008937971042
  SUMM_ME: 0
SystemInformation:
  OSName: Ubuntu 18.04.6 LTS
  Kernel: 4.9.337-tegra
  Device: quill
  Processor: ARM Cortex-A57 6 Core 2035 MHz
  NumSockets: 2
  Manufacturer: ARM
  NumCores: 6
  NumLogicals: 6
  CPUFrequency: 2035
  Memory: 7850
Checksum: 179B8D898482B3E043CA10C197344FCB67E6920E