BaselineInfo:
  WebDBID: -1
  TimeStamp: 20240828203444
Version:
  Major: 11
  Minor: 0
  Build: 1002
  SpecialBuildName: ""
  ptArchitecture: aarch64_linux
Results:
  Results Complete: true
  NumTestProcesses: 6
  CPU_INTEGER_MATH: 9080.0006666666668
  CPU_FLOATINGPOINT_MATH: 2372.0407898538297
  CPU_PRIME: 4.0919651131541466
  CPU_SORTING: 2786.1364035929619
  CPU_ENCRYPTION: 245.45749412870924
  CPU_COMPRESSION: 6245.8294295627029
  CPU_SINGLETHREAD: 307.46008007381437
  CPU_PHYSICS: 66.93977380336959
  CPU_MATRIX_MULT_SSE: 539.94577930424134
  CPU_mm: 162.11655350757891
  CPU_sse: 381.03902652668614
  CPU_fma: 698.85253208179665
  CPU_avx: 0
  CPU_avx512: 0
  m_CPU_enc_SHA: 364386470.32135928
  m_CPU_enc_AES: 190113276.56414208
  m_CPU_enc_ECDSA: 217642765.20501488
  ME_ALLOC_S: 0
  ME_READ_S: 0
  ME_READ_L: 0
  ME_WRITE: 0
  ME_LARGE: 0
  ME_LATENCY: 0
  ME_THREADED: 0
  SUMM_CPU: 863.31279574788812
  SUMM_ME: 0
SystemInformation:
  OSName: Ubuntu 18.04.6 LTS
  Kernel: 4.9.337-tegra
  Device: quill
  Processor: ARM Cortex-A57 6 Core 2035 MHz
  NumSockets: 2
  Manufacturer: ARM
  NumCores: 6
  NumLogicals: 6
  CPUFrequency: 2035
  Memory: 7850
Checksum: 6FFFD9F31FE909231A93A2EF421970D646FD8868