BaselineInfo:
  WebDBID: -1
  TimeStamp: 20240828122843
Version:
  Major: 11
  Minor: 0
  Build: 1002
  SpecialBuildName: ""
  ptArchitecture: aarch64_linux
Results:
  Results Complete: true
  NumTestProcesses: 6
  CPU_INTEGER_MATH: 6139.9380000000001
  CPU_FLOATINGPOINT_MATH: 1659.866763285492
  CPU_PRIME: 5.6478260997739156
  CPU_SORTING: 2544.1475422339486
  CPU_ENCRYPTION: 168.84496981404806
  CPU_COMPRESSION: 4281.3022908984758
  CPU_SINGLETHREAD: 216.49834498537882
  CPU_PHYSICS: 96.17587263874529
  CPU_MATRIX_MULT_SSE: 366.80553048046932
  CPU_mm: 109.45599448982011
  CPU_sse: 257.08460849772001
  CPU_fma: 476.52645246321867
  CPU_avx: 0
  CPU_avx512: 0
  m_CPU_enc_SHA: 254557112.52722785
  m_CPU_enc_AES: 136152846.877056
  m_CPU_enc_ECDSA: 140430389.79892188
  ME_ALLOC_S: 0
  ME_READ_S: 0
  ME_READ_L: 0
  ME_WRITE: 0
  ME_LARGE: 0
  ME_LATENCY: 0
  ME_THREADED: 0
  SUMM_CPU: 632.80224072305634
  SUMM_ME: 0
SystemInformation:
  OSName: Ubuntu 18.04.6 LTS
  Kernel: 4.9.337-tegra
  Device: quill
  Processor: ARM Cortex-A57 6 Core 2035 MHz
  NumSockets: 2
  Manufacturer: ARM
  NumCores: 6
  NumLogicals: 6
  CPUFrequency: 2035
  Memory: 7850
Checksum: 5F91D3772650FC4F4E36BE13AF427476AA0E39E4