BaselineInfo:
  WebDBID: -1
  TimeStamp: 20240828082421
Version:
  Major: 11
  Minor: 0
  Build: 1002
  SpecialBuildName: ""
  ptArchitecture: aarch64_linux
Results:
  Results Complete: true
  NumTestProcesses: 6
  CPU_INTEGER_MATH: 5143.4293333333335
  CPU_FLOATINGPOINT_MATH: 1399.8295770156242
  CPU_PRIME: 5.7901023492924821
  CPU_SORTING: 2171.8802395069815
  CPU_ENCRYPTION: 141.40615171738986
  CPU_COMPRESSION: 3635.4049348897788
  CPU_SINGLETHREAD: 184.63369425814057
  CPU_PHYSICS: 98.722344249591401
  CPU_MATRIX_MULT_SSE: 307.31424550008842
  CPU_mm: 91.708542379046051
  CPU_sse: 217.47008003319462
  CPU_fma: 397.15841096698216
  CPU_avx: 0
  CPU_avx512: 0
  m_CPU_enc_SHA: 221746206.41807497
  m_CPU_enc_AES: 115156930.76781221
  m_CPU_enc_ECDSA: 107922153.64375418
  ME_ALLOC_S: 0
  ME_READ_S: 0
  ME_READ_L: 0
  ME_WRITE: 0
  ME_LARGE: 0
  ME_LATENCY: 0
  ME_THREADED: 0
  SUMM_CPU: 538.25631878743661
  SUMM_ME: 0
SystemInformation:
  OSName: Ubuntu 18.04.6 LTS
  Kernel: 4.9.337-tegra
  Device: quill
  Processor: ARM Cortex-A57 6 Core 2035 MHz
  NumSockets: 2
  Manufacturer: ARM
  NumCores: 6
  NumLogicals: 6
  CPUFrequency: 2035
  Memory: 7850
Checksum: C15C9A2E40B60EF86554654F9D498CB43C2FEB49