BaselineInfo:
  WebDBID: -1
  TimeStamp: 20240828020921
Version:
  Major: 11
  Minor: 0
  Build: 1002
  SpecialBuildName: ""
  ptArchitecture: aarch64_linux
Results:
  Results Complete: true
  NumTestProcesses: 6
  CPU_INTEGER_MATH: 3139.6673333333329
  CPU_FLOATINGPOINT_MATH: 852.9541160640531
  CPU_PRIME: 3.9566323684826163
  CPU_SORTING: 1298.2929028974061
  CPU_ENCRYPTION: 84.287323954417872
  CPU_COMPRESSION: 2144.8050587188604
  CPU_SINGLETHREAD: 112.8803484660972
  CPU_PHYSICS: 67.299529397092854
  CPU_MATRIX_MULT_SSE: 187.32580597377432
  CPU_mm: 56.389696274371197
  CPU_sse: 132.38621445738539
  CPU_fma: 242.2653974901632
  CPU_avx: 0
  CPU_avx512: 0
  m_CPU_enc_SHA: 124712866.41622998
  m_CPU_enc_AES: 65800206.133052319
  m_CPU_enc_ECDSA: 74631922.45920074
  ME_ALLOC_S: 0
  ME_READ_S: 0
  ME_READ_L: 0
  ME_WRITE: 0
  ME_LARGE: 0
  ME_LATENCY: 0
  ME_THREADED: 0
  SUMM_CPU: 324.10959631090441
  SUMM_ME: 0
SystemInformation:
  OSName: Ubuntu 18.04.6 LTS
  Kernel: 4.9.337-tegra
  Device: quill
  Processor: ARM Cortex-A57 6 Core 2035 MHz
  NumSockets: 2
  Manufacturer: ARM
  NumCores: 6
  NumLogicals: 6
  CPUFrequency: 2035
  Memory: 7850
Checksum: 829115DF44CC6AE3DE0076D238AD44BC2B25AF4C