BaselineInfo:
  WebDBID: -1
  TimeStamp: 20240827220554
Version:
  Major: 11
  Minor: 0
  Build: 1002
  SpecialBuildName: ""
  ptArchitecture: aarch64_linux
Results:
  Results Complete: true
  NumTestProcesses: 6
  CPU_INTEGER_MATH: 1790.9986666666668
  CPU_FLOATINGPOINT_MATH: 487.39153796063391
  CPU_PRIME: 1.8427699618224405
  CPU_SORTING: 778.09840618533326
  CPU_ENCRYPTION: 61.471134244151216
  CPU_COMPRESSION: 0
  CPU_SINGLETHREAD: 232.00231325654948
  CPU_PHYSICS: 33.352209989227347
  CPU_MATRIX_MULT_SSE: 107.24643352838845
  CPU_mm: 33.669831514939887
  CPU_sse: 72.155092617634011
  CPU_fma: 142.33777443914289
  CPU_avx: 0
  CPU_avx512: 0
  m_CPU_enc_SHA: 84842726.0264121
  m_CPU_enc_AES: 47265565.299585819
  m_CPU_enc_ECDSA: 61263176.857587412
  ME_ALLOC_S: 0
  ME_READ_S: 0
  ME_READ_L: 0
  ME_WRITE: 0
  ME_LARGE: 0
  ME_LATENCY: 0
  ME_THREADED: 0
  SUMM_CPU: 0
  SUMM_ME: 0
SystemInformation:
  OSName: Ubuntu 18.04.6 LTS
  Kernel: 4.9.337-tegra
  Device: quill
  Processor: ARM Cortex-A57 6 Core 2035 MHz
  NumSockets: 2
  Manufacturer: ARM
  NumCores: 6
  NumLogicals: 6
  CPUFrequency: 2035
  Memory: 7850
Checksum: 76580704014F473BA93C0622350ACF2E466FF036