BaselineInfo:
  WebDBID: -1
  TimeStamp: 20240827232602
Version:
  Major: 11
  Minor: 0
  Build: 1002
  SpecialBuildName: ""
  ptArchitecture: aarch64_linux
Results:
  Results Complete: true
  NumTestProcesses: 6
  CPU_INTEGER_MATH: 3136.3539999999998
  CPU_FLOATINGPOINT_MATH: 846.77943792815745
  CPU_PRIME: 3.758670387666291
  CPU_SORTING: 1310.1997921678255
  CPU_ENCRYPTION: 85.828102391088308
  CPU_COMPRESSION: 2186.9529091583186
  CPU_SINGLETHREAD: 112.56155995331987
  CPU_PHYSICS: 66.086079334630128
  CPU_MATRIX_MULT_SSE: 187.14345405902145
  CPU_mm: 55.520890126480111
  CPU_sse: 131.7315175172827
  CPU_fma: 242.55539060076018
  CPU_avx: 0
  CPU_avx512: 0
  m_CPU_enc_SHA: 128872257.77433544
  m_CPU_enc_AES: 67136486.410518184
  m_CPU_enc_ECDSA: 73983120.693659827
  ME_ALLOC_S: 0
  ME_READ_S: 0
  ME_READ_L: 0
  ME_WRITE: 0
  ME_LARGE: 0
  ME_LATENCY: 0
  ME_THREADED: 0
  SUMM_CPU: 327.04864651111797
  SUMM_ME: 0
SystemInformation:
  OSName: Ubuntu 18.04.6 LTS
  Kernel: 4.9.337-tegra
  Device: quill
  Processor: ARM Cortex-A57 6 Core 2035 MHz
  NumSockets: 2
  Manufacturer: ARM
  NumCores: 6
  NumLogicals: 6
  CPUFrequency: 2035
  Memory: 7850
Checksum: A12567451CB04BD6297213566F7F0F68E09713F1