BaselineInfo:
  WebDBID: -1
  TimeStamp: 20240828001429
Version:
  Major: 11
  Minor: 0
  Build: 1002
  SpecialBuildName: ""
  ptArchitecture: aarch64_linux
Results:
  Results Complete: true
  NumTestProcesses: 6
  CPU_INTEGER_MATH: 3103.6466666666661
  CPU_FLOATINGPOINT_MATH: 774.74465362113676
  CPU_PRIME: 1.6797868401603331
  CPU_SORTING: 1151.7575078676082
  CPU_ENCRYPTION: 84.581257239902499
  CPU_COMPRESSION: 2004.7219453061682
  CPU_SINGLETHREAD: 108.33072909911637
  CPU_PHYSICS: 29.96539720705842
  CPU_MATRIX_MULT_SSE: 183.69483797235543
  CPU_mm: 55.595887467387968
  CPU_sse: 130.9026143055533
  CPU_fma: 236.48706163915753
  CPU_avx: 0
  CPU_avx512: 0
  m_CPU_enc_SHA: 124298950.24721064
  m_CPU_enc_AES: 67054973.624850877
  m_CPU_enc_ECDSA: 74715705.302702472
  ME_ALLOC_S: 0
  ME_READ_S: 0
  ME_READ_L: 0
  ME_WRITE: 0
  ME_LARGE: 0
  ME_LATENCY: 0
  ME_THREADED: 0
  SUMM_CPU: 298.05051854611116
  SUMM_ME: 0
SystemInformation:
  OSName: Ubuntu 18.04.6 LTS
  Kernel: 4.9.337-tegra
  Device: quill
  Processor: ARM Cortex-A57 6 Core 2035 MHz
  NumSockets: 2
  Manufacturer: ARM
  NumCores: 6
  NumLogicals: 6
  CPUFrequency: 2035
  Memory: 7850
Checksum: 96ECBD819F1C763BE63B786E0F1A7801171A9649