BaselineInfo:
  WebDBID: -1
  TimeStamp: 20240828161640
Version:
  Major: 11
  Minor: 0
  Build: 1002
  SpecialBuildName: ""
  ptArchitecture: aarch64_linux
Results:
  Results Complete: true
  NumTestProcesses: 6
  CPU_INTEGER_MATH: 7936.4273333333331
  CPU_FLOATINGPOINT_MATH: 2146.1590489656633
  CPU_PRIME: 6.9807723619817414
  CPU_SORTING: 3317.8765808580365
  CPU_ENCRYPTION: 220.63474481863739
  CPU_COMPRESSION: 5787.6753124419411
  CPU_SINGLETHREAD: 277.87400057237943
  CPU_PHYSICS: 116.63003705031267
  CPU_MATRIX_MULT_SSE: 471.88037873236931
  CPU_mm: 141.55159650149508
  CPU_sse: 332.52157347802256
  CPU_fma: 611.23918398671617
  CPU_avx: 0
  CPU_avx512: 0
  m_CPU_enc_SHA: 327391008.76845813
  m_CPU_enc_AES: 172686957.95292115
  m_CPU_enc_ECDSA: 193978927.82746321
  ME_ALLOC_S: 0
  ME_READ_S: 0
  ME_READ_L: 0
  ME_WRITE: 0
  ME_LARGE: 0
  ME_LATENCY: 0
  ME_THREADED: 0
  SUMM_CPU: 828.03776697168689
  SUMM_ME: 0
SystemInformation:
  OSName: Ubuntu 18.04.6 LTS
  Kernel: 4.9.337-tegra
  Device: quill
  Processor: ARM Cortex-A57 6 Core 2035 MHz
  NumSockets: 2
  Manufacturer: ARM
  NumCores: 6
  NumLogicals: 6
  CPUFrequency: 2035
  Memory: 7850
Checksum: 3A7C80FEED26C5F85BD575FBD7F025DBBD2C6837