BaselineInfo:
  WebDBID: -1
  TimeStamp: 20240828053459
Version:
  Major: 11
  Minor: 0
  Build: 1002
  SpecialBuildName: ""
  ptArchitecture: aarch64_linux
Results:
  Results Complete: true
  NumTestProcesses: 6
  CPU_INTEGER_MATH: 4093.8126666666667
  CPU_FLOATINGPOINT_MATH: 1035.776916254684
  CPU_PRIME: 1.8190242807796326
  CPU_SORTING: 1289.5876209502183
  CPU_ENCRYPTION: 112.84100143906576
  CPU_COMPRESSION: 2637.0998078460957
  CPU_SINGLETHREAD: 139.69563549735142
  CPU_PHYSICS: 31.481926369895167
  CPU_MATRIX_MULT_SSE: 243.4512395331767
  CPU_mm: 72.909011599976211
  CPU_sse: 171.67581381238037
  CPU_fma: 315.22666525397301
  CPU_avx: 0
  CPU_avx512: 0
  m_CPU_enc_SHA: 166756689.07156178
  m_CPU_enc_AES: 86076498.252043873
  m_CPU_enc_ECDSA: 102133910.45130384
  ME_ALLOC_S: 0
  ME_READ_S: 0
  ME_READ_L: 0
  ME_WRITE: 0
  ME_LARGE: 0
  ME_LATENCY: 0
  ME_THREADED: 0
  SUMM_CPU: 384.32371398852149
  SUMM_ME: 0
SystemInformation:
  OSName: Ubuntu 18.04.6 LTS
  Kernel: 4.9.337-tegra
  Device: quill
  Processor: ARM Cortex-A57 6 Core 2035 MHz
  NumSockets: 2
  Manufacturer: ARM
  NumCores: 6
  NumLogicals: 6
  CPUFrequency: 2035
  Memory: 7850
Checksum: AA727647DDF3F7AEE04BB6CEC20C2F641F519E13