BaselineInfo:
  WebDBID: -1
  TimeStamp: 20240828074900
Version:
  Major: 11
  Minor: 0
  Build: 1002
  SpecialBuildName: ""
  ptArchitecture: aarch64_linux
Results:
  Results Complete: true
  NumTestProcesses: 6
  CPU_INTEGER_MATH: 5076.3106666666672
  CPU_FLOATINGPOINT_MATH: 1275.9502566145507
  CPU_PRIME: 1.8854722620170199
  CPU_SORTING: 1491.9710294754334
  CPU_ENCRYPTION: 135.21291899400921
  CPU_COMPRESSION: 3239.5077032541417
  CPU_SINGLETHREAD: 170.7823867052611
  CPU_PHYSICS: 34.534511427593515
  CPU_MATRIX_MULT_SSE: 297.569299667233
  CPU_mm: 90.599559893903333
  CPU_sse: 214.13037862345641
  CPU_fma: 381.00822071100964
  CPU_avx: 0
  CPU_avx512: 0
  m_CPU_enc_SHA: 205030428.02900222
  m_CPU_enc_AES: 108171219.89530167
  m_CPU_enc_ECDSA: 112141417.3168827
  ME_ALLOC_S: 0
  ME_READ_S: 0
  ME_READ_L: 0
  ME_WRITE: 0
  ME_LARGE: 0
  ME_LATENCY: 0
  ME_THREADED: 0
  SUMM_CPU: 460.86895966211148
  SUMM_ME: 0
SystemInformation:
  OSName: Ubuntu 18.04.6 LTS
  Kernel: 4.9.337-tegra
  Device: quill
  Processor: ARM Cortex-A57 6 Core 2035 MHz
  NumSockets: 2
  Manufacturer: ARM
  NumCores: 6
  NumLogicals: 6
  CPUFrequency: 2035
  Memory: 7850
Checksum: 1AB9BABB53944024C7C88C8392B496D0C2B9FF38