BaselineInfo:
  WebDBID: -1
  TimeStamp: 20240828033137
Version:
  Major: 11
  Minor: 0
  Build: 1002
  SpecialBuildName: ""
  ptArchitecture: aarch64_linux
Results:
  Results Complete: true
  NumTestProcesses: 6
  CPU_INTEGER_MATH: 4129.9279999999999
  CPU_FLOATINGPOINT_MATH: 1100.8840976588813
  CPU_PRIME: 4.0671882166134008
  CPU_SORTING: 1728.2873230329735
  CPU_ENCRYPTION: 111.34501439265148
  CPU_COMPRESSION: 2836.6100305319965
  CPU_SINGLETHREAD: 146.03931809197644
  CPU_PHYSICS: 69.83017972234947
  CPU_MATRIX_MULT_SSE: 246.62421635330415
  CPU_mm: 73.743750184079175
  CPU_sse: 172.84809082706346
  CPU_fma: 320.40034187954484
  CPU_avx: 0
  CPU_avx512: 0
  m_CPU_enc_SHA: 162346374.30255371
  m_CPU_enc_AES: 93879249.370559752
  m_CPU_enc_ECDSA: 94035505.76225327
  ME_ALLOC_S: 0
  ME_READ_S: 0
  ME_READ_L: 0
  ME_WRITE: 0
  ME_LARGE: 0
  ME_LATENCY: 0
  ME_THREADED: 0
  SUMM_CPU: 422.49962932815822
  SUMM_ME: 0
SystemInformation:
  OSName: Ubuntu 18.04.6 LTS
  Kernel: 4.9.337-tegra
  Device: quill
  Processor: ARM Cortex-A57 6 Core 2035 MHz
  NumSockets: 2
  Manufacturer: ARM
  NumCores: 6
  NumLogicals: 6
  CPUFrequency: 2035
  Memory: 7850
Checksum: EAD9EE9DC28555B7E1474F0669CDCDD88F663F21