BaselineInfo:
  WebDBID: -1
  TimeStamp: 20240828203858
Version:
  Major: 11
  Minor: 0
  Build: 1002
  SpecialBuildName: ""
  ptArchitecture: aarch64_linux
Results:
  Results Complete: true
  NumTestProcesses: 6
  CPU_INTEGER_MATH: 9104.7086666666673
  CPU_FLOATINGPOINT_MATH: 2480.2811009635157
  CPU_PRIME: 8.0600523831499888
  CPU_SORTING: 3762.7474734157959
  CPU_ENCRYPTION: 254.58674674635506
  CPU_COMPRESSION: 6302.5996681633133
  CPU_SINGLETHREAD: 320.45853102283542
  CPU_PHYSICS: 129.96853692078787
  CPU_MATRIX_MULT_SSE: 542.70141532327966
  CPU_mm: 162.59445983771883
  CPU_sse: 381.82596913044682
  CPU_fma: 703.57686151611233
  CPU_avx: 0
  CPU_avx512: 0
  m_CPU_enc_SHA: 380848270.98982924
  m_CPU_enc_AES: 198547114.12930137
  m_CPU_enc_ECDSA: 221465272.54978725
  ME_ALLOC_S: 0
  ME_READ_S: 0
  ME_READ_L: 0
  ME_WRITE: 0
  ME_LARGE: 0
  ME_LATENCY: 0
  ME_THREADED: 0
  SUMM_CPU: 937.85747648433664
  SUMM_ME: 0
SystemInformation:
  OSName: Ubuntu 18.04.6 LTS
  Kernel: 4.9.337-tegra
  Device: quill
  Processor: ARM Cortex-A57 6 Core 2035 MHz
  NumSockets: 2
  Manufacturer: ARM
  NumCores: 6
  NumLogicals: 6
  CPUFrequency: 2035
  Memory: 7850
Checksum: 9619423FD847FCC01B4C4CF6C3677A03DBCD74DC