BaselineInfo:
  WebDBID: -1
  TimeStamp: 20240828180843
Version:
  Major: 11
  Minor: 0
  Build: 1002
  SpecialBuildName: ""
  ptArchitecture: aarch64_linux
Results:
  Results Complete: true
  NumTestProcesses: 6
  CPU_INTEGER_MATH: 9069.8240000000005
  CPU_FLOATINGPOINT_MATH: 2436.0203305475197
  CPU_PRIME: 6.0648102524306955
  CPU_SORTING: 3538.7211104714911
  CPU_ENCRYPTION: 249.83577279651161
  CPU_COMPRESSION: 6357.2029002782501
  CPU_SINGLETHREAD: 314.70930882459481
  CPU_PHYSICS: 100.15901061232384
  CPU_MATRIX_MULT_SSE: 540.95863691524323
  CPU_mm: 161.6698552552769
  CPU_sse: 380.46711454821775
  CPU_fma: 701.45015928226871
  CPU_avx: 0
  CPU_avx512: 0
  m_CPU_enc_SHA: 362269830.13498563
  m_CPU_enc_AES: 201995479.54232788
  m_CPU_enc_ECDSA: 221650076.21031141
  ME_ALLOC_S: 0
  ME_READ_S: 0
  ME_READ_L: 0
  ME_WRITE: 0
  ME_LARGE: 0
  ME_LATENCY: 0
  ME_THREADED: 0
  SUMM_CPU: 914.48308859767326
  SUMM_ME: 0
SystemInformation:
  OSName: Ubuntu 18.04.6 LTS
  Kernel: 4.9.337-tegra
  Device: quill
  Processor: ARM Cortex-A57 6 Core 2035 MHz
  NumSockets: 2
  Manufacturer: ARM
  NumCores: 6
  NumLogicals: 6
  CPUFrequency: 2035
  Memory: 7850
Checksum: 6FF567DF87BE65093032B84B0268554BFE21803B