BaselineInfo:
  WebDBID: -1
  TimeStamp: 20240828073648
Version:
  Major: 11
  Minor: 0
  Build: 1002
  SpecialBuildName: ""
  ptArchitecture: aarch64_linux
Results:
  Results Complete: true
  NumTestProcesses: 6
  CPU_INTEGER_MATH: 5129.1346666666668
  CPU_FLOATINGPOINT_MATH: 1366.5762392701984
  CPU_PRIME: 4.5381820648418243
  CPU_SORTING: 2054.2433020408521
  CPU_ENCRYPTION: 139.00500560448691
  CPU_COMPRESSION: 3594.4893324452546
  CPU_SINGLETHREAD: 181.15560360991418
  CPU_PHYSICS: 74.953659536334541
  CPU_MATRIX_MULT_SSE: 305.29810037432503
  CPU_mm: 91.587118939299359
  CPU_sse: 216.05624666724634
  CPU_fma: 394.53995408140372
  CPU_avx: 0
  CPU_avx512: 0
  m_CPU_enc_SHA: 211497798.60414588
  m_CPU_enc_AES: 116364179.97020042
  m_CPU_enc_ECDSA: 109409959.69584508
  ME_ALLOC_S: 0
  ME_READ_S: 0
  ME_READ_L: 0
  ME_WRITE: 0
  ME_LARGE: 0
  ME_LATENCY: 0
  ME_THREADED: 0
  SUMM_CPU: 523.92915361624046
  SUMM_ME: 0
SystemInformation:
  OSName: Ubuntu 18.04.6 LTS
  Kernel: 4.9.337-tegra
  Device: quill
  Processor: ARM Cortex-A57 6 Core 2035 MHz
  NumSockets: 2
  Manufacturer: ARM
  NumCores: 6
  NumLogicals: 6
  CPUFrequency: 2035
  Memory: 7850
Checksum: EAD418B7853143C5D757BCD68F9E92310E2AB2F1