BaselineInfo:
  WebDBID: -1
  TimeStamp: 20240828075426
Version:
  Major: 11
  Minor: 0
  Build: 1002
  SpecialBuildName: ""
  ptArchitecture: aarch64_linux
Results:
  Results Complete: true
  NumTestProcesses: 6
  CPU_INTEGER_MATH: 5146.5060000000003
  CPU_FLOATINGPOINT_MATH: 1395.5570968398288
  CPU_PRIME: 5.6562810638721732
  CPU_SORTING: 2172.8301646910404
  CPU_ENCRYPTION: 142.23446554938317
  CPU_COMPRESSION: 3539.3993388564004
  CPU_SINGLETHREAD: 182.92102682165989
  CPU_PHYSICS: 93.566792639672173
  CPU_MATRIX_MULT_SSE: 306.73455337215847
  CPU_mm: 91.655953527167313
  CPU_sse: 216.93385973862664
  CPU_fma: 396.53524700569034
  CPU_avx: 0
  CPU_avx512: 0
  m_CPU_enc_SHA: 216837274.06785971
  m_CPU_enc_AES: 109595148.73737641
  m_CPU_enc_ECDSA: 120998518.03849393
  ME_ALLOC_S: 0
  ME_READ_S: 0
  ME_READ_L: 0
  ME_WRITE: 0
  ME_LARGE: 0
  ME_LATENCY: 0
  ME_THREADED: 0
  SUMM_CPU: 533.67745406770973
  SUMM_ME: 0
SystemInformation:
  OSName: Ubuntu 18.04.6 LTS
  Kernel: 4.9.337-tegra
  Device: quill
  Processor: ARM Cortex-A57 6 Core 2035 MHz
  NumSockets: 2
  Manufacturer: ARM
  NumCores: 6
  NumLogicals: 6
  CPUFrequency: 2035
  Memory: 7850
Checksum: 44555735A8CA003D954076102552D3AA1B2B4C0A