BaselineInfo:
  WebDBID: -1
  TimeStamp: 20240828065242
Version:
  Major: 11
  Minor: 0
  Build: 1002
  SpecialBuildName: ""
  ptArchitecture: aarch64_linux
Results:
  Results Complete: true
  NumTestProcesses: 6
  CPU_INTEGER_MATH: 5112.2840000000006
  CPU_FLOATINGPOINT_MATH: 1341.0688293081882
  CPU_PRIME: 3.3879487588319184
  CPU_SORTING: 1976.8318800464144
  CPU_ENCRYPTION: 140.2423039285371
  CPU_COMPRESSION: 3333.8996540886933
  CPU_SINGLETHREAD: 179.77463283088039
  CPU_PHYSICS: 58.988084851934886
  CPU_MATRIX_MULT_SSE: 303.87814360017245
  CPU_mm: 91.298243679769044
  CPU_sse: 213.64016120050488
  CPU_fma: 394.11612599984005
  CPU_avx: 0
  CPU_avx512: 0
  m_CPU_enc_SHA: 209253530.65415275
  m_CPU_enc_AES: 111633385.5214113
  m_CPU_enc_ECDSA: 120277226.07694508
  ME_ALLOC_S: 0
  ME_READ_S: 0
  ME_READ_L: 0
  ME_WRITE: 0
  ME_LARGE: 0
  ME_LATENCY: 0
  ME_THREADED: 0
  SUMM_CPU: 503.71061111821098
  SUMM_ME: 0
SystemInformation:
  OSName: Ubuntu 18.04.6 LTS
  Kernel: 4.9.337-tegra
  Device: quill
  Processor: ARM Cortex-A57 6 Core 2035 MHz
  NumSockets: 2
  Manufacturer: ARM
  NumCores: 6
  NumLogicals: 6
  CPUFrequency: 2035
  Memory: 7850
Checksum: 66F8691FA9A0224B469496C7D2C8B1464C62B809