BaselineInfo:
  WebDBID: -1
  TimeStamp: 20240828133917
Version:
  Major: 11
  Minor: 0
  Build: 1002
  SpecialBuildName: ""
  ptArchitecture: aarch64_linux
Results:
  Results Complete: true
  NumTestProcesses: 6
  CPU_INTEGER_MATH: 6681.5733333333337
  CPU_FLOATINGPOINT_MATH: 1235.7462422961653
  CPU_PRIME: 0.57792218033996778
  CPU_SORTING: 534.03137984221087
  CPU_ENCRYPTION: 153.54125810378167
  CPU_COMPRESSION: 3174.5341508866532
  CPU_SINGLETHREAD: 189.5792786898528
  CPU_PHYSICS: 9.2338488695880176
  CPU_MATRIX_MULT_SSE: 391.32553339844412
  CPU_mm: 119.75184330090877
  CPU_sse: 281.84692923615648
  CPU_fma: 500.80413756073176
  CPU_avx: 0
  CPU_avx512: 0
  m_CPU_enc_SHA: 228325636.18749729
  m_CPU_enc_AES: 134331971.9329586
  m_CPU_enc_ECDSA: 120341426.65183702
  ME_ALLOC_S: 0
  ME_READ_S: 0
  ME_READ_L: 0
  ME_WRITE: 0
  ME_LARGE: 0
  ME_LATENCY: 0
  ME_THREADED: 0
  SUMM_CPU: 357.30819175682166
  SUMM_ME: 0
SystemInformation:
  OSName: Ubuntu 18.04.6 LTS
  Kernel: 4.9.337-tegra
  Device: quill
  Processor: ARM Cortex-A57 6 Core 2035 MHz
  NumSockets: 2
  Manufacturer: ARM
  NumCores: 6
  NumLogicals: 6
  CPUFrequency: 2035
  Memory: 7850
Checksum: E4C2F5532662AB4FD88A105A0A5F3FF6D442E851