BaselineInfo:
  WebDBID: -1
  TimeStamp: 20240827224415
Version:
  Major: 11
  Minor: 0
  Build: 1002
  SpecialBuildName: ""
  ptArchitecture: aarch64_linux
Results:
  Results Complete: true
  NumTestProcesses: 6
  CPU_INTEGER_MATH: 1798.9506666666666
  CPU_FLOATINGPOINT_MATH: 482.51052465357282
  CPU_PRIME: 1.7828086958400482
  CPU_SORTING: 771.46705223128367
  CPU_ENCRYPTION: 56.884240375096311
  CPU_COMPRESSION: 0
  CPU_SINGLETHREAD: 243.72185855125002
  CPU_PHYSICS: 33.634555355043645
  CPU_MATRIX_MULT_SSE: 109.89305577063651
  CPU_mm: 33.319652373689117
  CPU_sse: 77.961217326446842
  CPU_fma: 141.82489421482617
  CPU_avx: 0
  CPU_avx512: 0
  m_CPU_enc_SHA: 83849152.826253742
  m_CPU_enc_AES: 47697297.448143132
  m_CPU_enc_ECDSA: 47395897.432274073
  ME_ALLOC_S: 0
  ME_READ_S: 0
  ME_READ_L: 0
  ME_WRITE: 0
  ME_LARGE: 0
  ME_LATENCY: 0
  ME_THREADED: 0
  SUMM_CPU: 0
  SUMM_ME: 0
SystemInformation:
  OSName: Ubuntu 18.04.6 LTS
  Kernel: 4.9.337-tegra
  Device: quill
  Processor: ARM Cortex-A57 6 Core 2035 MHz
  NumSockets: 2
  Manufacturer: ARM
  NumCores: 6
  NumLogicals: 6
  CPUFrequency: 2035
  Memory: 7850
Checksum: 45AD6D19C78D7F40A0E587F90DFF1B606B7F3E44