BaselineInfo:
  WebDBID: -1
  TimeStamp: 20240828013332
Version:
  Major: 11
  Minor: 0
  Build: 1002
  SpecialBuildName: ""
  ptArchitecture: aarch64_linux
Results:
  Results Complete: true
  NumTestProcesses: 6
  CPU_INTEGER_MATH: 3140.4246666666668
  CPU_FLOATINGPOINT_MATH: 852.0857487801344
  CPU_PRIME: 3.9570207008451739
  CPU_SORTING: 1340.3937311628083
  CPU_ENCRYPTION: 86.067211167703036
  CPU_COMPRESSION: 2131.8656656890621
  CPU_SINGLETHREAD: 113.33179927511858
  CPU_PHYSICS: 67.235626403559266
  CPU_MATRIX_MULT_SSE: 187.25704017958026
  CPU_mm: 56.089789179541512
  CPU_sse: 132.02905908086831
  CPU_fma: 242.48502127829227
  CPU_avx: 0
  CPU_avx512: 0
  m_CPU_enc_SHA: 126379371.19850366
  m_CPU_enc_AES: 68534337.009680018
  m_CPU_enc_ECDSA: 75830327.843972474
  ME_ALLOC_S: 0
  ME_READ_S: 0
  ME_READ_L: 0
  ME_WRITE: 0
  ME_LARGE: 0
  ME_LATENCY: 0
  ME_THREADED: 0
  SUMM_CPU: 325.96373710670969
  SUMM_ME: 0
SystemInformation:
  OSName: Ubuntu 18.04.6 LTS
  Kernel: 4.9.337-tegra
  Device: quill
  Processor: ARM Cortex-A57 6 Core 2035 MHz
  NumSockets: 2
  Manufacturer: ARM
  NumCores: 6
  NumLogicals: 6
  CPUFrequency: 2035
  Memory: 7850
Checksum: D45320A27EE89FAF07531128981FE210FDFFA09D