BaselineInfo:
  WebDBID: -1
  TimeStamp: 20240827190859
Version:
  Major: 11
  Minor: 0
  Build: 1002
  SpecialBuildName: ""
  ptArchitecture: aarch64_linux
Results:
  Results Complete: true
  NumTestProcesses: 6
  CPU_INTEGER_MATH: 411.7526666666667
  CPU_FLOATINGPOINT_MATH: 110.60390795495717
  CPU_PRIME: 0
  CPU_SORTING: 142.19417516820937
  CPU_ENCRYPTION: 4.0659453757162849
  CPU_COMPRESSION: 0
  CPU_SINGLETHREAD: 0
  CPU_PHYSICS: 667.40833779709044
  CPU_MATRIX_MULT_SSE: 55.504418271568539
  CPU_mm: 16.839427242028115
  CPU_sse: 39.156210457576258
  CPU_fma: 71.852626085560829
  CPU_avx: 0
  CPU_avx512: 0
  m_CPU_enc_SHA: 33229192.629264001
  m_CPU_enc_AES: 13445128.869889252
  m_CPU_enc_ECDSA: 3603267.1973506366
  ME_ALLOC_S: 0
  ME_READ_S: 0
  ME_READ_L: 0
  ME_WRITE: 0
  ME_LARGE: 0
  ME_LATENCY: 0
  ME_THREADED: 0
  SUMM_CPU: 0
  SUMM_ME: 0
SystemInformation:
  OSName: Ubuntu 18.04.6 LTS
  Kernel: 4.9.337-tegra
  Device: quill
  Processor: ARM Cortex-A57 6 Core 2035 MHz
  NumSockets: 2
  Manufacturer: ARM
  NumCores: 6
  NumLogicals: 6
  CPUFrequency: 2035
  Memory: 7850
Checksum: 8F8AFCC55C90F94CBBC8B2DFD117B4E0C5EAD8B8