BaselineInfo:
  WebDBID: -1
  TimeStamp: 20240828123042
Version:
  Major: 11
  Minor: 0
  Build: 1002
  SpecialBuildName: ""
  ptArchitecture: aarch64_linux
Results:
  Results Complete: true
  NumTestProcesses: 6
  CPU_INTEGER_MATH: 6140.032666666667
  CPU_FLOATINGPOINT_MATH: 1673.5594268080224
  CPU_PRIME: 6.4427798668308851
  CPU_SORTING: 2720.3827446438654
  CPU_ENCRYPTION: 171.50130989779836
  CPU_COMPRESSION: 4384.4303849236894
  CPU_SINGLETHREAD: 218.52028955856505
  CPU_PHYSICS: 108.42473208410682
  CPU_MATRIX_MULT_SSE: 366.88183536681936
  CPU_mm: 110.21984830142162
  CPU_sse: 256.87534534733095
  CPU_fma: 476.88832538630788
  CPU_avx: 0
  CPU_avx512: 0
  m_CPU_enc_SHA: 258461193.14290687
  m_CPU_enc_AES: 133727228.18231705
  m_CPU_enc_ECDSA: 147308051.25695747
  ME_ALLOC_S: 0
  ME_READ_S: 0
  ME_READ_L: 0
  ME_WRITE: 0
  ME_LARGE: 0
  ME_LATENCY: 0
  ME_THREADED: 0
  SUMM_CPU: 646.40885937897269
  SUMM_ME: 0
SystemInformation:
  OSName: Ubuntu 18.04.6 LTS
  Kernel: 4.9.337-tegra
  Device: quill
  Processor: ARM Cortex-A57 6 Core 2035 MHz
  NumSockets: 2
  Manufacturer: ARM
  NumCores: 6
  NumLogicals: 6
  CPUFrequency: 2035
  Memory: 7850
Checksum: 5C581A770888EDD4701524A555813DE03D5E8963