BaselineInfo:
  WebDBID: -1
  TimeStamp: 20240828112343
Version:
  Major: 11
  Minor: 0
  Build: 1002
  SpecialBuildName: ""
  ptArchitecture: aarch64_linux
Results:
  Results Complete: true
  NumTestProcesses: 6
  CPU_INTEGER_MATH: 6144.4820000000009
  CPU_FLOATINGPOINT_MATH: 1674.3479255486707
  CPU_PRIME: 6.4765606412905754
  CPU_SORTING: 2555.2238544734487
  CPU_ENCRYPTION: 168.93832600724622
  CPU_COMPRESSION: 4328.3871613780539
  CPU_SINGLETHREAD: 217.36253807888687
  CPU_PHYSICS: 110.34933677529541
  CPU_MATRIX_MULT_SSE: 366.66995433264748
  CPU_mm: 109.91270720682201
  CPU_sse: 256.39374393087792
  CPU_fma: 476.9461647344171
  CPU_avx: 0
  CPU_avx512: 0
  m_CPU_enc_SHA: 251789159.751122
  m_CPU_enc_AES: 134411620.8606416
  m_CPU_enc_ECDSA: 145233241.78235891
  ME_ALLOC_S: 0
  ME_READ_S: 0
  ME_READ_L: 0
  ME_WRITE: 0
  ME_LARGE: 0
  ME_LATENCY: 0
  ME_THREADED: 0
  SUMM_CPU: 639.74306834101969
  SUMM_ME: 0
SystemInformation:
  OSName: Ubuntu 18.04.6 LTS
  Kernel: 4.9.337-tegra
  Device: quill
  Processor: ARM Cortex-A57 6 Core 2035 MHz
  NumSockets: 2
  Manufacturer: ARM
  NumCores: 6
  NumLogicals: 6
  CPUFrequency: 2035
  Memory: 7850
Checksum: F15607DA3FD843515550576236D91BECCAE7ECCE