BaselineInfo:
  WebDBID: -1
  TimeStamp: 20240828143757
Version:
  Major: 11
  Minor: 0
  Build: 1002
  SpecialBuildName: ""
  ptArchitecture: aarch64_linux
Results:
  Results Complete: true
  NumTestProcesses: 6
  CPU_INTEGER_MATH: 7136.5413333333345
  CPU_FLOATINGPOINT_MATH: 1936.3939873637671
  CPU_PRIME: 7.0920575409133217
  CPU_SORTING: 2997.0026605197727
  CPU_ENCRYPTION: 199.08848258456919
  CPU_COMPRESSION: 5044.8269306109305
  CPU_SINGLETHREAD: 251.21591975807897
  CPU_PHYSICS: 117.03593428682642
  CPU_MATRIX_MULT_SSE: 425.95961528240525
  CPU_mm: 127.35390467360561
  CPU_sse: 299.52718482464445
  CPU_fma: 552.39204574016594
  CPU_avx: 0
  CPU_avx512: 0
  m_CPU_enc_SHA: 297734074.49397343
  m_CPU_enc_AES: 156010901.26654792
  m_CPU_enc_ECDSA: 172533238.38327023
  ME_ALLOC_S: 0
  ME_READ_S: 0
  ME_READ_L: 0
  ME_WRITE: 0
  ME_LARGE: 0
  ME_LATENCY: 0
  ME_THREADED: 0
  SUMM_CPU: 744.21810250410908
  SUMM_ME: 0
SystemInformation:
  OSName: Ubuntu 18.04.6 LTS
  Kernel: 4.9.337-tegra
  Device: quill
  Processor: ARM Cortex-A57 6 Core 2035 MHz
  NumSockets: 2
  Manufacturer: ARM
  NumCores: 6
  NumLogicals: 6
  CPUFrequency: 2035
  Memory: 7850
Checksum: 8BDDE94548DABFB93998A2C15B70EE385D506A78