BaselineInfo:
  WebDBID: -1
  TimeStamp: 20240828074749
Version:
  Major: 11
  Minor: 0
  Build: 1002
  SpecialBuildName: ""
  ptArchitecture: aarch64_linux
Results:
  Results Complete: true
  NumTestProcesses: 6
  CPU_INTEGER_MATH: 4957.9773333333342
  CPU_FLOATINGPOINT_MATH: 1134.7173774471405
  CPU_PRIME: 0.93091493237464373
  CPU_SORTING: 882.42462331697152
  CPU_ENCRYPTION: 128.43521256513549
  CPU_COMPRESSION: 2834.204882374243
  CPU_SINGLETHREAD: 158.82790679255569
  CPU_PHYSICS: 16.897649528882688
  CPU_MATRIX_MULT_SSE: 298.17951030227943
  CPU_mm: 88.997205203236518
  CPU_sse: 209.64090528593201
  CPU_fma: 386.71811531862681
  CPU_avx: 0
  CPU_avx512: 0
  m_CPU_enc_SHA: 190566057.77144125
  m_CPU_enc_AES: 104866622.94696777
  m_CPU_enc_ECDSA: 108589563.63368946
  ME_ALLOC_S: 0
  ME_READ_S: 0
  ME_READ_L: 0
  ME_WRITE: 0
  ME_LARGE: 0
  ME_LATENCY: 0
  ME_THREADED: 0
  SUMM_CPU: 379.66380667878019
  SUMM_ME: 0
SystemInformation:
  OSName: Ubuntu 18.04.6 LTS
  Kernel: 4.9.337-tegra
  Device: quill
  Processor: ARM Cortex-A57 6 Core 2035 MHz
  NumSockets: 2
  Manufacturer: ARM
  NumCores: 6
  NumLogicals: 6
  CPUFrequency: 2035
  Memory: 7850
Checksum: F637D8BA7604A921B010D4B97BBCFBA6328E7C5C