BaselineInfo:
  WebDBID: -1
  TimeStamp: 20240828035158
Version:
  Major: 11
  Minor: 0
  Build: 1002
  SpecialBuildName: ""
  ptArchitecture: aarch64_linux
Results:
  Results Complete: true
  NumTestProcesses: 6
  CPU_INTEGER_MATH: 4140.0573333333332
  CPU_FLOATINGPOINT_MATH: 1124.5123729485872
  CPU_PRIME: 4.7770757029412323
  CPU_SORTING: 1753.305273762785
  CPU_ENCRYPTION: 117.42617642535959
  CPU_COMPRESSION: 2910.4647334856186
  CPU_SINGLETHREAD: 148.87616149177316
  CPU_PHYSICS: 84.899755919592906
  CPU_MATRIX_MULT_SSE: 246.87663739208921
  CPU_mm: 73.854545489276774
  CPU_sse: 174.20798778819329
  CPU_fma: 319.54528699598501
  CPU_avx: 0
  CPU_avx512: 0
  m_CPU_enc_SHA: 182462283.8489697
  m_CPU_enc_AES: 91212613.841876432
  m_CPU_enc_ECDSA: 95715913.423347399
  ME_ALLOC_S: 0
  ME_READ_S: 0
  ME_READ_L: 0
  ME_WRITE: 0
  ME_LARGE: 0
  ME_LATENCY: 0
  ME_THREADED: 0
  SUMM_CPU: 437.17372468746385
  SUMM_ME: 0
SystemInformation:
  OSName: Ubuntu 18.04.6 LTS
  Kernel: 4.9.337-tegra
  Device: quill
  Processor: ARM Cortex-A57 6 Core 2035 MHz
  NumSockets: 2
  Manufacturer: ARM
  NumCores: 6
  NumLogicals: 6
  CPUFrequency: 2035
  Memory: 7850
Checksum: CFFD5F4488C4C3B30CDA46C6B23D88462A9300B2