BaselineInfo:
  WebDBID: -1
  TimeStamp: 20240828141940
Version:
  Major: 11
  Minor: 0
  Build: 1002
  SpecialBuildName: ""
  ptArchitecture: aarch64_linux
Results:
  Results Complete: true
  NumTestProcesses: 6
  CPU_INTEGER_MATH: 7032.5500000000011
  CPU_FLOATINGPOINT_MATH: 1746.3949423165252
  CPU_PRIME: 2.0355485914747513
  CPU_SORTING: 1651.9257909337923
  CPU_ENCRYPTION: 189.34777909489583
  CPU_COMPRESSION: 4540.3984134725852
  CPU_SINGLETHREAD: 232.85360560988127
  CPU_PHYSICS: 35.632290719266514
  CPU_MATRIX_MULT_SSE: 418.72583825808385
  CPU_mm: 126.17388885776884
  CPU_sse: 295.36827137926173
  CPU_fma: 542.08340513690598
  CPU_avx: 0
  CPU_avx512: 0
  m_CPU_enc_SHA: 281654437.87690115
  m_CPU_enc_AES: 153709811.08086196
  m_CPU_enc_ECDSA: 160272361.47886533
  ME_ALLOC_S: 0
  ME_READ_S: 0
  ME_READ_L: 0
  ME_WRITE: 0
  ME_LARGE: 0
  ME_LATENCY: 0
  ME_THREADED: 0
  SUMM_CPU: 613.95748163175881
  SUMM_ME: 0
SystemInformation:
  OSName: Ubuntu 18.04.6 LTS
  Kernel: 4.9.337-tegra
  Device: quill
  Processor: ARM Cortex-A57 6 Core 2035 MHz
  NumSockets: 2
  Manufacturer: ARM
  NumCores: 6
  NumLogicals: 6
  CPUFrequency: 2035
  Memory: 7850
Checksum: 1A4CBFF07815F86D5D3BC5FA2571206EF00A6137