BaselineInfo:
  WebDBID: -1
  TimeStamp: 20240828084521
Version:
  Major: 11
  Minor: 0
  Build: 1002
  SpecialBuildName: ""
  ptArchitecture: aarch64_linux
Results:
  Results Complete: true
  NumTestProcesses: 6
  CPU_INTEGER_MATH: 4960.7226666666666
  CPU_FLOATINGPOINT_MATH: 1086.6312116159281
  CPU_PRIME: 0.9285124993703191
  CPU_SORTING: 803.21138961086535
  CPU_ENCRYPTION: 124.4502400949586
  CPU_COMPRESSION: 2824.35663390626
  CPU_SINGLETHREAD: 158.74701901320032
  CPU_PHYSICS: 15.863249248428907
  CPU_MATRIX_MULT_SSE: 298.00045229878532
  CPU_mm: 88.813663364583974
  CPU_sse: 209.98749690631325
  CPU_fma: 386.01340769125744
  CPU_avx: 0
  CPU_avx512: 0
  m_CPU_enc_SHA: 184342817.73701251
  m_CPU_enc_AES: 103211192.67808433
  m_CPU_enc_ECDSA: 103932594.45833705
  ME_ALLOC_S: 0
  ME_READ_S: 0
  ME_READ_L: 0
  ME_WRITE: 0
  ME_LARGE: 0
  ME_LATENCY: 0
  ME_THREADED: 0
  SUMM_CPU: 370.41419300076529
  SUMM_ME: 0
SystemInformation:
  OSName: Ubuntu 18.04.6 LTS
  Kernel: 4.9.337-tegra
  Device: quill
  Processor: ARM Cortex-A57 6 Core 2035 MHz
  NumSockets: 2
  Manufacturer: ARM
  NumCores: 6
  NumLogicals: 6
  CPUFrequency: 2035
  Memory: 7850
Checksum: C5AC94A5FC4F5B0B34F692A0E03EE5715C6113A4