BaselineInfo:
  WebDBID: -1
  TimeStamp: 20240828180510
Version:
  Major: 11
  Minor: 0
  Build: 1002
  SpecialBuildName: ""
  ptArchitecture: aarch64_linux
Results:
  Results Complete: true
  NumTestProcesses: 6
  CPU_INTEGER_MATH: 8721.4506666666657
  CPU_FLOATINGPOINT_MATH: 1856.5590790919291
  CPU_PRIME: 0.97618365868493195
  CPU_SORTING: 934.02407008183172
  CPU_ENCRYPTION: 211.95689747715386
  CPU_COMPRESSION: 4666.804013676182
  CPU_SINGLETHREAD: 255.76657965274129
  CPU_PHYSICS: 16.936095268404685
  CPU_MATRIX_MULT_SSE: 521.66466223491238
  CPU_mm: 155.92260809421441
  CPU_sse: 367.52920756811619
  CPU_fma: 675.80011690170863
  CPU_avx: 0
  CPU_avx512: 0
  m_CPU_enc_SHA: 318407146.17303187
  m_CPU_enc_AES: 177310201.12776569
  m_CPU_enc_ECDSA: 171041399.88621488
  ME_ALLOC_S: 0
  ME_READ_S: 0
  ME_READ_L: 0
  ME_WRITE: 0
  ME_LARGE: 0
  ME_LATENCY: 0
  ME_THREADED: 0
  SUMM_CPU: 548.19005696622844
  SUMM_ME: 0
SystemInformation:
  OSName: Ubuntu 18.04.6 LTS
  Kernel: 4.9.337-tegra
  Device: quill
  Processor: ARM Cortex-A57 6 Core 2035 MHz
  NumSockets: 2
  Manufacturer: ARM
  NumCores: 6
  NumLogicals: 6
  CPUFrequency: 2035
  Memory: 7850
Checksum: 7A584393472EBE814FF767329167FB08A96A7BB2