BaselineInfo:
  WebDBID: -1
  TimeStamp: 20240828182029
Version:
  Major: 11
  Minor: 0
  Build: 1002
  SpecialBuildName: ""
  ptArchitecture: aarch64_linux
Results:
  Results Complete: true
  NumTestProcesses: 6
  CPU_INTEGER_MATH: 9077.4446666666663
  CPU_FLOATINGPOINT_MATH: 2411.8600244181735
  CPU_PRIME: 6.0936873700424279
  CPU_SORTING: 3487.0939924519739
  CPU_ENCRYPTION: 249.91707728161975
  CPU_COMPRESSION: 6420.810335072365
  CPU_SINGLETHREAD: 313.54446010587941
  CPU_PHYSICS: 99.698115251109101
  CPU_MATRIX_MULT_SSE: 539.8226440740483
  CPU_mm: 162.48513010127257
  CPU_sse: 380.22595860922934
  CPU_fma: 699.41932953886726
  CPU_avx: 0
  CPU_avx512: 0
  m_CPU_enc_SHA: 364280617.47973889
  m_CPU_enc_AES: 201457338.49203864
  m_CPU_enc_ECDSA: 220433191.71117756
  ME_ALLOC_S: 0
  ME_READ_S: 0
  ME_READ_L: 0
  ME_WRITE: 0
  ME_LARGE: 0
  ME_LATENCY: 0
  ME_THREADED: 0
  SUMM_CPU: 915.23609930755345
  SUMM_ME: 0
SystemInformation:
  OSName: Ubuntu 18.04.6 LTS
  Kernel: 4.9.337-tegra
  Device: quill
  Processor: ARM Cortex-A57 6 Core 2035 MHz
  NumSockets: 2
  Manufacturer: ARM
  NumCores: 6
  NumLogicals: 6
  CPUFrequency: 2035
  Memory: 7850
Checksum: 1B76AEA83BD76A5802373B5B8FD30D2149B32C7D