BaselineInfo:
  WebDBID: -1
  TimeStamp: 20240828181938
Version:
  Major: 11
  Minor: 0
  Build: 1002
  SpecialBuildName: ""
  ptArchitecture: aarch64_linux
Results:
  Results Complete: true
  NumTestProcesses: 6
  CPU_INTEGER_MATH: 9050.6540000000005
  CPU_FLOATINGPOINT_MATH: 2434.0526928208915
  CPU_PRIME: 5.3704758146580849
  CPU_SORTING: 3339.447006684265
  CPU_ENCRYPTION: 251.10165584956439
  CPU_COMPRESSION: 6459.1300470114547
  CPU_SINGLETHREAD: 312.4870901385645
  CPU_PHYSICS: 92.085262055791503
  CPU_MATRIX_MULT_SSE: 538.33128309335302
  CPU_mm: 161.94990763086554
  CPU_sse: 379.44844368391574
  CPU_fma: 697.21412250279036
  CPU_avx: 0
  CPU_avx512: 0
  m_CPU_enc_SHA: 382157966.40713012
  m_CPU_enc_AES: 198783011.00758576
  m_CPU_enc_ECDSA: 208956532.23762256
  ME_ALLOC_S: 0
  ME_READ_S: 0
  ME_READ_L: 0
  ME_WRITE: 0
  ME_LARGE: 0
  ME_LATENCY: 0
  ME_THREADED: 0
  SUMM_CPU: 909.47751339181195
  SUMM_ME: 0
SystemInformation:
  OSName: Ubuntu 18.04.6 LTS
  Kernel: 4.9.337-tegra
  Device: quill
  Processor: ARM Cortex-A57 6 Core 2035 MHz
  NumSockets: 2
  Manufacturer: ARM
  NumCores: 6
  NumLogicals: 6
  CPUFrequency: 2035
  Memory: 7850
Checksum: D1E92135CD31430FC2C628D39551DB7AA66214C0