BaselineInfo:
  WebDBID: -1
  TimeStamp: 20240828040742
Version:
  Major: 11
  Minor: 0
  Build: 1002
  SpecialBuildName: ""
  ptArchitecture: aarch64_linux
Results:
  Results Complete: true
  NumTestProcesses: 6
  CPU_INTEGER_MATH: 4140.8620000000001
  CPU_FLOATINGPOINT_MATH: 1126.2950013826458
  CPU_PRIME: 4.8614948075924849
  CPU_SORTING: 1731.9560219643104
  CPU_ENCRYPTION: 119.77610636916086
  CPU_COMPRESSION: 2885.4734215777607
  CPU_SINGLETHREAD: 148.02547399382851
  CPU_PHYSICS: 84.503726580695684
  CPU_MATRIX_MULT_SSE: 246.74498516222758
  CPU_mm: 73.877517576015265
  CPU_sse: 173.83385983830024
  CPU_fma: 319.65611048615489
  CPU_avx: 0
  CPU_avx512: 0
  m_CPU_enc_SHA: 171568461.69587159
  m_CPU_enc_AES: 95625810.018106744
  m_CPU_enc_ECDSA: 109588779.82246935
  ME_ALLOC_S: 0
  ME_READ_S: 0
  ME_READ_L: 0
  ME_WRITE: 0
  ME_LARGE: 0
  ME_LATENCY: 0
  ME_THREADED: 0
  SUMM_CPU: 438.35488540098623
  SUMM_ME: 0
SystemInformation:
  OSName: Ubuntu 18.04.6 LTS
  Kernel: 4.9.337-tegra
  Device: quill
  Processor: ARM Cortex-A57 6 Core 2035 MHz
  NumSockets: 2
  Manufacturer: ARM
  NumCores: 6
  NumLogicals: 6
  CPUFrequency: 2035
  Memory: 7850
Checksum: AFF22986EA45A0C629200822291918934F59018F