BaselineInfo:
  WebDBID: -1
  TimeStamp: 20240828075635
Version:
  Major: 11
  Minor: 0
  Build: 1002
  SpecialBuildName: ""
  ptArchitecture: aarch64_linux
Results:
  Results Complete: true
  NumTestProcesses: 6
  CPU_INTEGER_MATH: 5137.7966666666662
  CPU_FLOATINGPOINT_MATH: 1394.6064033728703
  CPU_PRIME: 5.94987475380006
  CPU_SORTING: 2212.6708468978259
  CPU_ENCRYPTION: 141.57865787986327
  CPU_COMPRESSION: 3603.6138702971275
  CPU_SINGLETHREAD: 183.13551165711297
  CPU_PHYSICS: 99.847670608942252
  CPU_MATRIX_MULT_SSE: 305.81305989959458
  CPU_mm: 91.707140070949322
  CPU_sse: 216.46154366073353
  CPU_fma: 395.16457613845557
  CPU_avx: 0
  CPU_avx512: 0
  m_CPU_enc_SHA: 207167013.96776643
  m_CPU_enc_AES: 111271004.40243647
  m_CPU_enc_ECDSA: 126929929.92490356
  ME_ALLOC_S: 0
  ME_READ_S: 0
  ME_READ_L: 0
  ME_WRITE: 0
  ME_LARGE: 0
  ME_LATENCY: 0
  ME_THREADED: 0
  SUMM_CPU: 537.141884025894
  SUMM_ME: 0
SystemInformation:
  OSName: Ubuntu 18.04.6 LTS
  Kernel: 4.9.337-tegra
  Device: quill
  Processor: ARM Cortex-A57 6 Core 2035 MHz
  NumSockets: 2
  Manufacturer: ARM
  NumCores: 6
  NumLogicals: 6
  CPUFrequency: 2035
  Memory: 7850
Checksum: 348DCD99E966A18DD46B0B38D15D4B44DB7B595D