BaselineInfo:
  WebDBID: -1
  TimeStamp: 20240828112841
Version:
  Major: 11
  Minor: 0
  Build: 1002
  SpecialBuildName: ""
  ptArchitecture: aarch64_linux
Results:
  Results Complete: true
  NumTestProcesses: 6
  CPU_INTEGER_MATH: 5747.5446666666667
  CPU_FLOATINGPOINT_MATH: 1131.0925713243844
  CPU_PRIME: 0.58175362364044381
  CPU_SORTING: 529.53661860066097
  CPU_ENCRYPTION: 136.57595319908017
  CPU_COMPRESSION: 2750.5707841824387
  CPU_SINGLETHREAD: 169.43822016461166
  CPU_PHYSICS: 10.170973306759748
  CPU_MATRIX_MULT_SSE: 340.75687680459208
  CPU_mm: 103.62685995321053
  CPU_sse: 242.0576361395967
  CPU_fma: 439.45611746958735
  CPU_avx: 0
  CPU_avx512: 0
  m_CPU_enc_SHA: 199976290.33923805
  m_CPU_enc_AES: 114544002.41073856
  m_CPU_enc_ECDSA: 115110507.35505955
  ME_ALLOC_S: 0
  ME_READ_S: 0
  ME_READ_L: 0
  ME_WRITE: 0
  ME_LARGE: 0
  ME_LATENCY: 0
  ME_THREADED: 0
  SUMM_CPU: 334.60280726375106
  SUMM_ME: 0
SystemInformation:
  OSName: Ubuntu 18.04.6 LTS
  Kernel: 4.9.337-tegra
  Device: quill
  Processor: ARM Cortex-A57 6 Core 2035 MHz
  NumSockets: 2
  Manufacturer: ARM
  NumCores: 6
  NumLogicals: 6
  CPUFrequency: 2035
  Memory: 7850
Checksum: BCB84C3B1DFA38CAA8DE33D18B922E207B0B5D26