BaselineInfo:
  WebDBID: -1
  TimeStamp: 20240828010823
Version:
  Major: 11
  Minor: 0
  Build: 1002
  SpecialBuildName: ""
  ptArchitecture: aarch64_linux
Results:
  Results Complete: true
  NumTestProcesses: 6
  CPU_INTEGER_MATH: 3103.5520000000001
  CPU_FLOATINGPOINT_MATH: 779.92904913070731
  CPU_PRIME: 1.6686391118026647
  CPU_SORTING: 1091.8774100855244
  CPU_ENCRYPTION: 84.801234050229851
  CPU_COMPRESSION: 1997.761784609329
  CPU_SINGLETHREAD: 108.71747140768851
  CPU_PHYSICS: 30.822543279321788
  CPU_MATRIX_MULT_SSE: 181.41355579057233
  CPU_mm: 55.558773069942951
  CPU_sse: 123.92687143591645
  CPU_fma: 238.90024014522822
  CPU_avx: 0
  CPU_avx512: 0
  m_CPU_enc_SHA: 125866196.71009892
  m_CPU_enc_AES: 66935239.66432628
  m_CPU_enc_ECDSA: 73960180.011936203
  ME_ALLOC_S: 0
  ME_READ_S: 0
  ME_READ_L: 0
  ME_WRITE: 0
  ME_LARGE: 0
  ME_LATENCY: 0
  ME_THREADED: 0
  SUMM_CPU: 297.15925934984654
  SUMM_ME: 0
SystemInformation:
  OSName: Ubuntu 18.04.6 LTS
  Kernel: 4.9.337-tegra
  Device: quill
  Processor: ARM Cortex-A57 6 Core 2035 MHz
  NumSockets: 2
  Manufacturer: ARM
  NumCores: 6
  NumLogicals: 6
  CPUFrequency: 2035
  Memory: 7850
Checksum: 200A0A6C74BE18540E5DE95A83C0C7A1BA5D2C92