BaselineInfo:
  WebDBID: -1
  TimeStamp: 20240828155117
Version:
  Major: 11
  Minor: 0
  Build: 1002
  SpecialBuildName: ""
  ptArchitecture: aarch64_linux
Results:
  Results Complete: true
  NumTestProcesses: 6
  CPU_INTEGER_MATH: 7940.5453333333335
  CPU_FLOATINGPOINT_MATH: 2149.2117085510845
  CPU_PRIME: 6.6062633829625792
  CPU_SORTING: 2868.0113795053585
  CPU_ENCRYPTION: 200.99954945853483
  CPU_COMPRESSION: 5369.9601424776884
  CPU_SINGLETHREAD: 276.40526048479484
  CPU_PHYSICS: 107.22856853172958
  CPU_MATRIX_MULT_SSE: 470.88912148814836
  CPU_mm: 141.58819709571247
  CPU_sse: 331.76920265073392
  CPU_fma: 610.00904032556298
  CPU_avx: 0
  CPU_avx512: 0
  m_CPU_enc_SHA: 300278389.95538926
  m_CPU_enc_AES: 160452907.80864817
  m_CPU_enc_ECDSA: 171558612.95506048
  ME_ALLOC_S: 0
  ME_READ_S: 0
  ME_READ_L: 0
  ME_WRITE: 0
  ME_LARGE: 0
  ME_LATENCY: 0
  ME_THREADED: 0
  SUMM_CPU: 780.74272424796129
  SUMM_ME: 0
SystemInformation:
  OSName: Ubuntu 18.04.6 LTS
  Kernel: 4.9.337-tegra
  Device: quill
  Processor: ARM Cortex-A57 6 Core 2035 MHz
  NumSockets: 2
  Manufacturer: ARM
  NumCores: 6
  NumLogicals: 6
  CPUFrequency: 2035
  Memory: 7850
Checksum: 2EDCC3A1672A83307D20BF3D16E0C81CBEC9C82D