BaselineInfo:
  WebDBID: -1
  TimeStamp: 20240828083424
Version:
  Major: 11
  Minor: 0
  Build: 1002
  SpecialBuildName: ""
  ptArchitecture: aarch64_linux
Results:
  Results Complete: true
  NumTestProcesses: 6
  CPU_INTEGER_MATH: 5123.9279999999999
  CPU_FLOATINGPOINT_MATH: 1379.360346479325
  CPU_PRIME: 4.5480809263187485
  CPU_SORTING: 2095.2673724027863
  CPU_ENCRYPTION: 143.24375217417509
  CPU_COMPRESSION: 3566.3767226441519
  CPU_SINGLETHREAD: 180.9398468617444
  CPU_PHYSICS: 73.610280386611265
  CPU_MATRIX_MULT_SSE: 305.67127541724551
  CPU_mm: 91.514594528947669
  CPU_sse: 214.22580942883235
  CPU_fma: 397.1167414056585
  CPU_avx: 0
  CPU_avx512: 0
  m_CPU_enc_SHA: 220663153.89722702
  m_CPU_enc_AES: 111265988.79604837
  m_CPU_enc_ECDSA: 118676739.34608808
  ME_ALLOC_S: 0
  ME_READ_S: 0
  ME_READ_L: 0
  ME_WRITE: 0
  ME_LARGE: 0
  ME_LATENCY: 0
  ME_THREADED: 0
  SUMM_CPU: 528.02694404680028
  SUMM_ME: 0
SystemInformation:
  OSName: Ubuntu 18.04.6 LTS
  Kernel: 4.9.337-tegra
  Device: quill
  Processor: ARM Cortex-A57 6 Core 2035 MHz
  NumSockets: 2
  Manufacturer: ARM
  NumCores: 6
  NumLogicals: 6
  CPUFrequency: 2035
  Memory: 7850
Checksum: F62C246E696D714B5B453915F66A6E8E418FDF48