BaselineInfo:
  WebDBID: -1
  TimeStamp: 20240828104121
Version:
  Major: 11
  Minor: 0
  Build: 1002
  SpecialBuildName: ""
  ptArchitecture: aarch64_linux
Results:
  Results Complete: true
  NumTestProcesses: 6
  CPU_INTEGER_MATH: 6140.1746666666659
  CPU_FLOATINGPOINT_MATH: 1652.6303925097395
  CPU_PRIME: 5.7231576953171457
  CPU_SORTING: 2521.5687223149043
  CPU_ENCRYPTION: 167.8970307537154
  CPU_COMPRESSION: 4300.6602511762594
  CPU_SINGLETHREAD: 216.72443062738122
  CPU_PHYSICS: 97.545752917324094
  CPU_MATRIX_MULT_SSE: 365.49997480818837
  CPU_mm: 109.58807972816143
  CPU_sse: 258.53983601151572
  CPU_fma: 472.46011360486102
  CPU_avx: 0
  CPU_avx512: 0
  m_CPU_enc_SHA: 247834065.91961738
  m_CPU_enc_AES: 138370437.39644006
  m_CPU_enc_ECDSA: 141953887.44276613
  ME_ALLOC_S: 0
  ME_READ_S: 0
  ME_READ_L: 0
  ME_WRITE: 0
  ME_LARGE: 0
  ME_LATENCY: 0
  ME_THREADED: 0
  SUMM_CPU: 632.19543972426152
  SUMM_ME: 0
SystemInformation:
  OSName: Ubuntu 18.04.6 LTS
  Kernel: 4.9.337-tegra
  Device: quill
  Processor: ARM Cortex-A57 6 Core 2035 MHz
  NumSockets: 2
  Manufacturer: ARM
  NumCores: 6
  NumLogicals: 6
  CPUFrequency: 2035
  Memory: 7850
Checksum: 3917F49E37232F6B7538AE7F0666CA50B8A613F1