BaselineInfo:
  WebDBID: -1
  TimeStamp: 20240828133333
Version:
  Major: 11
  Minor: 0
  Build: 1002
  SpecialBuildName: ""
  ptArchitecture: aarch64_linux
Results:
  Results Complete: true
  NumTestProcesses: 6
  CPU_INTEGER_MATH: 7062.6066666666666
  CPU_FLOATINGPOINT_MATH: 1927.1124138590808
  CPU_PRIME: 6.7052109430311102
  CPU_SORTING: 2976.4519068208251
  CPU_ENCRYPTION: 195.25099161479397
  CPU_COMPRESSION: 5104.4432580768535
  CPU_SINGLETHREAD: 249.35903611347345
  CPU_PHYSICS: 110.37773674033387
  CPU_MATRIX_MULT_SSE: 423.89206391179687
  CPU_mm: 127.23048566281219
  CPU_sse: 298.32850007324572
  CPU_fma: 549.45562775034819
  CPU_avx: 0
  CPU_avx512: 0
  m_CPU_enc_SHA: 291897477.00275475
  m_CPU_enc_AES: 153438028.3924914
  m_CPU_enc_ECDSA: 168871005.95517647
  ME_ALLOC_S: 0
  ME_READ_S: 0
  ME_READ_L: 0
  ME_WRITE: 0
  ME_LARGE: 0
  ME_LATENCY: 0
  ME_THREADED: 0
  SUMM_CPU: 738.70874155045522
  SUMM_ME: 0
SystemInformation:
  OSName: Ubuntu 18.04.6 LTS
  Kernel: 4.9.337-tegra
  Device: quill
  Processor: ARM Cortex-A57 6 Core 2035 MHz
  NumSockets: 2
  Manufacturer: ARM
  NumCores: 6
  NumLogicals: 6
  CPUFrequency: 2035
  Memory: 7850
Checksum: 655E2EF703BB7AFA2FA6B1CC93E8C8A9A3F72144