BaselineInfo:
  WebDBID: -1
  TimeStamp: 20240828001840
Version:
  Major: 11
  Minor: 0
  Build: 1002
  SpecialBuildName: ""
  ptArchitecture: aarch64_linux
Results:
  Results Complete: true
  NumTestProcesses: 6
  CPU_INTEGER_MATH: 3140.614
  CPU_FLOATINGPOINT_MATH: 842.36925335750914
  CPU_PRIME: 3.5346644449215061
  CPU_SORTING: 1309.6176869052917
  CPU_ENCRYPTION: 84.462278294343363
  CPU_COMPRESSION: 2155.9785073263583
  CPU_SINGLETHREAD: 112.17641243674845
  CPU_PHYSICS: 61.781442118101182
  CPU_MATRIX_MULT_SSE: 186.50722496460813
  CPU_mm: 56.476318322749385
  CPU_sse: 130.89889485242838
  CPU_fma: 242.11555507678784
  CPU_avx: 0
  CPU_avx512: 0
  m_CPU_enc_SHA: 127249905.03953423
  m_CPU_enc_AES: 69579866.431759402
  m_CPU_enc_ECDSA: 68865582.303014576
  ME_ALLOC_S: 0
  ME_READ_S: 0
  ME_READ_L: 0
  ME_WRITE: 0
  ME_LARGE: 0
  ME_LATENCY: 0
  ME_THREADED: 0
  SUMM_CPU: 322.99496446388906
  SUMM_ME: 0
SystemInformation:
  OSName: Ubuntu 18.04.6 LTS
  Kernel: 4.9.337-tegra
  Device: quill
  Processor: ARM Cortex-A57 6 Core 2035 MHz
  NumSockets: 2
  Manufacturer: ARM
  NumCores: 6
  NumLogicals: 6
  CPUFrequency: 2035
  Memory: 7850
Checksum: 37178DAEF6C56C29F548D22BAFF8823B85208D28