BaselineInfo:
  WebDBID: -1
  TimeStamp: 20240828064037
Version:
  Major: 11
  Minor: 0
  Build: 1002
  SpecialBuildName: ""
  ptArchitecture: aarch64_linux
Results:
  Results Complete: true
  NumTestProcesses: 6
  CPU_INTEGER_MATH: 5136.5659999999998
  CPU_FLOATINGPOINT_MATH: 1367.6203661934369
  CPU_PRIME: 4.7630488693557815
  CPU_SORTING: 2148.9909583721328
  CPU_ENCRYPTION: 140.17414296870078
  CPU_COMPRESSION: 3572.779926225151
  CPU_SINGLETHREAD: 181.57069034486216
  CPU_PHYSICS: 79.392805988239331
  CPU_MATRIX_MULT_SSE: 306.25241306526505
  CPU_mm: 91.722217743394523
  CPU_sse: 215.3117820339823
  CPU_fma: 397.19304409654779
  CPU_avx: 0
  CPU_avx512: 0
  m_CPU_enc_SHA: 212686062.40362364
  m_CPU_enc_AES: 113270414.00134921
  m_CPU_enc_ECDSA: 114993250.00767234
  ME_ALLOC_S: 0
  ME_READ_S: 0
  ME_READ_L: 0
  ME_WRITE: 0
  ME_LARGE: 0
  ME_LATENCY: 0
  ME_THREADED: 0
  SUMM_CPU: 527.12386086794606
  SUMM_ME: 0
SystemInformation:
  OSName: Ubuntu 18.04.6 LTS
  Kernel: 4.9.337-tegra
  Device: quill
  Processor: ARM Cortex-A57 6 Core 2035 MHz
  NumSockets: 2
  Manufacturer: ARM
  NumCores: 6
  NumLogicals: 6
  CPUFrequency: 2035
  Memory: 7850
Checksum: C1E5F1C5A91BD25F63432E09490E1EF70A1EECE7