BaselineInfo:
  WebDBID: -1
  TimeStamp: 20240828182351
Version:
  Major: 11
  Minor: 0
  Build: 1002
  SpecialBuildName: ""
  ptArchitecture: aarch64_linux
Results:
  Results Complete: true
  NumTestProcesses: 6
  CPU_INTEGER_MATH: 9103.1466666666674
  CPU_FLOATINGPOINT_MATH: 2475.0504575300597
  CPU_PRIME: 8.0782600922236032
  CPU_SORTING: 3791.7835285948049
  CPU_ENCRYPTION: 249.36498237689895
  CPU_COMPRESSION: 6414.4151188304586
  CPU_SINGLETHREAD: 321.45428119683095
  CPU_PHYSICS: 133.33550812631313
  CPU_MATRIX_MULT_SSE: 542.65463410524444
  CPU_mm: 162.14079213540884
  CPU_sse: 381.72370164575426
  CPU_fma: 703.58556656473468
  CPU_avx: 0
  CPU_avx512: 0
  m_CPU_enc_SHA: 374816143.29460835
  m_CPU_enc_AES: 192910843.0067156
  m_CPU_enc_ECDSA: 216707420.98119372
  ME_ALLOC_S: 0
  ME_READ_S: 0
  ME_READ_L: 0
  ME_WRITE: 0
  ME_LARGE: 0
  ME_LATENCY: 0
  ME_THREADED: 0
  SUMM_CPU: 937.90468269073551
  SUMM_ME: 0
SystemInformation:
  OSName: Ubuntu 18.04.6 LTS
  Kernel: 4.9.337-tegra
  Device: quill
  Processor: ARM Cortex-A57 6 Core 2035 MHz
  NumSockets: 2
  Manufacturer: ARM
  NumCores: 6
  NumLogicals: 6
  CPUFrequency: 2035
  Memory: 7850
Checksum: 2317AFEBA112B05E31E4ACE0A2446ADF70FE436F