BaselineInfo:
  WebDBID: -1
  TimeStamp: 20240828023503
Version:
  Major: 11
  Minor: 0
  Build: 1002
  SpecialBuildName: ""
  ptArchitecture: aarch64_linux
Results:
  Results Complete: true
  NumTestProcesses: 6
  CPU_INTEGER_MATH: 1174.5766666666666
  CPU_FLOATINGPOINT_MATH: 480.10266354965273
  CPU_PRIME: 0.55518905397596552
  CPU_SORTING: 494.47129476035252
  CPU_ENCRYPTION: 74.993441824775431
  CPU_COMPRESSION: 1611.8211603290251
  CPU_SINGLETHREAD: 96.088763856564654
  CPU_PHYSICS: 9.1913822764054256
  CPU_MATRIX_MULT_SSE: 170.92687480409717
  CPU_mm: 50.949575375676368
  CPU_sse: 123.96846684808185
  CPU_fma: 217.88528276011249
  CPU_avx: 0
  CPU_avx512: 0
  m_CPU_enc_SHA: 110309920.96272177
  m_CPU_enc_AES: 59475192.018617436
  m_CPU_enc_ECDSA: 66123856.78322795
  ME_ALLOC_S: 0
  ME_READ_S: 0
  ME_READ_L: 0
  ME_WRITE: 0
  ME_LARGE: 0
  ME_LATENCY: 0
  ME_THREADED: 0
  SUMM_CPU: 201.99116369250288
  SUMM_ME: 0
SystemInformation:
  OSName: Ubuntu 18.04.6 LTS
  Kernel: 4.9.337-tegra
  Device: quill
  Processor: ARM Cortex-A57 6 Core 2035 MHz
  NumSockets: 2
  Manufacturer: ARM
  NumCores: 6
  NumLogicals: 6
  CPUFrequency: 2035
  Memory: 7850
Checksum: 5DDF30D02B9234488B13995DCE047724AD935B46