BaselineInfo:
  WebDBID: -1
  TimeStamp: 20240828141237
Version:
  Major: 11
  Minor: 0
  Build: 1002
  SpecialBuildName: ""
  ptArchitecture: aarch64_linux
Results:
  Results Complete: true
  NumTestProcesses: 6
  CPU_INTEGER_MATH: 7121.442
  CPU_FLOATINGPOINT_MATH: 1936.5318974234376
  CPU_PRIME: 7.1536733910414947
  CPU_SORTING: 2923.4357794755924
  CPU_ENCRYPTION: 195.98672244776091
  CPU_COMPRESSION: 5117.7991716350271
  CPU_SINGLETHREAD: 250.61341633004656
  CPU_PHYSICS: 118.39957470373652
  CPU_MATRIX_MULT_SSE: 425.52037911637768
  CPU_mm: 126.9515561377134
  CPU_sse: 298.1068885658479
  CPU_fma: 552.93386966690753
  CPU_avx: 0
  CPU_avx512: 0
  m_CPU_enc_SHA: 293613522.5981437
  m_CPU_enc_AES: 154524692.05066144
  m_CPU_enc_ECDSA: 168382705.78334489
  ME_ALLOC_S: 0
  ME_READ_S: 0
  ME_READ_L: 0
  ME_WRITE: 0
  ME_LARGE: 0
  ME_LATENCY: 0
  ME_THREADED: 0
  SUMM_CPU: 743.15154840863261
  SUMM_ME: 0
SystemInformation:
  OSName: Ubuntu 18.04.6 LTS
  Kernel: 4.9.337-tegra
  Device: quill
  Processor: ARM Cortex-A57 6 Core 2035 MHz
  NumSockets: 2
  Manufacturer: ARM
  NumCores: 6
  NumLogicals: 6
  CPUFrequency: 2035
  Memory: 7850
Checksum: F0DE5C910DF035CCDFF39C8B7F9918F45EE32D9C