BaselineInfo:
  WebDBID: -1
  TimeStamp: 20240827212904
Version:
  Major: 11
  Minor: 0
  Build: 1002
  SpecialBuildName: ""
  ptArchitecture: aarch64_linux
Results:
  Results Complete: true
  NumTestProcesses: 6
  CPU_INTEGER_MATH: 1803.7786666666666
  CPU_FLOATINGPOINT_MATH: 479.91501922428137
  CPU_PRIME: 2.1416125774894064
  CPU_SORTING: 790.91495476208422
  CPU_ENCRYPTION: 56.845303120767902
  CPU_COMPRESSION: 0
  CPU_SINGLETHREAD: 238.93854758870404
  CPU_PHYSICS: 39.253550825515347
  CPU_MATRIX_MULT_SSE: 110.6864471423921
  CPU_mm: 31.493751145696823
  CPU_sse: 78.438738405027991
  CPU_fma: 142.93415587975619
  CPU_avx: 0
  CPU_avx512: 0
  m_CPU_enc_SHA: 80714081.572590739
  m_CPU_enc_AES: 47474165.329733841
  m_CPU_enc_ECDSA: 50631614.793162361
  ME_ALLOC_S: 0
  ME_READ_S: 0
  ME_READ_L: 0
  ME_WRITE: 0
  ME_LARGE: 0
  ME_LATENCY: 0
  ME_THREADED: 0
  SUMM_CPU: 0
  SUMM_ME: 0
SystemInformation:
  OSName: Ubuntu 18.04.6 LTS
  Kernel: 4.9.337-tegra
  Device: quill
  Processor: ARM Cortex-A57 6 Core 2035 MHz
  NumSockets: 2
  Manufacturer: ARM
  NumCores: 6
  NumLogicals: 6
  CPUFrequency: 2035
  Memory: 7850
Checksum: 18B4F9FB14876BC17820131C318BCDC06D45D3B0