BaselineInfo:
  WebDBID: -1
  TimeStamp: 20240828144942
Version:
  Major: 11
  Minor: 0
  Build: 1002
  SpecialBuildName: ""
  ptArchitecture: aarch64_linux
Results:
  Results Complete: true
  NumTestProcesses: 6
  CPU_INTEGER_MATH: 7138.9553333333333
  CPU_FLOATINGPOINT_MATH: 1929.3368724210025
  CPU_PRIME: 6.7930705596576484
  CPU_SORTING: 3029.9727461127077
  CPU_ENCRYPTION: 196.8567790855563
  CPU_COMPRESSION: 5136.4418872795086
  CPU_SINGLETHREAD: 253.52714852246669
  CPU_PHYSICS: 109.2468779752631
  CPU_MATRIX_MULT_SSE: 425.54883798818361
  CPU_mm: 127.6882391895561
  CPU_sse: 299.80675082670956
  CPU_fma: 551.2909251496576
  CPU_avx: 0
  CPU_avx512: 0
  m_CPU_enc_SHA: 300216775.60767168
  m_CPU_enc_AES: 158905234.18260303
  m_CPU_enc_ECDSA: 160135872.16897413
  ME_ALLOC_S: 0
  ME_READ_S: 0
  ME_READ_L: 0
  ME_WRITE: 0
  ME_LARGE: 0
  ME_LATENCY: 0
  ME_THREADED: 0
  SUMM_CPU: 743.77159462159671
  SUMM_ME: 0
SystemInformation:
  OSName: Ubuntu 18.04.6 LTS
  Kernel: 4.9.337-tegra
  Device: quill
  Processor: ARM Cortex-A57 6 Core 2035 MHz
  NumSockets: 2
  Manufacturer: ARM
  NumCores: 6
  NumLogicals: 6
  CPUFrequency: 2035
  Memory: 7850
Checksum: 9E700EC5000EBA2BB5A6708137668196C6EE5A97