BaselineInfo:
  WebDBID: -1
  TimeStamp: 20240828144559
Version:
  Major: 11
  Minor: 0
  Build: 1002
  SpecialBuildName: ""
  ptArchitecture: aarch64_linux
Results:
  Results Complete: true
  NumTestProcesses: 6
  CPU_INTEGER_MATH: 7091.7640000000001
  CPU_FLOATINGPOINT_MATH: 1825.9099013860111
  CPU_PRIME: 3.9056342309221601
  CPU_SORTING: 2453.6173662245255
  CPU_ENCRYPTION: 192.81256206262205
  CPU_COMPRESSION: 4902.9427355988064
  CPU_SINGLETHREAD: 244.14577939834274
  CPU_PHYSICS: 63.230926744181303
  CPU_MATRIX_MULT_SSE: 407.12749479280257
  CPU_mm: 126.48273314599186
  CPU_sse: 266.19941108161424
  CPU_fma: 548.05557850399077
  CPU_avx: 0
  CPU_avx512: 0
  m_CPU_enc_SHA: 286715721.71916074
  m_CPU_enc_AES: 154903108.44800472
  m_CPU_enc_ECDSA: 164917045.06496257
  ME_ALLOC_S: 0
  ME_READ_S: 0
  ME_READ_L: 0
  ME_WRITE: 0
  ME_LARGE: 0
  ME_LATENCY: 0
  ME_THREADED: 0
  SUMM_CPU: 688.23546837803212
  SUMM_ME: 0
SystemInformation:
  OSName: Ubuntu 18.04.6 LTS
  Kernel: 4.9.337-tegra
  Device: quill
  Processor: ARM Cortex-A57 6 Core 2035 MHz
  NumSockets: 2
  Manufacturer: ARM
  NumCores: 6
  NumLogicals: 6
  CPUFrequency: 2035
  Memory: 7850
Checksum: 87927ED56585B036E16F8EDC312FDCE6E49B518B