BaselineInfo:
  WebDBID: -1
  TimeStamp: 20240827194521
Version:
  Major: 11
  Minor: 0
  Build: 1002
  SpecialBuildName: ""
  ptArchitecture: aarch64_linux
Results:
  Results Complete: true
  NumTestProcesses: 6
  CPU_INTEGER_MATH: 1757.2026666666666
  CPU_FLOATINGPOINT_MATH: 399.60458184787359
  CPU_PRIME: 0.52610990920720269
  CPU_SORTING: 440.47808797454798
  CPU_ENCRYPTION: 50.422523271997242
  CPU_COMPRESSION: 0
  CPU_SINGLETHREAD: 172.98677593701282
  CPU_PHYSICS: 178.5020727859243
  CPU_MATRIX_MULT_SSE: 101.45895892945381
  CPU_mm: 32.177941763072354
  CPU_sse: 73.289875979447714
  CPU_fma: 129.62804187945991
  CPU_avx: 0
  CPU_avx512: 0
  m_CPU_enc_SHA: 73894015.678127289
  m_CPU_enc_AES: 41525867.859878466
  m_CPU_enc_ECDSA: 43195659.749367602
  ME_ALLOC_S: 0
  ME_READ_S: 0
  ME_READ_L: 0
  ME_WRITE: 0
  ME_LARGE: 0
  ME_LATENCY: 0
  ME_THREADED: 0
  SUMM_CPU: 0
  SUMM_ME: 0
SystemInformation:
  OSName: Ubuntu 18.04.6 LTS
  Kernel: 4.9.337-tegra
  Device: quill
  Processor: ARM Cortex-A57 6 Core 2035 MHz
  NumSockets: 2
  Manufacturer: ARM
  NumCores: 6
  NumLogicals: 6
  CPUFrequency: 2035
  Memory: 7850
Checksum: A5B7BB1EB423CF91D0617C739153F0489DC1747B