BaselineInfo:
  WebDBID: -1
  TimeStamp: 20240828043806
Version:
  Major: 11
  Minor: 0
  Build: 1002
  SpecialBuildName: ""
  ptArchitecture: aarch64_linux
Results:
  Results Complete: true
  NumTestProcesses: 6
  CPU_INTEGER_MATH: 4137.1226666666671
  CPU_FLOATINGPOINT_MATH: 1127.13069211884
  CPU_PRIME: 4.903056097734348
  CPU_SORTING: 1795.6859220576368
  CPU_ENCRYPTION: 119.8370673479108
  CPU_COMPRESSION: 2822.0661527539569
  CPU_SINGLETHREAD: 146.93511160858679
  CPU_PHYSICS: 82.575348488207595
  CPU_MATRIX_MULT_SSE: 247.09190362424806
  CPU_mm: 73.941790624687343
  CPU_sse: 173.64414693442492
  CPU_fma: 320.53966031407117
  CPU_avx: 0
  CPU_avx512: 0
  m_CPU_enc_SHA: 174370204.0570226
  m_CPU_enc_AES: 90417246.031979069
  m_CPU_enc_ECDSA: 112187368.10520707
  ME_ALLOC_S: 0
  ME_READ_S: 0
  ME_READ_L: 0
  ME_WRITE: 0
  ME_LARGE: 0
  ME_LATENCY: 0
  ME_THREADED: 0
  SUMM_CPU: 436.07695735042415
  SUMM_ME: 0
SystemInformation:
  OSName: Ubuntu 18.04.6 LTS
  Kernel: 4.9.337-tegra
  Device: quill
  Processor: ARM Cortex-A57 6 Core 2035 MHz
  NumSockets: 2
  Manufacturer: ARM
  NumCores: 6
  NumLogicals: 6
  CPUFrequency: 2035
  Memory: 7850
Checksum: A209FC241F5A97521F197D147357C84F5527ABAA