BaselineInfo:
  WebDBID: -1
  TimeStamp: 20240828140557
Version:
  Major: 11
  Minor: 0
  Build: 1002
  SpecialBuildName: ""
  ptArchitecture: aarch64_linux
Results:
  Results Complete: true
  NumTestProcesses: 6
  CPU_INTEGER_MATH: 6855.2393333333339
  CPU_FLOATINGPOINT_MATH: 1410.7433750468479
  CPU_PRIME: 0.91659066044993243
  CPU_SORTING: 855.50374370968109
  CPU_ENCRYPTION: 172.20644927362764
  CPU_COMPRESSION: 3857.0989813366291
  CPU_SINGLETHREAD: 208.74453930386133
  CPU_PHYSICS: 16.116709374488341
  CPU_MATRIX_MULT_SSE: 404.84493768584906
  CPU_mm: 123.5295957204907
  CPU_sse: 289.71656616441112
  CPU_fma: 519.97330920728689
  CPU_avx: 0
  CPU_avx512: 0
  m_CPU_enc_SHA: 258452118.56099942
  m_CPU_enc_AES: 140387524.82651624
  m_CPU_enc_ECDSA: 142875005.87311444
  ME_ALLOC_S: 0
  ME_READ_S: 0
  ME_READ_L: 0
  ME_WRITE: 0
  ME_LARGE: 0
  ME_LATENCY: 0
  ME_THREADED: 0
  SUMM_CPU: 463.95995080555593
  SUMM_ME: 0
SystemInformation:
  OSName: Ubuntu 18.04.6 LTS
  Kernel: 4.9.337-tegra
  Device: quill
  Processor: ARM Cortex-A57 6 Core 2035 MHz
  NumSockets: 2
  Manufacturer: ARM
  NumCores: 6
  NumLogicals: 6
  CPUFrequency: 2035
  Memory: 7850
Checksum: 56DA69CFF664528B4CBCB095D30F34B7462EBD96