BaselineInfo:
  WebDBID: -1
  TimeStamp: 20240828003345
Version:
  Major: 11
  Minor: 0
  Build: 1002
  SpecialBuildName: ""
  ptArchitecture: aarch64_linux
Results:
  Results Complete: true
  NumTestProcesses: 6
  CPU_INTEGER_MATH: 3126.982
  CPU_FLOATINGPOINT_MATH: 823.0463269058265
  CPU_PRIME: 2.7700436000072481
  CPU_SORTING: 1268.6034989898826
  CPU_ENCRYPTION: 85.091874889487841
  CPU_COMPRESSION: 2053.4987118225672
  CPU_SINGLETHREAD: 111.11710157551465
  CPU_PHYSICS: 46.528110698869419
  CPU_MATRIX_MULT_SSE: 185.99697542859153
  CPU_mm: 56.062821010159716
  CPU_sse: 131.46541407443993
  CPU_fma: 240.52853678274315
  CPU_avx: 0
  CPU_avx512: 0
  m_CPU_enc_SHA: 123123751.17265061
  m_CPU_enc_AES: 69451451.103384882
  m_CPU_enc_ECDSA: 75100691.136323288
  ME_ALLOC_S: 0
  ME_READ_S: 0
  ME_READ_L: 0
  ME_WRITE: 0
  ME_LARGE: 0
  ME_LATENCY: 0
  ME_THREADED: 0
  SUMM_CPU: 313.88001913140687
  SUMM_ME: 0
SystemInformation:
  OSName: Ubuntu 18.04.6 LTS
  Kernel: 4.9.337-tegra
  Device: quill
  Processor: ARM Cortex-A57 6 Core 2035 MHz
  NumSockets: 2
  Manufacturer: ARM
  NumCores: 6
  NumLogicals: 6
  CPUFrequency: 2035
  Memory: 7850
Checksum: 6B56F07E1D1F16A864F06D76B733E9CAC5442B98