BaselineInfo:
  WebDBID: -1
  TimeStamp: 20240828104319
Version:
  Major: 11
  Minor: 0
  Build: 1002
  SpecialBuildName: ""
  ptArchitecture: aarch64_linux
Results:
  Results Complete: true
  NumTestProcesses: 6
  CPU_INTEGER_MATH: 6148.2686666666668
  CPU_FLOATINGPOINT_MATH: 1670.8553919782162
  CPU_PRIME: 6.4598826512394609
  CPU_SORTING: 2657.8177648959277
  CPU_ENCRYPTION: 169.72859697984509
  CPU_COMPRESSION: 4380.4033426343412
  CPU_SINGLETHREAD: 218.96012726227823
  CPU_PHYSICS: 107.79605483489046
  CPU_MATRIX_MULT_SSE: 366.78858070166359
  CPU_mm: 109.54529024060889
  CPU_sse: 258.2371640008754
  CPU_fma: 475.33999740245184
  CPU_avx: 0
  CPU_avx512: 0
  m_CPU_enc_SHA: 242292944.95617786
  m_CPU_enc_AES: 137650424.20476744
  m_CPU_enc_ECDSA: 153976630.75926885
  ME_ALLOC_S: 0
  ME_READ_S: 0
  ME_READ_L: 0
  ME_WRITE: 0
  ME_LARGE: 0
  ME_LATENCY: 0
  ME_THREADED: 0
  SUMM_CPU: 643.59914529490015
  SUMM_ME: 0
SystemInformation:
  OSName: Ubuntu 18.04.6 LTS
  Kernel: 4.9.337-tegra
  Device: quill
  Processor: ARM Cortex-A57 6 Core 2035 MHz
  NumSockets: 2
  Manufacturer: ARM
  NumCores: 6
  NumLogicals: 6
  CPUFrequency: 2035
  Memory: 7850
Checksum: 3CFCC1BB53122061651F270F0D6E5EFD5E3F580A