BaselineInfo:
  WebDBID: -1
  TimeStamp: 20240828192804
Version:
  Major: 11
  Minor: 0
  Build: 1002
  SpecialBuildName: ""
  ptArchitecture: aarch64_linux
Results:
  Results Complete: true
  NumTestProcesses: 6
  CPU_INTEGER_MATH: 8065.2686666666668
  CPU_FLOATINGPOINT_MATH: 820.82979281233293
  CPU_PRIME: 0
  CPU_SORTING: 0.22787918019481807
  CPU_ENCRYPTION: 131.75497497583692
  CPU_COMPRESSION: 1349.8952525260004
  CPU_SINGLETHREAD: 409.46301564265673
  CPU_PHYSICS: 4.6985212110875576
  CPU_MATRIX_MULT_SSE: 411.00688307007522
  CPU_mm: 120.90081816441308
  CPU_sse: 286.43293901847937
  CPU_fma: 535.58082712167118
  CPU_avx: 0
  CPU_avx512: 0
  m_CPU_enc_SHA: 136229080.55269504
  m_CPU_enc_AES: 93226454.024866059
  m_CPU_enc_ECDSA: 15818190.541384125
  ME_ALLOC_S: 0
  ME_READ_S: 0
  ME_READ_L: 0
  ME_WRITE: 0
  ME_LARGE: 0
  ME_LATENCY: 0
  ME_THREADED: 0
  SUMM_CPU: 0
  SUMM_ME: 0
SystemInformation:
  OSName: Ubuntu 18.04.6 LTS
  Kernel: 4.9.337-tegra
  Device: quill
  Processor: ARM Cortex-A57 6 Core 2035 MHz
  NumSockets: 2
  Manufacturer: ARM
  NumCores: 6
  NumLogicals: 6
  CPUFrequency: 2035
  Memory: 7850
Checksum: B09AAB88F85C5CDF53B128398433260C4579A5F5