BaselineInfo:
  WebDBID: -1
  TimeStamp: 20240827225121
Version:
  Major: 11
  Minor: 0
  Build: 1002
  SpecialBuildName: ""
  ptArchitecture: aarch64_linux
Results:
  Results Complete: true
  NumTestProcesses: 6
  CPU_INTEGER_MATH: 1856.0346666666665
  CPU_FLOATINGPOINT_MATH: 503.30548648058607
  CPU_PRIME: 2.4261958091568649
  CPU_SORTING: 771.44090503602752
  CPU_ENCRYPTION: 62.158718918150711
  CPU_COMPRESSION: 0
  CPU_SINGLETHREAD: 237.18735033384456
  CPU_PHYSICS: 46.290595625342434
  CPU_MATRIX_MULT_SSE: 109.21076511689871
  CPU_mm: 33.413529543052888
  CPU_sse: 79.940160476155953
  CPU_fma: 138.48136975764146
  CPU_avx: 0
  CPU_avx512: 0
  m_CPU_enc_SHA: 87646571.799958542
  m_CPU_enc_AES: 47578364.552619986
  m_CPU_enc_ECDSA: 60309486.192377873
  ME_ALLOC_S: 0
  ME_READ_S: 0
  ME_READ_L: 0
  ME_WRITE: 0
  ME_LARGE: 0
  ME_LATENCY: 0
  ME_THREADED: 0
  SUMM_CPU: 0
  SUMM_ME: 0
SystemInformation:
  OSName: Ubuntu 18.04.6 LTS
  Kernel: 4.9.337-tegra
  Device: quill
  Processor: ARM Cortex-A57 6 Core 2035 MHz
  NumSockets: 2
  Manufacturer: ARM
  NumCores: 6
  NumLogicals: 6
  CPUFrequency: 2035
  Memory: 7850
Checksum: 176E83AC7EE3725AE3C7136F851F592A20A5F06D