BaselineInfo:
  WebDBID: -1
  TimeStamp: 20240828184713
Version:
  Major: 11
  Minor: 0
  Build: 1002
  SpecialBuildName: ""
  ptArchitecture: aarch64_linux
Results:
  Results Complete: true
  NumTestProcesses: 6
  CPU_INTEGER_MATH: 9067.2206666666661
  CPU_FLOATINGPOINT_MATH: 2425.3059703763201
  CPU_PRIME: 6.2014587166398547
  CPU_SORTING: 3473.5239535452251
  CPU_ENCRYPTION: 249.72816655048101
  CPU_COMPRESSION: 6223.8165295579247
  CPU_SINGLETHREAD: 314.69247584706255
  CPU_PHYSICS: 99.140427357700588
  CPU_MATRIX_MULT_SSE: 539.78156813074372
  CPU_mm: 161.97392090656331
  CPU_sse: 382.11324140782506
  CPU_fma: 697.44989485366239
  CPU_avx: 0
  CPU_avx512: 0
  m_CPU_enc_SHA: 374490185.30278587
  m_CPU_enc_AES: 197975300.791879
  m_CPU_enc_ECDSA: 213111399.81184661
  ME_ALLOC_S: 0
  ME_READ_S: 0
  ME_READ_L: 0
  ME_WRITE: 0
  ME_LARGE: 0
  ME_LATENCY: 0
  ME_THREADED: 0
  SUMM_CPU: 907.90659011490482
  SUMM_ME: 0
SystemInformation:
  OSName: Ubuntu 18.04.6 LTS
  Kernel: 4.9.337-tegra
  Device: quill
  Processor: ARM Cortex-A57 6 Core 2035 MHz
  NumSockets: 2
  Manufacturer: ARM
  NumCores: 6
  NumLogicals: 6
  CPUFrequency: 2035
  Memory: 7850
Checksum: B7FEBB5242AAB3C6ED3EA6DA489D2316EF20FF3A