BaselineInfo:
  WebDBID: -1
  TimeStamp: 20240827224116
Version:
  Major: 11
  Minor: 0
  Build: 1002
  SpecialBuildName: ""
  ptArchitecture: aarch64_linux
Results:
  Results Complete: true
  NumTestProcesses: 6
  CPU_INTEGER_MATH: 1791.5193333333334
  CPU_FLOATINGPOINT_MATH: 403.22188131231087
  CPU_PRIME: 0.80784064901125774
  CPU_SORTING: 606.77373868970187
  CPU_ENCRYPTION: 56.590924034733177
  CPU_COMPRESSION: 0
  CPU_SINGLETHREAD: 198.1661089828107
  CPU_PHYSICS: 13.442453856319689
  CPU_MATRIX_MULT_SSE: 108.51567677298981
  CPU_mm: 32.317746731575319
  CPU_sse: 75.731927848888233
  CPU_fma: 141.29942569709138
  CPU_avx: 0
  CPU_avx512: 0
  m_CPU_enc_SHA: 81663969.129556283
  m_CPU_enc_AES: 45079556.95545537
  m_CPU_enc_ECDSA: 51276128.196921475
  ME_ALLOC_S: 0
  ME_READ_S: 0
  ME_READ_L: 0
  ME_WRITE: 0
  ME_LARGE: 0
  ME_LATENCY: 0
  ME_THREADED: 0
  SUMM_CPU: 0
  SUMM_ME: 0
SystemInformation:
  OSName: Ubuntu 18.04.6 LTS
  Kernel: 4.9.337-tegra
  Device: quill
  Processor: ARM Cortex-A57 6 Core 2035 MHz
  NumSockets: 2
  Manufacturer: ARM
  NumCores: 6
  NumLogicals: 6
  CPUFrequency: 2035
  Memory: 7850
Checksum: BE131FE57CE07869955D6B98314124813D73105E