BaselineInfo:
  WebDBID: -1
  TimeStamp: 20240828100209
Version:
  Major: 11
  Minor: 0
  Build: 1002
  SpecialBuildName: ""
  ptArchitecture: aarch64_linux
Results:
  Results Complete: true
  NumTestProcesses: 6
  CPU_INTEGER_MATH: 6143.0620000000008
  CPU_FLOATINGPOINT_MATH: 1661.692016375021
  CPU_PRIME: 6.1164326903063131
  CPU_SORTING: 2567.8297631962491
  CPU_ENCRYPTION: 169.85472302152706
  CPU_COMPRESSION: 4267.6395162356494
  CPU_SINGLETHREAD: 216.65312318155958
  CPU_PHYSICS: 103.93233848802845
  CPU_MATRIX_MULT_SSE: 366.21277002958243
  CPU_mm: 109.46204186057962
  CPU_sse: 257.1739241596855
  CPU_fma: 475.25161589947919
  CPU_avx: 0
  CPU_avx512: 0
  m_CPU_enc_SHA: 253977188.2654765
  m_CPU_enc_AES: 138805291.790268
  m_CPU_enc_ECDSA: 141534278.08531779
  ME_ALLOC_S: 0
  ME_READ_S: 0
  ME_READ_L: 0
  ME_WRITE: 0
  ME_LARGE: 0
  ME_LATENCY: 0
  ME_THREADED: 0
  SUMM_CPU: 635.92446092423415
  SUMM_ME: 0
SystemInformation:
  OSName: Ubuntu 18.04.6 LTS
  Kernel: 4.9.337-tegra
  Device: quill
  Processor: ARM Cortex-A57 6 Core 2035 MHz
  NumSockets: 2
  Manufacturer: ARM
  NumCores: 6
  NumLogicals: 6
  CPUFrequency: 2035
  Memory: 7850
Checksum: 1A226574819692AB00BC15E1DFE54325EB41ED6F