BaselineInfo:
  WebDBID: -1
  TimeStamp: 20240828161734
Version:
  Major: 11
  Minor: 0
  Build: 1002
  SpecialBuildName: ""
  ptArchitecture: aarch64_linux
Results:
  Results Complete: true
  NumTestProcesses: 6
  CPU_INTEGER_MATH: 7935.0546666666669
  CPU_FLOATINGPOINT_MATH: 2144.9281019381647
  CPU_PRIME: 7.3276019656243232
  CPU_SORTING: 3280.2193331201975
  CPU_ENCRYPTION: 219.28468113094721
  CPU_COMPRESSION: 5728.5218316102982
  CPU_SINGLETHREAD: 278.5021785625828
  CPU_PHYSICS: 121.89972335627158
  CPU_MATRIX_MULT_SSE: 472.57274097914546
  CPU_mm: 142.41699607969949
  CPU_sse: 330.09066039710058
  CPU_fma: 615.05482156119024
  CPU_avx: 0
  CPU_avx512: 0
  m_CPU_enc_SHA: 336329126.94776636
  m_CPU_enc_AES: 167065342.93681198
  m_CPU_enc_ECDSA: 186415491.520114
  ME_ALLOC_S: 0
  ME_READ_S: 0
  ME_READ_L: 0
  ME_WRITE: 0
  ME_LARGE: 0
  ME_LATENCY: 0
  ME_THREADED: 0
  SUMM_CPU: 826.04063420627449
  SUMM_ME: 0
SystemInformation:
  OSName: Ubuntu 18.04.6 LTS
  Kernel: 4.9.337-tegra
  Device: quill
  Processor: ARM Cortex-A57 6 Core 2035 MHz
  NumSockets: 2
  Manufacturer: ARM
  NumCores: 6
  NumLogicals: 6
  CPUFrequency: 2035
  Memory: 7850
Checksum: 629B50BE159BE1CC49FCDDF7DDF712ED652B8E77