BaselineInfo:
  WebDBID: -1
  TimeStamp: 20240828032912
Version:
  Major: 11
  Minor: 0
  Build: 1002
  SpecialBuildName: ""
  ptArchitecture: aarch64_linux
Results:
  Results Complete: true
  NumTestProcesses: 6
  CPU_INTEGER_MATH: 4078.6186666666663
  CPU_FLOATINGPOINT_MATH: 1036.7784721471889
  CPU_PRIME: 1.833384273788264
  CPU_SORTING: 1304.2993139342084
  CPU_ENCRYPTION: 105.85725782914584
  CPU_COMPRESSION: 2655.9675934872289
  CPU_SINGLETHREAD: 140.07459450680605
  CPU_PHYSICS: 32.502328507784107
  CPU_MATRIX_MULT_SSE: 243.33611772860991
  CPU_mm: 73.171439295675356
  CPU_sse: 172.08406527402838
  CPU_fma: 314.58817018319149
  CPU_avx: 0
  CPU_avx512: 0
  m_CPU_enc_SHA: 158244721.72320938
  m_CPU_enc_AES: 89677855.2573753
  m_CPU_enc_ECDSA: 85075562.975778654
  ME_ALLOC_S: 0
  ME_READ_S: 0
  ME_READ_L: 0
  ME_WRITE: 0
  ME_LARGE: 0
  ME_LATENCY: 0
  ME_THREADED: 0
  SUMM_CPU: 379.42997455515882
  SUMM_ME: 0
SystemInformation:
  OSName: Ubuntu 18.04.6 LTS
  Kernel: 4.9.337-tegra
  Device: quill
  Processor: ARM Cortex-A57 6 Core 2035 MHz
  NumSockets: 2
  Manufacturer: ARM
  NumCores: 6
  NumLogicals: 6
  CPUFrequency: 2035
  Memory: 7850
Checksum: 3AD2C466AB3382E0FCAEB2E2D0AD0C4F1128678E