BaselineInfo:
  WebDBID: -1
  TimeStamp: 20240827211431
Version:
  Major: 11
  Minor: 0
  Build: 1002
  SpecialBuildName: ""
  ptArchitecture: aarch64_linux
Results:
  Results Complete: true
  NumTestProcesses: 6
  CPU_INTEGER_MATH: 1839.2786666666668
  CPU_FLOATINGPOINT_MATH: 495.38307624602851
  CPU_PRIME: 2.3504815608718053
  CPU_SORTING: 792.50595037234666
  CPU_ENCRYPTION: 59.470055256267187
  CPU_COMPRESSION: 0
  CPU_SINGLETHREAD: 243.70063786406948
  CPU_PHYSICS: 45.097607231368869
  CPU_MATRIX_MULT_SSE: 107.15569545662206
  CPU_mm: 33.282725449910636
  CPU_sse: 70.790805535428618
  CPU_fma: 143.52058537781548
  CPU_avx: 0
  CPU_avx512: 0
  m_CPU_enc_SHA: 87531075.617606044
  m_CPU_enc_AES: 48691269.662679881
  m_CPU_enc_ECDSA: 50854272.70090092
  ME_ALLOC_S: 0
  ME_READ_S: 0
  ME_READ_L: 0
  ME_WRITE: 0
  ME_LARGE: 0
  ME_LATENCY: 0
  ME_THREADED: 0
  SUMM_CPU: 0
  SUMM_ME: 0
SystemInformation:
  OSName: Ubuntu 18.04.6 LTS
  Kernel: 4.9.337-tegra
  Device: quill
  Processor: ARM Cortex-A57 6 Core 2035 MHz
  NumSockets: 2
  Manufacturer: ARM
  NumCores: 6
  NumLogicals: 6
  CPUFrequency: 2035
  Memory: 7850
Checksum: 59BA5848F2AFF18818C7F08FABF31CBAD11889A4