BaselineInfo:
  WebDBID: -1
  TimeStamp: 20240828043048
Version:
  Major: 11
  Minor: 0
  Build: 1002
  SpecialBuildName: ""
  ptArchitecture: aarch64_linux
Results:
  Results Complete: true
  NumTestProcesses: 6
  CPU_INTEGER_MATH: 4005.3466666666673
  CPU_FLOATINGPOINT_MATH: 918.52509784959943
  CPU_PRIME: 0.91733297410120174
  CPU_SORTING: 799.32646927996893
  CPU_ENCRYPTION: 102.63258239815144
  CPU_COMPRESSION: 2317.1644282112084
  CPU_SINGLETHREAD: 130.9056863260075
  CPU_PHYSICS: 15.537664901969354
  CPU_MATRIX_MULT_SSE: 237.50602567091326
  CPU_mm: 72.567609827723203
  CPU_sse: 165.97621432451751
  CPU_fma: 309.03583701730901
  CPU_avx: 0
  CPU_avx512: 0
  m_CPU_enc_SHA: 153843205.40357712
  m_CPU_enc_AES: 86003444.455290079
  m_CPU_enc_ECDSA: 83007538.303305
  ME_ALLOC_S: 0
  ME_READ_S: 0
  ME_READ_L: 0
  ME_WRITE: 0
  ME_LARGE: 0
  ME_LATENCY: 0
  ME_THREADED: 0
  SUMM_CPU: 317.76941576627843
  SUMM_ME: 0
SystemInformation:
  OSName: Ubuntu 18.04.6 LTS
  Kernel: 4.9.337-tegra
  Device: quill
  Processor: ARM Cortex-A57 6 Core 2035 MHz
  NumSockets: 2
  Manufacturer: ARM
  NumCores: 6
  NumLogicals: 6
  CPUFrequency: 2035
  Memory: 7850
Checksum: FCA7957D01F9F305F4C4D779AD61AC664645922A