BaselineInfo:
  WebDBID: -1
  TimeStamp: 20240828151118
Version:
  Major: 11
  Minor: 0
  Build: 1002
  SpecialBuildName: ""
  ptArchitecture: aarch64_linux
Results:
  Results Complete: true
  NumTestProcesses: 6
  CPU_INTEGER_MATH: 7096.3079999999991
  CPU_FLOATINGPOINT_MATH: 1869.7357663144799
  CPU_PRIME: 3.6880332154497006
  CPU_SORTING: 2485.9494451618739
  CPU_ENCRYPTION: 192.73191658438213
  CPU_COMPRESSION: 4918.2747482463119
  CPU_SINGLETHREAD: 243.91597950518607
  CPU_PHYSICS: 64.05107490005301
  CPU_MATRIX_MULT_SSE: 422.16780541810954
  CPU_mm: 126.6039503028897
  CPU_sse: 296.17660056256159
  CPU_fma: 548.15901027365737
  CPU_avx: 0
  CPU_avx512: 0
  m_CPU_enc_SHA: 285175288.02092445
  m_CPU_enc_AES: 155916503.78146029
  m_CPU_enc_ECDSA: 165190394.69077039
  ME_ALLOC_S: 0
  ME_READ_S: 0
  ME_READ_L: 0
  ME_WRITE: 0
  ME_LARGE: 0
  ME_LATENCY: 0
  ME_THREADED: 0
  SUMM_CPU: 693.12089579089684
  SUMM_ME: 0
SystemInformation:
  OSName: Ubuntu 18.04.6 LTS
  Kernel: 4.9.337-tegra
  Device: quill
  Processor: ARM Cortex-A57 6 Core 2035 MHz
  NumSockets: 2
  Manufacturer: ARM
  NumCores: 6
  NumLogicals: 6
  CPUFrequency: 2035
  Memory: 7850
Checksum: 85D94767CEF45B91EC822B229B90A054DDCC02CE