BaselineInfo:
  WebDBID: -1
  TimeStamp: 20240828125932
Version:
  Major: 11
  Minor: 0
  Build: 1002
  SpecialBuildName: ""
  ptArchitecture: aarch64_linux
Results:
  Results Complete: true
  NumTestProcesses: 6
  CPU_INTEGER_MATH: 6363.4933333333338
  CPU_FLOATINGPOINT_MATH: 752.3559735805826
  CPU_PRIME: 0
  CPU_SORTING: 0.23225835669901429
  CPU_ENCRYPTION: 138.97761989717185
  CPU_COMPRESSION: 88.113372510285259
  CPU_SINGLETHREAD: 267.27007975918059
  CPU_PHYSICS: 1017.7210931606712
  CPU_MATRIX_MULT_SSE: 265.51577629704332
  CPU_mm: 65.362810651139185
  CPU_sse: 182.06205281526763
  CPU_fma: 348.969499778819
  CPU_avx: 0
  CPU_avx512: 0
  m_CPU_enc_SHA: 0
  m_CPU_enc_AES: 82494816.833160788
  m_CPU_enc_ECDSA: 0
  ME_ALLOC_S: 0
  ME_READ_S: 0
  ME_READ_L: 0
  ME_WRITE: 0
  ME_LARGE: 0
  ME_LATENCY: 0
  ME_THREADED: 0
  SUMM_CPU: 0
  SUMM_ME: 0
SystemInformation:
  OSName: Ubuntu 18.04.6 LTS
  Kernel: 4.9.337-tegra
  Device: quill
  Processor: ARM Cortex-A57 6 Core 2035 MHz
  NumSockets: 2
  Manufacturer: ARM
  NumCores: 6
  NumLogicals: 6
  CPUFrequency: 2035
  Memory: 7850
Checksum: 6F5E83A1D8E0A10970C5249B3F6055F5E6167FB2