BaselineInfo:
  WebDBID: -1
  TimeStamp: 20240827233012
Version:
  Major: 11
  Minor: 0
  Build: 1002
  SpecialBuildName: ""
  ptArchitecture: aarch64_linux
Results:
  Results Complete: true
  NumTestProcesses: 6
  CPU_INTEGER_MATH: 3079.8380000000002
  CPU_FLOATINGPOINT_MATH: 850.21180703695461
  CPU_PRIME: 3.98692912417384
  CPU_SORTING: 1394.4595458434505
  CPU_ENCRYPTION: 85.854773029210122
  CPU_COMPRESSION: 2144.8153025478159
  CPU_SINGLETHREAD: 112.87570890542811
  CPU_PHYSICS: 72.060543542562868
  CPU_MATRIX_MULT_SSE: 186.91447058390659
  CPU_mm: 56.235247407744431
  CPU_sse: 132.01167354579863
  CPU_fma: 241.81726762201458
  CPU_avx: 0
  CPU_avx512: 0
  m_CPU_enc_SHA: 128345351.72122116
  m_CPU_enc_AES: 69112824.995689481
  m_CPU_enc_ECDSA: 72617586.734720469
  ME_ALLOC_S: 0
  ME_READ_S: 0
  ME_READ_L: 0
  ME_WRITE: 0
  ME_LARGE: 0
  ME_LATENCY: 0
  ME_THREADED: 0
  SUMM_CPU: 326.7704705192067
  SUMM_ME: 0
SystemInformation:
  OSName: Ubuntu 18.04.6 LTS
  Kernel: 4.9.337-tegra
  Device: quill
  Processor: ARM Cortex-A57 6 Core 2035 MHz
  NumSockets: 2
  Manufacturer: ARM
  NumCores: 6
  NumLogicals: 6
  CPUFrequency: 2035
  Memory: 7850
Checksum: F34601171B416A5D81171A2F730768A6120A37B2