BaselineInfo:
  WebDBID: -1
  TimeStamp: 20240828193951
Version:
  Major: 11
  Minor: 0
  Build: 1002
  SpecialBuildName: ""
  ptArchitecture: aarch64_linux
Results:
  Results Complete: true
  NumTestProcesses: 6
  CPU_INTEGER_MATH: 8073.0313333333324
  CPU_FLOATINGPOINT_MATH: 1025.9937925094684
  CPU_PRIME: 0
  CPU_SORTING: 50.374711183724045
  CPU_ENCRYPTION: 136.17032122739394
  CPU_COMPRESSION: 1595.0882074268318
  CPU_SINGLETHREAD: 208.24699478398455
  CPU_PHYSICS: 5.6002586744875504
  CPU_MATRIX_MULT_SSE: 480.96364152214016
  CPU_mm: 145.33027090187045
  CPU_sse: 348.83941070837386
  CPU_fma: 613.08787233590658
  CPU_avx: 0
  CPU_avx512: 0
  m_CPU_enc_SHA: 161423759.53469062
  m_CPU_enc_AES: 123841820.68121222
  m_CPU_enc_ECDSA: 52841679.448919348
  ME_ALLOC_S: 0
  ME_READ_S: 0
  ME_READ_L: 0
  ME_WRITE: 0
  ME_LARGE: 0
  ME_LATENCY: 0
  ME_THREADED: 0
  SUMM_CPU: 0
  SUMM_ME: 0
SystemInformation:
  OSName: Ubuntu 18.04.6 LTS
  Kernel: 4.9.337-tegra
  Device: quill
  Processor: ARM Cortex-A57 6 Core 2035 MHz
  NumSockets: 2
  Manufacturer: ARM
  NumCores: 6
  NumLogicals: 6
  CPUFrequency: 2035
  Memory: 7850
Checksum: 70D5E0EC4C0A6D598D855A374CAC0BA161572C07