BaselineInfo:
  WebDBID: -1
  TimeStamp: 20240828020511
Version:
  Major: 11
  Minor: 0
  Build: 1002
  SpecialBuildName: ""
  ptArchitecture: aarch64_linux
Results:
  Results Complete: true
  NumTestProcesses: 6
  CPU_INTEGER_MATH: 3134.3659999999995
  CPU_FLOATINGPOINT_MATH: 845.78190583859521
  CPU_PRIME: 3.314046870375722
  CPU_SORTING: 1278.2878375985888
  CPU_ENCRYPTION: 84.616823425627317
  CPU_COMPRESSION: 2111.9174292145199
  CPU_SINGLETHREAD: 112.05551045598553
  CPU_PHYSICS: 57.060737549300526
  CPU_MATRIX_MULT_SSE: 185.94637197747048
  CPU_mm: 56.280716664591743
  CPU_sse: 131.7706315372219
  CPU_fma: 240.12211241771908
  CPU_avx: 0
  CPU_avx512: 0
  m_CPU_enc_SHA: 120711586.52831838
  m_CPU_enc_AES: 71027638.137134403
  m_CPU_enc_ECDSA: 74442286.055598959
  ME_ALLOC_S: 0
  ME_READ_S: 0
  ME_READ_L: 0
  ME_WRITE: 0
  ME_LARGE: 0
  ME_LATENCY: 0
  ME_THREADED: 0
  SUMM_CPU: 319.87538234407526
  SUMM_ME: 0
SystemInformation:
  OSName: Ubuntu 18.04.6 LTS
  Kernel: 4.9.337-tegra
  Device: quill
  Processor: ARM Cortex-A57 6 Core 2035 MHz
  NumSockets: 2
  Manufacturer: ARM
  NumCores: 6
  NumLogicals: 6
  CPUFrequency: 2035
  Memory: 7850
Checksum: 40DC6E9E9E669E798C605BE42745208D74B796EB