BaselineInfo:
  WebDBID: -1
  TimeStamp: 20240828075531
Version:
  Major: 11
  Minor: 0
  Build: 1002
  SpecialBuildName: ""
  ptArchitecture: aarch64_linux
Results:
  Results Complete: true
  NumTestProcesses: 6
  CPU_INTEGER_MATH: 5143.145333333332
  CPU_FLOATINGPOINT_MATH: 1397.3288113484166
  CPU_PRIME: 5.7871796624909937
  CPU_SORTING: 2191.5840266768164
  CPU_ENCRYPTION: 141.2048972368207
  CPU_COMPRESSION: 3595.9415807445366
  CPU_SINGLETHREAD: 183.40655773584322
  CPU_PHYSICS: 96.533195144990316
  CPU_MATRIX_MULT_SSE: 306.44280930864284
  CPU_mm: 91.754859549629074
  CPU_sse: 215.63099384553809
  CPU_fma: 397.25462477174761
  CPU_avx: 0
  CPU_avx512: 0
  m_CPU_enc_SHA: 214264216.8587459
  m_CPU_enc_AES: 109654853.52404949
  m_CPU_enc_ECDSA: 120273128.59219418
  ME_ALLOC_S: 0
  ME_READ_S: 0
  ME_READ_L: 0
  ME_WRITE: 0
  ME_LARGE: 0
  ME_LATENCY: 0
  ME_THREADED: 0
  SUMM_CPU: 535.83204414525369
  SUMM_ME: 0
SystemInformation:
  OSName: Ubuntu 18.04.6 LTS
  Kernel: 4.9.337-tegra
  Device: quill
  Processor: ARM Cortex-A57 6 Core 2035 MHz
  NumSockets: 2
  Manufacturer: ARM
  NumCores: 6
  NumLogicals: 6
  CPUFrequency: 2035
  Memory: 7850
Checksum: A346800A20F7E12254425FD7B6AA3C07D7EAAC13