BaselineInfo:
  WebDBID: -1
  TimeStamp: 20240828043430
Version:
  Major: 11
  Minor: 0
  Build: 1002
  SpecialBuildName: ""
  ptArchitecture: aarch64_linux
Results:
  Results Complete: true
  NumTestProcesses: 6
  CPU_INTEGER_MATH: 4129.4073333333336
  CPU_FLOATINGPOINT_MATH: 1102.1983617935937
  CPU_PRIME: 4.0492965860368875
  CPU_SORTING: 1739.3245395888448
  CPU_ENCRYPTION: 117.63384260529611
  CPU_COMPRESSION: 2853.8724281906552
  CPU_SINGLETHREAD: 146.00086842753836
  CPU_PHYSICS: 67.609616386765936
  CPU_MATRIX_MULT_SSE: 246.04188181894071
  CPU_mm: 73.765570723281542
  CPU_sse: 172.81019224772226
  CPU_fma: 319.27357139015919
  CPU_avx: 0
  CPU_avx512: 0
  m_CPU_enc_SHA: 168235772.48815462
  m_CPU_enc_AES: 89575295.788870931
  m_CPU_enc_ECDSA: 112233004.15404743
  ME_ALLOC_S: 0
  ME_READ_S: 0
  ME_READ_L: 0
  ME_WRITE: 0
  ME_LARGE: 0
  ME_LATENCY: 0
  ME_THREADED: 0
  SUMM_CPU: 429.57263580170127
  SUMM_ME: 0
SystemInformation:
  OSName: Ubuntu 18.04.6 LTS
  Kernel: 4.9.337-tegra
  Device: quill
  Processor: ARM Cortex-A57 6 Core 2035 MHz
  NumSockets: 2
  Manufacturer: ARM
  NumCores: 6
  NumLogicals: 6
  CPUFrequency: 2035
  Memory: 7850
Checksum: 61054D17C294522A39AFB13F2CA261A9565AD10B