BaselineInfo:
  WebDBID: -1
  TimeStamp: 20240828024355
Version:
  Major: 11
  Minor: 0
  Build: 1002
  SpecialBuildName: ""
  ptArchitecture: aarch64_linux
Results:
  Results Complete: true
  NumTestProcesses: 6
  CPU_INTEGER_MATH: 3137.5373333333332
  CPU_FLOATINGPOINT_MATH: 851.15999929651468
  CPU_PRIME: 3.8669547678508538
  CPU_SORTING: 1298.4642295338938
  CPU_ENCRYPTION: 87.619551406940317
  CPU_COMPRESSION: 2176.6698177568069
  CPU_SINGLETHREAD: 112.64275568950652
  CPU_PHYSICS: 64.463659119174579
  CPU_MATRIX_MULT_SSE: 186.92858525628333
  CPU_mm: 56.28300655033793
  CPU_sse: 131.93478766536256
  CPU_fma: 241.92238284720406
  CPU_avx: 0
  CPU_avx512: 0
  m_CPU_enc_SHA: 129319079.87538958
  m_CPU_enc_AES: 67023685.395864919
  m_CPU_enc_ECDSA: 79284510.936997056
  ME_ALLOC_S: 0
  ME_READ_S: 0
  ME_READ_L: 0
  ME_WRITE: 0
  ME_LARGE: 0
  ME_LATENCY: 0
  ME_THREADED: 0
  SUMM_CPU: 328.58691647260355
  SUMM_ME: 0
SystemInformation:
  OSName: Ubuntu 18.04.6 LTS
  Kernel: 4.9.337-tegra
  Device: quill
  Processor: ARM Cortex-A57 6 Core 2035 MHz
  NumSockets: 2
  Manufacturer: ARM
  NumCores: 6
  NumLogicals: 6
  CPUFrequency: 2035
  Memory: 7850
Checksum: B95D189E30E8CEFB37A70B64E76A15A25A69D918