BaselineInfo:
  WebDBID: -1
  TimeStamp: 20240828055159
Version:
  Major: 11
  Minor: 0
  Build: 1002
  SpecialBuildName: ""
  ptArchitecture: aarch64_linux
Results:
  Results Complete: true
  NumTestProcesses: 6
  CPU_INTEGER_MATH: 4045.5799999999999
  CPU_FLOATINGPOINT_MATH: 1084.9863166671194
  CPU_PRIME: 3.0811595955009796
  CPU_SORTING: 1624.4676983433737
  CPU_ENCRYPTION: 114.88606308398104
  CPU_COMPRESSION: 2724.0908365544187
  CPU_SINGLETHREAD: 144.35986205281273
  CPU_PHYSICS: 51.821559525232765
  CPU_MATRIX_MULT_SSE: 245.07834018124973
  CPU_mm: 73.838099001059788
  CPU_sse: 172.43974502343306
  CPU_fma: 317.71693533906642
  CPU_avx: 0
  CPU_avx512: 0
  m_CPU_enc_SHA: 168167425.0360204
  m_CPU_enc_AES: 94000691.188268453
  m_CPU_enc_ECDSA: 99232189.228756666
  ME_ALLOC_S: 0
  ME_READ_S: 0
  ME_READ_L: 0
  ME_WRITE: 0
  ME_LARGE: 0
  ME_LATENCY: 0
  ME_THREADED: 0
  SUMM_CPU: 412.26304705578787
  SUMM_ME: 0
SystemInformation:
  OSName: Ubuntu 18.04.6 LTS
  Kernel: 4.9.337-tegra
  Device: quill
  Processor: ARM Cortex-A57 6 Core 2035 MHz
  NumSockets: 2
  Manufacturer: ARM
  NumCores: 6
  NumLogicals: 6
  CPUFrequency: 2035
  Memory: 7850
Checksum: FBE5B9037589DDBB3AC73F56F0888478C0542896