BaselineInfo:
  WebDBID: -1
  TimeStamp: 20240827224831
Version:
  Major: 11
  Minor: 0
  Build: 1002
  SpecialBuildName: ""
  ptArchitecture: aarch64_linux
Results:
  Results Complete: true
  NumTestProcesses: 6
  CPU_INTEGER_MATH: 1824.7473333333335
  CPU_FLOATINGPOINT_MATH: 494.04009924443221
  CPU_PRIME: 2.273269616347672
  CPU_SORTING: 853.4870137671702
  CPU_ENCRYPTION: 61.070310584404709
  CPU_COMPRESSION: 0
  CPU_SINGLETHREAD: 239.5504003644499
  CPU_PHYSICS: 42.874801669804505
  CPU_MATRIX_MULT_SSE: 110.77194975771015
  CPU_mm: 33.356311328118224
  CPU_sse: 78.425815133602185
  CPU_fma: 143.11808438181811
  CPU_avx: 0
  CPU_avx512: 0
  m_CPU_enc_SHA: 91548263.669701308
  m_CPU_enc_AES: 48456706.788777664
  m_CPU_enc_ECDSA: 52105615.515579268
  ME_ALLOC_S: 0
  ME_READ_S: 0
  ME_READ_L: 0
  ME_WRITE: 0
  ME_LARGE: 0
  ME_LATENCY: 0
  ME_THREADED: 0
  SUMM_CPU: 0
  SUMM_ME: 0
SystemInformation:
  OSName: Ubuntu 18.04.6 LTS
  Kernel: 4.9.337-tegra
  Device: quill
  Processor: ARM Cortex-A57 6 Core 2035 MHz
  NumSockets: 2
  Manufacturer: ARM
  NumCores: 6
  NumLogicals: 6
  CPUFrequency: 2035
  Memory: 7850
Checksum: 14D005A7AC47037D4A9A465265632A3EA0B986E6