BaselineInfo:
  WebDBID: -1
  TimeStamp: 20240828151501
Version:
  Major: 11
  Minor: 0
  Build: 1002
  SpecialBuildName: ""
  ptArchitecture: aarch64_linux
Results:
  Results Complete: true
  NumTestProcesses: 6
  CPU_INTEGER_MATH: 7134.648000000001
  CPU_FLOATINGPOINT_MATH: 1926.9614721210266
  CPU_PRIME: 6.6778670497771699
  CPU_SORTING: 2974.8168507193332
  CPU_ENCRYPTION: 198.30105585554458
  CPU_COMPRESSION: 5242.0742753804025
  CPU_SINGLETHREAD: 251.24124090832086
  CPU_PHYSICS: 110.75773313442434
  CPU_MATRIX_MULT_SSE: 424.99495768138092
  CPU_mm: 127.30563310118281
  CPU_sse: 298.24365346792877
  CPU_fma: 551.74626189483308
  CPU_avx: 0
  CPU_avx512: 0
  m_CPU_enc_SHA: 297084117.26730865
  m_CPU_enc_AES: 158314095.89197937
  m_CPU_enc_ECDSA: 168402970.67506251
  ME_ALLOC_S: 0
  ME_READ_S: 0
  ME_READ_L: 0
  ME_WRITE: 0
  ME_LARGE: 0
  ME_LATENCY: 0
  ME_THREADED: 0
  SUMM_CPU: 748.38017688651439
  SUMM_ME: 0
SystemInformation:
  OSName: Ubuntu 18.04.6 LTS
  Kernel: 4.9.337-tegra
  Device: quill
  Processor: ARM Cortex-A57 6 Core 2035 MHz
  NumSockets: 2
  Manufacturer: ARM
  NumCores: 6
  NumLogicals: 6
  CPUFrequency: 2035
  Memory: 7850
Checksum: 61302AAAB0C82418E1DACF5DA7F58F901FCDCBD4