BaselineInfo:
  WebDBID: -1
  TimeStamp: 20240828183539
Version:
  Major: 11
  Minor: 0
  Build: 1002
  SpecialBuildName: ""
  ptArchitecture: aarch64_linux
Results:
  Results Complete: true
  NumTestProcesses: 6
  CPU_INTEGER_MATH: 9080.521333333334
  CPU_FLOATINGPOINT_MATH: 2477.2656559879056
  CPU_PRIME: 8.0961064690079212
  CPU_SORTING: 3777.3652944087489
  CPU_ENCRYPTION: 252.92047561651339
  CPU_COMPRESSION: 6734.3066529290099
  CPU_SINGLETHREAD: 317.84370554707488
  CPU_PHYSICS: 136.40822602820919
  CPU_MATRIX_MULT_SSE: 542.21116792161058
  CPU_mm: 162.50623805250049
  CPU_sse: 383.14104746768231
  CPU_fma: 701.28128837553879
  CPU_avx: 0
  CPU_avx512: 0
  m_CPU_enc_SHA: 377401746.10737097
  m_CPU_enc_AES: 196861101.09304675
  m_CPU_enc_ECDSA: 221356174.71976572
  ME_ALLOC_S: 0
  ME_READ_S: 0
  ME_READ_L: 0
  ME_WRITE: 0
  ME_LARGE: 0
  ME_LATENCY: 0
  ME_THREADED: 0
  SUMM_CPU: 954.43450506811348
  SUMM_ME: 0
SystemInformation:
  OSName: Ubuntu 18.04.6 LTS
  Kernel: 4.9.337-tegra
  Device: quill
  Processor: ARM Cortex-A57 6 Core 2035 MHz
  NumSockets: 2
  Manufacturer: ARM
  NumCores: 6
  NumLogicals: 6
  CPUFrequency: 2035
  Memory: 7850
Checksum: CDB5445B55BBFA7CC92271092459C3D0465D0E5E