BaselineInfo:
  WebDBID: -1
  TimeStamp: 20240828095602
Version:
  Major: 11
  Minor: 0
  Build: 1002
  SpecialBuildName: ""
  ptArchitecture: aarch64_linux
Results:
  Results Complete: true
  NumTestProcesses: 6
  CPU_INTEGER_MATH: 5916.5246666666662
  CPU_FLOATINGPOINT_MATH: 1335.6115807444176
  CPU_PRIME: 0.94575564537604351
  CPU_SORTING: 850.40307454814854
  CPU_ENCRYPTION: 149.55418280322755
  CPU_COMPRESSION: 3329.7955229948348
  CPU_SINGLETHREAD: 185.09507075076877
  CPU_PHYSICS: 17.489383120262847
  CPU_MATRIX_MULT_SSE: 350.81907741429092
  CPU_mm: 104.94534691264994
  CPU_sse: 243.05320705195325
  CPU_fma: 458.58494777662861
  CPU_avx: 0
  CPU_avx512: 0
  m_CPU_enc_SHA: 225393876.26619089
  m_CPU_enc_AES: 123929600.27970576
  m_CPU_enc_ECDSA: 121133303.81533471
  ME_ALLOC_S: 0
  ME_READ_S: 0
  ME_READ_L: 0
  ME_WRITE: 0
  ME_LARGE: 0
  ME_LATENCY: 0
  ME_THREADED: 0
  SUMM_CPU: 427.41350555867081
  SUMM_ME: 0
SystemInformation:
  OSName: Ubuntu 18.04.6 LTS
  Kernel: 4.9.337-tegra
  Device: quill
  Processor: ARM Cortex-A57 6 Core 2035 MHz
  NumSockets: 2
  Manufacturer: ARM
  NumCores: 6
  NumLogicals: 6
  CPUFrequency: 2035
  Memory: 7850
Checksum: 7FF600CE4371887524365A3515FA61465FA48D55