BaselineInfo:
  WebDBID: -1
  TimeStamp: 20240828194418
Version:
  Major: 11
  Minor: 0
  Build: 1002
  SpecialBuildName: ""
  ptArchitecture: aarch64_linux
Results:
  Results Complete: true
  NumTestProcesses: 6
  CPU_INTEGER_MATH: 9037.3533333333344
  CPU_FLOATINGPOINT_MATH: 2371.8417864773796
  CPU_PRIME: 4.202282958896312
  CPU_SORTING: 2840.0276626800164
  CPU_ENCRYPTION: 246.73014414676953
  CPU_COMPRESSION: 6181.1417301195543
  CPU_SINGLETHREAD: 306.5017599906638
  CPU_PHYSICS: 65.538351019375213
  CPU_MATRIX_MULT_SSE: 535.80363145784736
  CPU_mm: 161.40652063852195
  CPU_sse: 378.29643595379821
  CPU_fma: 693.31082696189651
  CPU_avx: 0
  CPU_avx512: 0
  m_CPU_enc_SHA: 362294615.5178529
  m_CPU_enc_AES: 194888156.58060846
  m_CPU_enc_ECDSA: 218963150.78806767
  ME_ALLOC_S: 0
  ME_READ_S: 0
  ME_READ_L: 0
  ME_WRITE: 0
  ME_LARGE: 0
  ME_LATENCY: 0
  ME_THREADED: 0
  SUMM_CPU: 861.9389232911542
  SUMM_ME: 0
SystemInformation:
  OSName: Ubuntu 18.04.6 LTS
  Kernel: 4.9.337-tegra
  Device: quill
  Processor: ARM Cortex-A57 6 Core 2035 MHz
  NumSockets: 2
  Manufacturer: ARM
  NumCores: 6
  NumLogicals: 6
  CPUFrequency: 2035
  Memory: 7850
Checksum: 7BD8D20CFE5CF16DE6C9A72FC34486E5C7483B7D