BaselineInfo:
  WebDBID: -1
  TimeStamp: 20240828100407
Version:
  Major: 11
  Minor: 0
  Build: 1002
  SpecialBuildName: ""
  ptArchitecture: aarch64_linux
Results:
  Results Complete: true
  NumTestProcesses: 6
  CPU_INTEGER_MATH: 6142.257333333333
  CPU_FLOATINGPOINT_MATH: 1673.5470839141631
  CPU_PRIME: 6.5034377416732738
  CPU_SORTING: 2672.9931452255169
  CPU_ENCRYPTION: 169.33782728157186
  CPU_COMPRESSION: 4333.3208864303251
  CPU_SINGLETHREAD: 217.54750071381068
  CPU_PHYSICS: 110.85559760235742
  CPU_MATRIX_MULT_SSE: 367.46402263185007
  CPU_mm: 109.56563322572175
  CPU_sse: 257.8946812233832
  CPU_fma: 477.03336404031683
  CPU_avx: 0
  CPU_avx512: 0
  m_CPU_enc_SHA: 252939806.7569119
  m_CPU_enc_AES: 138570679.35354754
  m_CPU_enc_ECDSA: 141180258.62834507
  ME_ALLOC_S: 0
  ME_READ_S: 0
  ME_READ_L: 0
  ME_WRITE: 0
  ME_LARGE: 0
  ME_LATENCY: 0
  ME_THREADED: 0
  SUMM_CPU: 641.92770807456077
  SUMM_ME: 0
SystemInformation:
  OSName: Ubuntu 18.04.6 LTS
  Kernel: 4.9.337-tegra
  Device: quill
  Processor: ARM Cortex-A57 6 Core 2035 MHz
  NumSockets: 2
  Manufacturer: ARM
  NumCores: 6
  NumLogicals: 6
  CPUFrequency: 2035
  Memory: 7850
Checksum: 2744A033980ECC969B971AA5684B90C2D326B921