BaselineInfo:
  WebDBID: -1
  TimeStamp: 20240828040033
Version:
  Major: 11
  Minor: 0
  Build: 1002
  SpecialBuildName: ""
  ptArchitecture: aarch64_linux
Results:
  Results Complete: true
  NumTestProcesses: 6
  CPU_INTEGER_MATH: 4086.0499999999997
  CPU_FLOATINGPOINT_MATH: 1025.7780540057508
  CPU_PRIME: 1.8201660263516564
  CPU_SORTING: 1295.1032391414963
  CPU_ENCRYPTION: 111.33870473668736
  CPU_COMPRESSION: 2578.757417275051
  CPU_SINGLETHREAD: 141.51068381877835
  CPU_PHYSICS: 31.819391918113048
  CPU_MATRIX_MULT_SSE: 238.26454924712843
  CPU_mm: 73.02995432467408
  CPU_sse: 171.82731939390231
  CPU_fma: 304.7017791003546
  CPU_avx: 0
  CPU_avx512: 0
  m_CPU_enc_SHA: 162270105.18723282
  m_CPU_enc_AES: 88568916.897482336
  m_CPU_enc_ECDSA: 99402258.889214903
  ME_ALLOC_S: 0
  ME_READ_S: 0
  ME_READ_L: 0
  ME_WRITE: 0
  ME_LARGE: 0
  ME_LATENCY: 0
  ME_THREADED: 0
  SUMM_CPU: 379.50884410540647
  SUMM_ME: 0
SystemInformation:
  OSName: Ubuntu 18.04.6 LTS
  Kernel: 4.9.337-tegra
  Device: quill
  Processor: ARM Cortex-A57 6 Core 2035 MHz
  NumSockets: 2
  Manufacturer: ARM
  NumCores: 6
  NumLogicals: 6
  CPUFrequency: 2035
  Memory: 7850
Checksum: 9DA2E2F4D61801C55626A6A7E4245C47ED8424FB