BaselineInfo:
  WebDBID: -1
  TimeStamp: 20240828072754
Version:
  Major: 11
  Minor: 0
  Build: 1002
  SpecialBuildName: ""
  ptArchitecture: aarch64_linux
Results:
  Results Complete: true
  NumTestProcesses: 6
  CPU_INTEGER_MATH: 5130.6493333333337
  CPU_FLOATINGPOINT_MATH: 1401.7235578814195
  CPU_PRIME: 5.6913734560658913
  CPU_SORTING: 2173.2807250715605
  CPU_ENCRYPTION: 141.99789370997746
  CPU_COMPRESSION: 3588.4473984460956
  CPU_SINGLETHREAD: 183.15675189679732
  CPU_PHYSICS: 100.12731647617271
  CPU_MATRIX_MULT_SSE: 306.48013850755865
  CPU_mm: 91.612919689556549
  CPU_sse: 214.46700907339607
  CPU_fma: 398.49326794172123
  CPU_avx: 0
  CPU_avx512: 0
  m_CPU_enc_SHA: 205076026.40466341
  m_CPU_enc_AES: 109376335.93924737
  m_CPU_enc_ECDSA: 132234387.8405892
  ME_ALLOC_S: 0
  ME_READ_S: 0
  ME_READ_L: 0
  ME_WRITE: 0
  ME_LARGE: 0
  ME_LATENCY: 0
  ME_THREADED: 0
  SUMM_CPU: 536.4874859103893
  SUMM_ME: 0
SystemInformation:
  OSName: Ubuntu 18.04.6 LTS
  Kernel: 4.9.337-tegra
  Device: quill
  Processor: ARM Cortex-A57 6 Core 2035 MHz
  NumSockets: 2
  Manufacturer: ARM
  NumCores: 6
  NumLogicals: 6
  CPUFrequency: 2035
  Memory: 7850
Checksum: A9F86B4AE1572D6D34C4F54BCAD7CC5636E13EC3