BaselineInfo:
  WebDBID: -1
  TimeStamp: 20240828134031
Version:
  Major: 11
  Minor: 0
  Build: 1002
  SpecialBuildName: ""
  ptArchitecture: aarch64_linux
Results:
  Results Complete: true
  NumTestProcesses: 6
  CPU_INTEGER_MATH: 6794.6999999999989
  CPU_FLOATINGPOINT_MATH: 1481.9581581937528
  CPU_PRIME: 0.93740303689280835
  CPU_SORTING: 862.83776189230935
  CPU_ENCRYPTION: 169.24987913612267
  CPU_COMPRESSION: 3830.9375401673847
  CPU_SINGLETHREAD: 207.88819808672093
  CPU_PHYSICS: 16.758824251511111
  CPU_MATRIX_MULT_SSE: 398.19951952250761
  CPU_mm: 121.43467325537959
  CPU_sse: 284.57746588095301
  CPU_fma: 511.82157316406222
  CPU_avx: 0
  CPU_avx512: 0
  m_CPU_enc_SHA: 249669589.17582956
  m_CPU_enc_AES: 143732105.09595847
  m_CPU_enc_ECDSA: 139012389.52332884
  ME_ALLOC_S: 0
  ME_READ_S: 0
  ME_READ_L: 0
  ME_WRITE: 0
  ME_LARGE: 0
  ME_LATENCY: 0
  ME_THREADED: 0
  SUMM_CPU: 465.89078854042157
  SUMM_ME: 0
SystemInformation:
  OSName: Ubuntu 18.04.6 LTS
  Kernel: 4.9.337-tegra
  Device: quill
  Processor: ARM Cortex-A57 6 Core 2035 MHz
  NumSockets: 2
  Manufacturer: ARM
  NumCores: 6
  NumLogicals: 6
  CPUFrequency: 2035
  Memory: 7850
Checksum: 54AFE2603D5508B8036764251F865D66DCF1EB4F