BaselineInfo:
  WebDBID: -1
  TimeStamp: 20240828064247
Version:
  Major: 11
  Minor: 0
  Build: 1002
  SpecialBuildName: ""
  ptArchitecture: aarch64_linux
Results:
  Results Complete: true
  NumTestProcesses: 6
  CPU_INTEGER_MATH: 5143.6186666666663
  CPU_FLOATINGPOINT_MATH: 1392.2501243644547
  CPU_PRIME: 5.1849128193871605
  CPU_SORTING: 2143.6855585175531
  CPU_ENCRYPTION: 143.6724134603034
  CPU_COMPRESSION: 3494.0289403751485
  CPU_SINGLETHREAD: 183.33225173504002
  CPU_PHYSICS: 94.355974727117214
  CPU_MATRIX_MULT_SSE: 305.84197693121217
  CPU_mm: 91.808166288367545
  CPU_sse: 216.5547267698154
  CPU_fma: 395.1292270926088
  CPU_avx: 0
  CPU_avx512: 0
  m_CPU_enc_SHA: 217705222.92661038
  m_CPU_enc_AES: 113738818.77860484
  m_CPU_enc_ECDSA: 120510292.14443813
  ME_ALLOC_S: 0
  ME_READ_S: 0
  ME_READ_L: 0
  ME_WRITE: 0
  ME_LARGE: 0
  ME_LATENCY: 0
  ME_THREADED: 0
  SUMM_CPU: 531.6351482572552
  SUMM_ME: 0
SystemInformation:
  OSName: Ubuntu 18.04.6 LTS
  Kernel: 4.9.337-tegra
  Device: quill
  Processor: ARM Cortex-A57 6 Core 2035 MHz
  NumSockets: 2
  Manufacturer: ARM
  NumCores: 6
  NumLogicals: 6
  CPUFrequency: 2035
  Memory: 7850
Checksum: 966223F159EFD255BB6719E37F3E748916C7B01C