BaselineInfo:
  WebDBID: -1
  TimeStamp: 20240828050924
Version:
  Major: 11
  Minor: 0
  Build: 1002
  SpecialBuildName: ""
  ptArchitecture: aarch64_linux
Results:
  Results Complete: true
  NumTestProcesses: 6
  CPU_INTEGER_MATH: 4137.217333333334
  CPU_FLOATINGPOINT_MATH: 1121.3966810836766
  CPU_PRIME: 4.707711018251584
  CPU_SORTING: 1831.1028598716032
  CPU_ENCRYPTION: 115.42029067009145
  CPU_COMPRESSION: 2918.8176303146365
  CPU_SINGLETHREAD: 146.93737307378368
  CPU_PHYSICS: 81.780436485320593
  CPU_MATRIX_MULT_SSE: 246.34031262646968
  CPU_mm: 73.962088480462796
  CPU_sse: 172.7593542756201
  CPU_fma: 319.92127097731924
  CPU_avx: 0
  CPU_avx512: 0
  m_CPU_enc_SHA: 163923582.4729808
  m_CPU_enc_AES: 94136091.228032053
  m_CPU_enc_ECDSA: 105021166.42803255
  ME_ALLOC_S: 0
  ME_READ_S: 0
  ME_READ_L: 0
  ME_WRITE: 0
  ME_LARGE: 0
  ME_LATENCY: 0
  ME_THREADED: 0
  SUMM_CPU: 435.19478384823725
  SUMM_ME: 0
SystemInformation:
  OSName: Ubuntu 18.04.6 LTS
  Kernel: 4.9.337-tegra
  Device: quill
  Processor: ARM Cortex-A57 6 Core 2035 MHz
  NumSockets: 2
  Manufacturer: ARM
  NumCores: 6
  NumLogicals: 6
  CPUFrequency: 2035
  Memory: 7850
Checksum: 69D81CBF7529212299A0942753146ABB98CFE961