BaselineInfo:
  WebDBID: -1
  TimeStamp: 20240828095809
Version:
  Major: 11
  Minor: 0
  Build: 1002
  SpecialBuildName: ""
  ptArchitecture: aarch64_linux
Results:
  Results Complete: true
  NumTestProcesses: 6
  CPU_INTEGER_MATH: 6104.9586666666664
  CPU_FLOATINGPOINT_MATH: 1602.9347678122592
  CPU_PRIME: 3.7777146602116232
  CPU_SORTING: 2181.4127251826153
  CPU_ENCRYPTION: 164.18766944970983
  CPU_COMPRESSION: 4068.9888405750344
  CPU_SINGLETHREAD: 212.11462035561064
  CPU_PHYSICS: 60.89735144000521
  CPU_MATRIX_MULT_SSE: 362.74564493045034
  CPU_mm: 109.14365842402842
  CPU_sse: 256.21284159042182
  CPU_fma: 469.27844827047886
  CPU_avx: 0
  CPU_avx512: 0
  m_CPU_enc_SHA: 242193705.92108414
  m_CPU_enc_AES: 134714757.78995562
  m_CPU_enc_ECDSA: 139581285.33165702
  ME_ALLOC_S: 0
  ME_READ_S: 0
  ME_READ_L: 0
  ME_WRITE: 0
  ME_LARGE: 0
  ME_LATENCY: 0
  ME_THREADED: 0
  SUMM_CPU: 595.12890725760724
  SUMM_ME: 0
SystemInformation:
  OSName: Ubuntu 18.04.6 LTS
  Kernel: 4.9.337-tegra
  Device: quill
  Processor: ARM Cortex-A57 6 Core 2035 MHz
  NumSockets: 2
  Manufacturer: ARM
  NumCores: 6
  NumLogicals: 6
  CPUFrequency: 2035
  Memory: 7850
Checksum: ECE4D4E90891C89403347DC760D874A2E2E8CDAB