BaselineInfo:
  WebDBID: -1
  TimeStamp: 20240828051749
Version:
  Major: 11
  Minor: 0
  Build: 1002
  SpecialBuildName: ""
  ptArchitecture: aarch64_linux
Results:
  Results Complete: true
  NumTestProcesses: 6
  CPU_INTEGER_MATH: 4005.4886666666671
  CPU_FLOATINGPOINT_MATH: 913.22780164538437
  CPU_PRIME: 0.88112925454857494
  CPU_SORTING: 831.89208780569902
  CPU_ENCRYPTION: 103.22731746452905
  CPU_COMPRESSION: 2360.9247866393339
  CPU_SINGLETHREAD: 132.71364334615819
  CPU_PHYSICS: 16.436332063274726
  CPU_MATRIX_MULT_SSE: 240.48876054421339
  CPU_mm: 71.734156948843065
  CPU_sse: 169.69551451835071
  CPU_fma: 311.28200657007608
  CPU_avx: 0
  CPU_avx512: 0
  m_CPU_enc_SHA: 155772902.46516824
  m_CPU_enc_AES: 82855479.05600746
  m_CPU_enc_ECDSA: 86096681.391882345
  ME_ALLOC_S: 0
  ME_READ_S: 0
  ME_READ_L: 0
  ME_WRITE: 0
  ME_LARGE: 0
  ME_LATENCY: 0
  ME_THREADED: 0
  SUMM_CPU: 321.41958199436965
  SUMM_ME: 0
SystemInformation:
  OSName: Ubuntu 18.04.6 LTS
  Kernel: 4.9.337-tegra
  Device: quill
  Processor: ARM Cortex-A57 6 Core 2035 MHz
  NumSockets: 2
  Manufacturer: ARM
  NumCores: 6
  NumLogicals: 6
  CPUFrequency: 2035
  Memory: 7850
Checksum: 0E25F4FAC02F2DBBC26F0F2E7102A755C5A71B36