BaselineInfo:
  WebDBID: -1
  TimeStamp: 20240828000619
Version:
  Major: 11
  Minor: 0
  Build: 1002
  SpecialBuildName: ""
  ptArchitecture: aarch64_linux
Results:
  Results Complete: true
  NumTestProcesses: 6
  CPU_INTEGER_MATH: 3127.5973333333336
  CPU_FLOATINGPOINT_MATH: 853.83176714620458
  CPU_PRIME: 4.0659583598360491
  CPU_SORTING: 1369.3381769751691
  CPU_ENCRYPTION: 87.858201113281154
  CPU_COMPRESSION: 2175.6878515490289
  CPU_SINGLETHREAD: 112.48780119501325
  CPU_PHYSICS: 70.115493793441331
  CPU_MATRIX_MULT_SSE: 186.94913356185404
  CPU_mm: 56.31305441830613
  CPU_sse: 131.03387477903351
  CPU_fma: 242.86439234467457
  CPU_avx: 0
  CPU_avx512: 0
  m_CPU_enc_SHA: 132392908.76515844
  m_CPU_enc_AES: 65687159.717205077
  m_CPU_enc_ECDSA: 78297934.789316148
  ME_ALLOC_S: 0
  ME_READ_S: 0
  ME_READ_L: 0
  ME_WRITE: 0
  ME_LARGE: 0
  ME_LATENCY: 0
  ME_THREADED: 0
  SUMM_CPU: 330.40722499827297
  SUMM_ME: 0
SystemInformation:
  OSName: Ubuntu 18.04.6 LTS
  Kernel: 4.9.337-tegra
  Device: quill
  Processor: ARM Cortex-A57 6 Core 2035 MHz
  NumSockets: 2
  Manufacturer: ARM
  NumCores: 6
  NumLogicals: 6
  CPUFrequency: 2035
  Memory: 7850
Checksum: 37679F5E79008A668E3B9162F6F40E0C754B62E6