BaselineInfo:
  WebDBID: -1
  TimeStamp: 20240828014837
Version:
  Major: 11
  Minor: 0
  Build: 1002
  SpecialBuildName: ""
  ptArchitecture: aarch64_linux
Results:
  Results Complete: true
  NumTestProcesses: 6
  CPU_INTEGER_MATH: 3136.3539999999998
  CPU_FLOATINGPOINT_MATH: 844.27803617875429
  CPU_PRIME: 3.4898607798043266
  CPU_SORTING: 1272.8712825502885
  CPU_ENCRYPTION: 85.568632119423881
  CPU_COMPRESSION: 2142.9367190249732
  CPU_SINGLETHREAD: 112.61330024437262
  CPU_PHYSICS: 61.767397907062609
  CPU_MATRIX_MULT_SSE: 186.77220522216675
  CPU_mm: 55.962806705107674
  CPU_sse: 131.67795704673819
  CPU_fma: 241.86645339759536
  CPU_avx: 0
  CPU_avx512: 0
  m_CPU_enc_SHA: 127616848.72577491
  m_CPU_enc_AES: 66284268.493579373
  m_CPU_enc_ECDSA: 75274524.760416746
  ME_ALLOC_S: 0
  ME_READ_S: 0
  ME_READ_L: 0
  ME_WRITE: 0
  ME_LARGE: 0
  ME_LATENCY: 0
  ME_THREADED: 0
  SUMM_CPU: 323.34166854027183
  SUMM_ME: 0
SystemInformation:
  OSName: Ubuntu 18.04.6 LTS
  Kernel: 4.9.337-tegra
  Device: quill
  Processor: ARM Cortex-A57 6 Core 2035 MHz
  NumSockets: 2
  Manufacturer: ARM
  NumCores: 6
  NumLogicals: 6
  CPUFrequency: 2035
  Memory: 7850
Checksum: F279A32C3D519A5D47C81372D5DAF896B8451339