BaselineInfo:
  WebDBID: -1
  TimeStamp: 20240828194830
Version:
  Major: 11
  Minor: 0
  Build: 1002
  SpecialBuildName: ""
  ptArchitecture: aarch64_linux
Results:
  Results Complete: true
  NumTestProcesses: 6
  CPU_INTEGER_MATH: 9100.9219999999987
  CPU_FLOATINGPOINT_MATH: 2468.8228521728356
  CPU_PRIME: 7.9701116213126229
  CPU_SORTING: 3733.5162535455565
  CPU_ENCRYPTION: 252.72858628594375
  CPU_COMPRESSION: 6235.3490214018457
  CPU_SINGLETHREAD: 321.64558076426999
  CPU_PHYSICS: 129.85961928052481
  CPU_MATRIX_MULT_SSE: 542.37687460575171
  CPU_mm: 161.55625653893784
  CPU_sse: 380.9550063940689
  CPU_fma: 703.79874281743446
  CPU_avx: 0
  CPU_avx512: 0
  m_CPU_enc_SHA: 385355039.47547346
  m_CPU_enc_AES: 198417635.7192947
  m_CPU_enc_ECDSA: 211242715.08534098
  ME_ALLOC_S: 0
  ME_READ_S: 0
  ME_READ_L: 0
  ME_WRITE: 0
  ME_LARGE: 0
  ME_LATENCY: 0
  ME_THREADED: 0
  SUMM_CPU: 932.05456896362091
  SUMM_ME: 0
SystemInformation:
  OSName: Ubuntu 18.04.6 LTS
  Kernel: 4.9.337-tegra
  Device: quill
  Processor: ARM Cortex-A57 6 Core 2035 MHz
  NumSockets: 2
  Manufacturer: ARM
  NumCores: 6
  NumLogicals: 6
  CPUFrequency: 2035
  Memory: 7850
Checksum: 421E676012DA5051346085C9B2F9A5FAFF6C4095