BaselineInfo:
  WebDBID: -1
  TimeStamp: 20240828203536
Version:
  Major: 11
  Minor: 0
  Build: 1002
  SpecialBuildName: ""
  ptArchitecture: aarch64_linux
Results:
  Results Complete: true
  NumTestProcesses: 6
  CPU_INTEGER_MATH: 9098.3186666666661
  CPU_FLOATINGPOINT_MATH: 2432.6267267679536
  CPU_PRIME: 5.3936602006651206
  CPU_SORTING: 3365.5730496927076
  CPU_ENCRYPTION: 249.31255423359158
  CPU_COMPRESSION: 6254.2568577236134
  CPU_SINGLETHREAD: 314.17730113028858
  CPU_PHYSICS: 92.391704252089539
  CPU_MATRIX_MULT_SSE: 541.2907155961492
  CPU_mm: 162.66603171670397
  CPU_sse: 379.01328847463083
  CPU_fma: 703.56814271766757
  CPU_avx: 0
  CPU_avx512: 0
  m_CPU_enc_SHA: 371434821.33588684
  m_CPU_enc_AES: 199302941.0340735
  m_CPU_enc_ECDSA: 213531720.23416716
  ME_ALLOC_S: 0
  ME_READ_S: 0
  ME_READ_L: 0
  ME_WRITE: 0
  ME_LARGE: 0
  ME_LATENCY: 0
  ME_THREADED: 0
  SUMM_CPU: 901.35836222979049
  SUMM_ME: 0
SystemInformation:
  OSName: Ubuntu 18.04.6 LTS
  Kernel: 4.9.337-tegra
  Device: quill
  Processor: ARM Cortex-A57 6 Core 2035 MHz
  NumSockets: 2
  Manufacturer: ARM
  NumCores: 6
  NumLogicals: 6
  CPUFrequency: 2035
  Memory: 7850
Checksum: 1B2A64B79DE6A62AD830C09A1843519A6770C6A3