BaselineInfo:
  WebDBID: -1
  TimeStamp: 20240828165419
Version:
  Major: 11
  Minor: 0
  Build: 1002
  SpecialBuildName: ""
  ptArchitecture: aarch64_linux
Results:
  Results Complete: true
  NumTestProcesses: 6
  CPU_INTEGER_MATH: 7941.586666666667
  CPU_FLOATINGPOINT_MATH: 2149.1452382607345
  CPU_PRIME: 7.4462880449295508
  CPU_SORTING: 3234.1904268624712
  CPU_ENCRYPTION: 220.42953925245314
  CPU_COMPRESSION: 5588.8582803268064
  CPU_SINGLETHREAD: 278.04977332968303
  CPU_PHYSICS: 121.70537489334288
  CPU_MATRIX_MULT_SSE: 473.37890719507618
  CPU_mm: 141.79122510456676
  CPU_sse: 332.53059833729617
  CPU_fma: 614.22721605285631
  CPU_avx: 0
  CPU_avx512: 0
  m_CPU_enc_SHA: 331983998.75735223
  m_CPU_enc_AES: 174327212.48799425
  m_CPU_enc_ECDSA: 187100162.40819436
  ME_ALLOC_S: 0
  ME_READ_S: 0
  ME_READ_L: 0
  ME_WRITE: 0
  ME_LARGE: 0
  ME_LATENCY: 0
  ME_THREADED: 0
  SUMM_CPU: 821.71894058820385
  SUMM_ME: 0
SystemInformation:
  OSName: Ubuntu 18.04.6 LTS
  Kernel: 4.9.337-tegra
  Device: quill
  Processor: ARM Cortex-A57 6 Core 2035 MHz
  NumSockets: 2
  Manufacturer: ARM
  NumCores: 6
  NumLogicals: 6
  CPUFrequency: 2035
  Memory: 7850
Checksum: 147116877D88BDF8A5C01F3A54DEE12B4D5DB6A3