BaselineInfo:
  WebDBID: -1
  TimeStamp: 20240828171233
Version:
  Major: 11
  Minor: 0
  Build: 1002
  SpecialBuildName: ""
  ptArchitecture: aarch64_linux
Results:
  Results Complete: true
  NumTestProcesses: 6
  CPU_INTEGER_MATH: 7652.8533333333344
  CPU_FLOATINGPOINT_MATH: 1445.9956245692506
  CPU_PRIME: 0.98235743444465629
  CPU_SORTING: 907.3989494567079
  CPU_ENCRYPTION: 192.14118608964887
  CPU_COMPRESSION: 4165.8835842058697
  CPU_SINGLETHREAD: 229.78717268308407
  CPU_PHYSICS: 17.549139851943224
  CPU_MATRIX_MULT_SSE: 454.24845793452397
  CPU_mm: 137.30988068614403
  CPU_sse: 323.28232911376864
  CPU_fma: 585.21458675527936
  CPU_avx: 0
  CPU_avx512: 0
  m_CPU_enc_SHA: 279963400.50971514
  m_CPU_enc_AES: 156213254.66912082
  m_CPU_enc_ECDSA: 168247253.85658303
  ME_ALLOC_S: 0
  ME_READ_S: 0
  ME_READ_L: 0
  ME_WRITE: 0
  ME_LARGE: 0
  ME_LATENCY: 0
  ME_THREADED: 0
  SUMM_CPU: 504.07680176957888
  SUMM_ME: 0
SystemInformation:
  OSName: Ubuntu 18.04.6 LTS
  Kernel: 4.9.337-tegra
  Device: quill
  Processor: ARM Cortex-A57 6 Core 2035 MHz
  NumSockets: 2
  Manufacturer: ARM
  NumCores: 6
  NumLogicals: 6
  CPUFrequency: 2035
  Memory: 7850
Checksum: 1B08B8EEDDEAD8251B7D7101C62388296E7A0841