BaselineInfo:
  WebDBID: -1
  TimeStamp: 20240828055645
Version:
  Major: 11
  Minor: 0
  Build: 1002
  SpecialBuildName: ""
  ptArchitecture: aarch64_linux
Results:
  Results Complete: true
  NumTestProcesses: 6
  CPU_INTEGER_MATH: 4135.4660000000003
  CPU_FLOATINGPOINT_MATH: 1119.2721288506066
  CPU_PRIME: 4.7242636456622726
  CPU_SORTING: 1795.376542262283
  CPU_ENCRYPTION: 117.81899218920914
  CPU_COMPRESSION: 2884.8547625841802
  CPU_SINGLETHREAD: 148.04978084868682
  CPU_PHYSICS: 82.815908500356798
  CPU_MATRIX_MULT_SSE: 238.47131004138228
  CPU_mm: 71.128313809041771
  CPU_sse: 156.46509067625445
  CPU_fma: 320.47752940651009
  CPU_avx: 0
  CPU_avx512: 0
  m_CPU_enc_SHA: 174740365.69587263
  m_CPU_enc_AES: 91806744.133374572
  m_CPU_enc_ECDSA: 104079392.83212928
  ME_ALLOC_S: 0
  ME_READ_S: 0
  ME_READ_L: 0
  ME_WRITE: 0
  ME_LARGE: 0
  ME_LATENCY: 0
  ME_THREADED: 0
  SUMM_CPU: 433.87427055576751
  SUMM_ME: 0
SystemInformation:
  OSName: Ubuntu 18.04.6 LTS
  Kernel: 4.9.337-tegra
  Device: quill
  Processor: ARM Cortex-A57 6 Core 2035 MHz
  NumSockets: 2
  Manufacturer: ARM
  NumCores: 6
  NumLogicals: 6
  CPUFrequency: 2035
  Memory: 7850
Checksum: 726EC4B221E0EDA8BFC5EFE54B928C19A8AF56AF