BaselineInfo:
  WebDBID: -1
  TimeStamp: 20240828135516
Version:
  Major: 11
  Minor: 0
  Build: 1002
  SpecialBuildName: ""
  ptArchitecture: aarch64_linux
Results:
  Results Complete: true
  NumTestProcesses: 6
  CPU_INTEGER_MATH: 7055.3173333333334
  CPU_FLOATINGPOINT_MATH: 1855.3111759542603
  CPU_PRIME: 3.8429049370168089
  CPU_SORTING: 2423.0033039377677
  CPU_ENCRYPTION: 192.19305030164728
  CPU_COMPRESSION: 4948.8159162207012
  CPU_SINGLETHREAD: 241.5486027154401
  CPU_PHYSICS: 62.899549912383499
  CPU_MATRIX_MULT_SSE: 419.17882880976782
  CPU_mm: 126.18498903383208
  CPU_sse: 296.40262018618887
  CPU_fma: 541.95503743334677
  CPU_avx: 0
  CPU_avx512: 0
  m_CPU_enc_SHA: 284863334.61655599
  m_CPU_enc_AES: 152528310.67820054
  m_CPU_enc_ECDSA: 167195414.44454387
  ME_ALLOC_S: 0
  ME_READ_S: 0
  ME_READ_L: 0
  ME_WRITE: 0
  ME_LARGE: 0
  ME_LATENCY: 0
  ME_THREADED: 0
  SUMM_CPU: 691.90105983845854
  SUMM_ME: 0
SystemInformation:
  OSName: Ubuntu 18.04.6 LTS
  Kernel: 4.9.337-tegra
  Device: quill
  Processor: ARM Cortex-A57 6 Core 2035 MHz
  NumSockets: 2
  Manufacturer: ARM
  NumCores: 6
  NumLogicals: 6
  CPUFrequency: 2035
  Memory: 7850
Checksum: BEC810638C77F965C167B419157CE9612313701C