BaselineInfo:
  WebDBID: -1
  TimeStamp: 20240828084948
Version:
  Major: 11
  Minor: 0
  Build: 1002
  SpecialBuildName: ""
  ptArchitecture: aarch64_linux
Results:
  Results Complete: true
  NumTestProcesses: 6
  CPU_INTEGER_MATH: 5111.9053333333341
  CPU_FLOATINGPOINT_MATH: 1384.1346335599883
  CPU_PRIME: 4.4907394929822075
  CPU_SORTING: 2130.0039356339876
  CPU_ENCRYPTION: 142.5447069966701
  CPU_COMPRESSION: 3528.3158254668169
  CPU_SINGLETHREAD: 182.73447167422668
  CPU_PHYSICS: 79.504514703561966
  CPU_MATRIX_MULT_SSE: 306.38074329857835
  CPU_mm: 91.700180385374992
  CPU_sse: 214.35765614807011
  CPU_fma: 398.40383044908663
  CPU_avx: 0
  CPU_avx512: 0
  m_CPU_enc_SHA: 217061766.4862425
  m_CPU_enc_AES: 112354351.39571032
  m_CPU_enc_ECDSA: 118990758.16926824
  ME_ALLOC_S: 0
  ME_READ_S: 0
  ME_READ_L: 0
  ME_WRITE: 0
  ME_LARGE: 0
  ME_LATENCY: 0
  ME_THREADED: 0
  SUMM_CPU: 527.43658101534493
  SUMM_ME: 0
SystemInformation:
  OSName: Ubuntu 18.04.6 LTS
  Kernel: 4.9.337-tegra
  Device: quill
  Processor: ARM Cortex-A57 6 Core 2035 MHz
  NumSockets: 2
  Manufacturer: ARM
  NumCores: 6
  NumLogicals: 6
  CPUFrequency: 2035
  Memory: 7850
Checksum: F448074F5AC33B2C34B2ABEDCB02468E5FE57BD3