BaselineInfo:
  WebDBID: -1
  TimeStamp: 20240828173552
Version:
  Major: 11
  Minor: 0
  Build: 1002
  SpecialBuildName: ""
  ptArchitecture: aarch64_linux
Results:
  Results Complete: true
  NumTestProcesses: 6
  CPU_INTEGER_MATH: 7538.1173333333336
  CPU_FLOATINGPOINT_MATH: 1350.840743559294
  CPU_PRIME: 0.59205682505156021
  CPU_SORTING: 508.99606660313134
  CPU_ENCRYPTION: 169.42514202297286
  CPU_COMPRESSION: 3578.6433402889193
  CPU_SINGLETHREAD: 212.39695760181124
  CPU_PHYSICS: 10.351476644070669
  CPU_MATRIX_MULT_SSE: 433.78036678487427
  CPU_mm: 137.20058648848109
  CPU_sse: 318.84632603590461
  CPU_fma: 548.71440753384388
  CPU_avx: 0
  CPU_avx512: 0
  m_CPU_enc_SHA: 254055300.69445813
  m_CPU_enc_AES: 138404358.22034696
  m_CPU_enc_ECDSA: 140505754.25083727
  ME_ALLOC_S: 0
  ME_READ_S: 0
  ME_READ_L: 0
  ME_WRITE: 0
  ME_LARGE: 0
  ME_LATENCY: 0
  ME_THREADED: 0
  SUMM_CPU: 385.98777465747742
  SUMM_ME: 0
SystemInformation:
  OSName: Ubuntu 18.04.6 LTS
  Kernel: 4.9.337-tegra
  Device: quill
  Processor: ARM Cortex-A57 6 Core 2035 MHz
  NumSockets: 2
  Manufacturer: ARM
  NumCores: 6
  NumLogicals: 6
  CPUFrequency: 2035
  Memory: 7850
Checksum: 29A792D25524777B6366BC9373F947CAF387F7A2