BaselineInfo:
  WebDBID: -1
  TimeStamp: 20240828053339
Version:
  Major: 11
  Minor: 0
  Build: 1002
  SpecialBuildName: ""
  ptArchitecture: aarch64_linux
Results:
  Results Complete: true
  NumTestProcesses: 6
  CPU_INTEGER_MATH: 4000.5186666666668
  CPU_FLOATINGPOINT_MATH: 902.64146814346373
  CPU_PRIME: 0.89973262306910595
  CPU_SORTING: 843.55417619408581
  CPU_ENCRYPTION: 101.20790335149623
  CPU_COMPRESSION: 2310.8489517862322
  CPU_SINGLETHREAD: 131.53212658895765
  CPU_PHYSICS: 15.919255934035156
  CPU_MATRIX_MULT_SSE: 240.9385665885288
  CPU_mm: 71.782502613242585
  CPU_sse: 169.58808494881646
  CPU_fma: 312.28904822824114
  CPU_avx: 0
  CPU_avx512: 0
  m_CPU_enc_SHA: 147092237.87005901
  m_CPU_enc_AES: 80338537.734270975
  m_CPU_enc_ECDSA: 90941759.789765492
  ME_ALLOC_S: 0
  ME_READ_S: 0
  ME_READ_L: 0
  ME_WRITE: 0
  ME_LARGE: 0
  ME_LATENCY: 0
  ME_THREADED: 0
  SUMM_CPU: 317.80658476658976
  SUMM_ME: 0
SystemInformation:
  OSName: Ubuntu 18.04.6 LTS
  Kernel: 4.9.337-tegra
  Device: quill
  Processor: ARM Cortex-A57 6 Core 2035 MHz
  NumSockets: 2
  Manufacturer: ARM
  NumCores: 6
  NumLogicals: 6
  CPUFrequency: 2035
  Memory: 7850
Checksum: 9568286225F8DC5D0560B81D3B5F132BFA13368D