BaselineInfo:
  WebDBID: -1
  TimeStamp: 20240828074625
Version:
  Major: 11
  Minor: 0
  Build: 1002
  SpecialBuildName: ""
  ptArchitecture: aarch64_linux
Results:
  Results Complete: true
  NumTestProcesses: 6
  CPU_INTEGER_MATH: 4860.3286666666663
  CPU_FLOATINGPOINT_MATH: 934.24516987177503
  CPU_PRIME: 0.56923474352665338
  CPU_SORTING: 528.45768224750009
  CPU_ENCRYPTION: 115.79209444198716
  CPU_COMPRESSION: 2444.0016056872132
  CPU_SINGLETHREAD: 145.97311395199549
  CPU_PHYSICS: 10.512169237689131
  CPU_MATRIX_MULT_SSE: 284.44258885450944
  CPU_mm: 87.070713178942938
  CPU_sse: 205.37691423922689
  CPU_fma: 363.50826346979204
  CPU_avx: 0
  CPU_avx512: 0
  m_CPU_enc_SHA: 172348889.33491555
  m_CPU_enc_AES: 99729895.687991127
  m_CPU_enc_ECDSA: 92171648.641896665
  ME_ALLOC_S: 0
  ME_READ_S: 0
  ME_READ_L: 0
  ME_WRITE: 0
  ME_LARGE: 0
  ME_LATENCY: 0
  ME_THREADED: 0
  SUMM_CPU: 303.05157853981655
  SUMM_ME: 0
SystemInformation:
  OSName: Ubuntu 18.04.6 LTS
  Kernel: 4.9.337-tegra
  Device: quill
  Processor: ARM Cortex-A57 6 Core 2035 MHz
  NumSockets: 2
  Manufacturer: ARM
  NumCores: 6
  NumLogicals: 6
  CPUFrequency: 2035
  Memory: 7850
Checksum: 972E9FB5B71B8CC8BF30C1BE3397DB99F787003E