BaselineInfo:
  WebDBID: -1
  TimeStamp: 20240828170014
Version:
  Major: 11
  Minor: 0
  Build: 1002
  SpecialBuildName: ""
  ptArchitecture: aarch64_linux
Results:
  Results Complete: true
  NumTestProcesses: 6
  CPU_INTEGER_MATH: 7622.4180000000006
  CPU_FLOATINGPOINT_MATH: 1730.9971363322832
  CPU_PRIME: 0.96321262937923402
  CPU_SORTING: 924.31337930508948
  CPU_ENCRYPTION: 190.02482368259624
  CPU_COMPRESSION: 4380.3360387228586
  CPU_SINGLETHREAD: 227.8699116695569
  CPU_PHYSICS: 17.622662619431477
  CPU_MATRIX_MULT_SSE: 458.15365764768796
  CPU_mm: 136.76907085795378
  CPU_sse: 320.147134283056
  CPU_fma: 596.16018101231987
  CPU_avx: 0
  CPU_avx512: 0
  m_CPU_enc_SHA: 282130667.49492842
  m_CPU_enc_AES: 158564372.90128934
  m_CPU_enc_ECDSA: 157071368.15718833
  ME_ALLOC_S: 0
  ME_READ_S: 0
  ME_READ_L: 0
  ME_WRITE: 0
  ME_LARGE: 0
  ME_LATENCY: 0
  ME_THREADED: 0
  SUMM_CPU: 516.34281102696923
  SUMM_ME: 0
SystemInformation:
  OSName: Ubuntu 18.04.6 LTS
  Kernel: 4.9.337-tegra
  Device: quill
  Processor: ARM Cortex-A57 6 Core 2035 MHz
  NumSockets: 2
  Manufacturer: ARM
  NumCores: 6
  NumLogicals: 6
  CPUFrequency: 2035
  Memory: 7850
Checksum: 31745A99B5E4132C4D0CAA152DF8B8BF426348C5