BaselineInfo:
  WebDBID: -1
  TimeStamp: 20240828200018
Version:
  Major: 11
  Minor: 0
  Build: 1002
  SpecialBuildName: ""
  ptArchitecture: aarch64_linux
Results:
  Results Complete: true
  NumTestProcesses: 6
  CPU_INTEGER_MATH: 9110.0100000000002
  CPU_FLOATINGPOINT_MATH: 2465.4392447399136
  CPU_PRIME: 8.0262966887386753
  CPU_SORTING: 3778.7978753698835
  CPU_ENCRYPTION: 250.47379727194638
  CPU_COMPRESSION: 6444.7751966415271
  CPU_SINGLETHREAD: 318.04052931883973
  CPU_PHYSICS: 129.74586181967624
  CPU_MATRIX_MULT_SSE: 541.24062466232283
  CPU_mm: 162.50283472193775
  CPU_sse: 381.62815152118429
  CPU_fma: 700.85309780346154
  CPU_avx: 0
  CPU_avx512: 0
  m_CPU_enc_SHA: 372620566.25812447
  m_CPU_enc_AES: 201570138.51637119
  m_CPU_enc_ECDSA: 213731732.57018968
  ME_ALLOC_S: 0
  ME_READ_S: 0
  ME_READ_L: 0
  ME_WRITE: 0
  ME_LARGE: 0
  ME_LATENCY: 0
  ME_THREADED: 0
  SUMM_CPU: 938.27149725600407
  SUMM_ME: 0
SystemInformation:
  OSName: Ubuntu 18.04.6 LTS
  Kernel: 4.9.337-tegra
  Device: quill
  Processor: ARM Cortex-A57 6 Core 2035 MHz
  NumSockets: 2
  Manufacturer: ARM
  NumCores: 6
  NumLogicals: 6
  CPUFrequency: 2035
  Memory: 7850
Checksum: 61E9D1660B85E281A7E8CCDE7E295A0F25A883B6