BaselineInfo:
  WebDBID: -1
  TimeStamp: 20240828023818
Version:
  Major: 11
  Minor: 0
  Build: 1002
  SpecialBuildName: ""
  ptArchitecture: aarch64_linux
Results:
  Results Complete: true
  NumTestProcesses: 6
  CPU_INTEGER_MATH: 2990.1413333333335
  CPU_FLOATINGPOINT_MATH: 783.33285150825657
  CPU_PRIME: 1.6585442731515407
  CPU_SORTING: 1183.4333032550487
  CPU_ENCRYPTION: 80.504470170788622
  CPU_COMPRESSION: 2021.817917827166
  CPU_SINGLETHREAD: 108.26349964492076
  CPU_PHYSICS: 29.408972884627651
  CPU_MATRIX_MULT_SSE: 184.47802033631876
  CPU_mm: 55.311351580522256
  CPU_sse: 130.55093105459883
  CPU_fma: 238.40510961803867
  CPU_avx: 0
  CPU_avx512: 0
  m_CPU_enc_SHA: 119565615.14574693
  m_CPU_enc_AES: 67009381.316219777
  m_CPU_enc_ECDSA: 66670169.479447827
  ME_ALLOC_S: 0
  ME_READ_S: 0
  ME_READ_L: 0
  ME_WRITE: 0
  ME_LARGE: 0
  ME_LATENCY: 0
  ME_THREADED: 0
  SUMM_CPU: 294.70915849687316
  SUMM_ME: 0
SystemInformation:
  OSName: Ubuntu 18.04.6 LTS
  Kernel: 4.9.337-tegra
  Device: quill
  Processor: ARM Cortex-A57 6 Core 2035 MHz
  NumSockets: 2
  Manufacturer: ARM
  NumCores: 6
  NumLogicals: 6
  CPUFrequency: 2035
  Memory: 7850
Checksum: 6C4DACB978616B802F1C11226B0760B854D152D7