BaselineInfo:
  WebDBID: -1
  TimeStamp: 20240828025441
Version:
  Major: 11
  Minor: 0
  Build: 1002
  SpecialBuildName: ""
  ptArchitecture: aarch64_linux
Results:
  Results Complete: true
  NumTestProcesses: 6
  CPU_INTEGER_MATH: 3035.1080000000002
  CPU_FLOATINGPOINT_MATH: 691.27306813810492
  CPU_PRIME: 0.86761786606067903
  CPU_SORTING: 732.40068142938867
  CPU_ENCRYPTION: 75.554736019727329
  CPU_COMPRESSION: 1797.4171471634727
  CPU_SINGLETHREAD: 102.63985369672268
  CPU_PHYSICS: 16.103962286559167
  CPU_MATRIX_MULT_SSE: 181.86867776036985
  CPU_mm: 54.454104613393895
  CPU_sse: 126.41127954943924
  CPU_fma: 237.32607597130041
  CPU_avx: 0
  CPU_avx512: 0
  m_CPU_enc_SHA: 110123216.992797
  m_CPU_enc_AES: 66869048.911592215
  m_CPU_enc_ECDSA: 60682382.725475572
  ME_ALLOC_S: 0
  ME_READ_S: 0
  ME_READ_L: 0
  ME_WRITE: 0
  ME_LARGE: 0
  ME_LATENCY: 0
  ME_THREADED: 0
  SUMM_CPU: 253.23796290041474
  SUMM_ME: 0
SystemInformation:
  OSName: Ubuntu 18.04.6 LTS
  Kernel: 4.9.337-tegra
  Device: quill
  Processor: ARM Cortex-A57 6 Core 2035 MHz
  NumSockets: 2
  Manufacturer: ARM
  NumCores: 6
  NumLogicals: 6
  CPUFrequency: 2035
  Memory: 7850
Checksum: D422A2E40F5BA4E188C2AD6B481CA6D24E52AB32