BaselineInfo:
  WebDBID: -1
  TimeStamp: 20240828031816
Version:
  Major: 11
  Minor: 0
  Build: 1002
  SpecialBuildName: ""
  ptArchitecture: aarch64_linux
Results:
  Results Complete: true
  NumTestProcesses: 6
  CPU_INTEGER_MATH: 4130.7326666666668
  CPU_FLOATINGPOINT_MATH: 1115.5355209756926
  CPU_PRIME: 4.670513359363472
  CPU_SORTING: 1761.7790618343126
  CPU_ENCRYPTION: 118.07695109772155
  CPU_COMPRESSION: 2862.0827575296262
  CPU_SINGLETHREAD: 148.98693466534871
  CPU_PHYSICS: 81.946563703447197
  CPU_MATRIX_MULT_SSE: 246.87269915924506
  CPU_mm: 73.663426928003304
  CPU_sse: 174.21763387273666
  CPU_fma: 319.52776444575346
  CPU_avx: 0
  CPU_avx512: 0
  m_CPU_enc_SHA: 171529209.79677334
  m_CPU_enc_AES: 96896478.240309447
  m_CPU_enc_ECDSA: 103012283.1856506
  ME_ALLOC_S: 0
  ME_READ_S: 0
  ME_READ_L: 0
  ME_WRITE: 0
  ME_LARGE: 0
  ME_LATENCY: 0
  ME_THREADED: 0
  SUMM_CPU: 434.93798052231335
  SUMM_ME: 0
SystemInformation:
  OSName: Ubuntu 18.04.6 LTS
  Kernel: 4.9.337-tegra
  Device: quill
  Processor: ARM Cortex-A57 6 Core 2035 MHz
  NumSockets: 2
  Manufacturer: ARM
  NumCores: 6
  NumLogicals: 6
  CPUFrequency: 2035
  Memory: 7850
Checksum: A181D0F084D0055AC9763BE4C000E33A0BB6DFA4