BaselineInfo:
  WebDBID: -1
  TimeStamp: 20240828181205
Version:
  Major: 11
  Minor: 0
  Build: 1002
  SpecialBuildName: ""
  ptArchitecture: aarch64_linux
Results:
  Results Complete: true
  NumTestProcesses: 6
  CPU_INTEGER_MATH: 9085.5859999999993
  CPU_FLOATINGPOINT_MATH: 2468.6963016000032
  CPU_PRIME: 8.2353056013075658
  CPU_SORTING: 3876.7351086483491
  CPU_ENCRYPTION: 250.11809855168499
  CPU_COMPRESSION: 6463.7419251982838
  CPU_SINGLETHREAD: 320.45517911443449
  CPU_PHYSICS: 131.83227204456952
  CPU_MATRIX_MULT_SSE: 537.66660807386745
  CPU_mm: 162.72217867084976
  CPU_sse: 378.78550255323466
  CPU_fma: 696.54771359450035
  CPU_avx: 0
  CPU_avx512: 0
  m_CPU_enc_SHA: 376921774.67374468
  m_CPU_enc_AES: 201279347.57975304
  m_CPU_enc_ECDSA: 208602383.66729715
  ME_ALLOC_S: 0
  ME_READ_S: 0
  ME_READ_L: 0
  ME_WRITE: 0
  ME_LARGE: 0
  ME_LATENCY: 0
  ME_THREADED: 0
  SUMM_CPU: 940.03743603624412
  SUMM_ME: 0
SystemInformation:
  OSName: Ubuntu 18.04.6 LTS
  Kernel: 4.9.337-tegra
  Device: quill
  Processor: ARM Cortex-A57 6 Core 2035 MHz
  NumSockets: 2
  Manufacturer: ARM
  NumCores: 6
  NumLogicals: 6
  CPUFrequency: 2035
  Memory: 7850
Checksum: 31CCDA685C5BE1D09557F667884A2F4B02C3D48D