BaselineInfo:
  WebDBID: -1
  TimeStamp: 20240828124231
Version:
  Major: 11
  Minor: 0
  Build: 1002
  SpecialBuildName: ""
  ptArchitecture: aarch64_linux
Results:
  Results Complete: true
  NumTestProcesses: 6
  CPU_INTEGER_MATH: 7091.6693333333333
  CPU_FLOATINGPOINT_MATH: 1926.5314333581032
  CPU_PRIME: 6.7186282628928131
  CPU_SORTING: 2929.879208776932
  CPU_ENCRYPTION: 193.2305622084516
  CPU_COMPRESSION: 5043.5915483834533
  CPU_SINGLETHREAD: 250.3415989745908
  CPU_PHYSICS: 112.0587889847281
  CPU_MATRIX_MULT_SSE: 422.35576431923459
  CPU_mm: 126.45255463091094
  CPU_sse: 295.72611640081641
  CPU_fma: 548.98541223765289
  CPU_avx: 0
  CPU_avx512: 0
  m_CPU_enc_SHA: 286195688.63777721
  m_CPU_enc_AES: 157967049.76645857
  m_CPU_enc_ECDSA: 163688051.5906322
  ME_ALLOC_S: 0
  ME_READ_S: 0
  ME_READ_L: 0
  ME_WRITE: 0
  ME_LARGE: 0
  ME_LATENCY: 0
  ME_THREADED: 0
  SUMM_CPU: 733.65613769900813
  SUMM_ME: 0
SystemInformation:
  OSName: Ubuntu 18.04.6 LTS
  Kernel: 4.9.337-tegra
  Device: quill
  Processor: ARM Cortex-A57 6 Core 2035 MHz
  NumSockets: 2
  Manufacturer: ARM
  NumCores: 6
  NumLogicals: 6
  CPUFrequency: 2035
  Memory: 7850
Checksum: A47562B0BBD9FB715A1C1990DC9EE1E86946D235