BaselineInfo:
  WebDBID: -1
  TimeStamp: 20240828044744
Version:
  Major: 11
  Minor: 0
  Build: 1002
  SpecialBuildName: ""
  ptArchitecture: aarch64_linux
Results:
  Results Complete: true
  NumTestProcesses: 6
  CPU_INTEGER_MATH: 4088.748
  CPU_FLOATINGPOINT_MATH: 1035.3299156394264
  CPU_PRIME: 1.805547968455703
  CPU_SORTING: 1268.7269753632602
  CPU_ENCRYPTION: 110.49838688410078
  CPU_COMPRESSION: 2605.6292423726863
  CPU_SINGLETHREAD: 140.27423509937694
  CPU_PHYSICS: 31.940924989115963
  CPU_MATRIX_MULT_SSE: 242.58407844903962
  CPU_mm: 71.477643270314587
  CPU_sse: 173.92357022523473
  CPU_fma: 311.24458667284443
  CPU_avx: 0
  CPU_avx512: 0
  m_CPU_enc_SHA: 165413993.18886068
  m_CPU_enc_AES: 89267157.63201654
  m_CPU_enc_ECDSA: 92916718.755271375
  ME_ALLOC_S: 0
  ME_READ_S: 0
  ME_READ_L: 0
  ME_WRITE: 0
  ME_LARGE: 0
  ME_LATENCY: 0
  ME_THREADED: 0
  SUMM_CPU: 380.55237525256467
  SUMM_ME: 0
SystemInformation:
  OSName: Ubuntu 18.04.6 LTS
  Kernel: 4.9.337-tegra
  Device: quill
  Processor: ARM Cortex-A57 6 Core 2035 MHz
  NumSockets: 2
  Manufacturer: ARM
  NumCores: 6
  NumLogicals: 6
  CPUFrequency: 2035
  Memory: 7850
Checksum: 7D8E3CDE1EC788617FD96534F6B2B8A668AEB31B