BaselineInfo:
  WebDBID: -1
  TimeStamp: 20240828051146
Version:
  Major: 11
  Minor: 0
  Build: 1002
  SpecialBuildName: ""
  ptArchitecture: aarch64_linux
Results:
  Results Complete: true
  NumTestProcesses: 6
  CPU_INTEGER_MATH: 4144.0333333333328
  CPU_FLOATINGPOINT_MATH: 1128.7553442908497
  CPU_PRIME: 4.9301388590322333
  CPU_SORTING: 1738.2597156234788
  CPU_ENCRYPTION: 112.32686825136025
  CPU_COMPRESSION: 2850.5292640850648
  CPU_SINGLETHREAD: 149.71425896455429
  CPU_PHYSICS: 86.651030671711965
  CPU_MATRIX_MULT_SSE: 246.17555682717509
  CPU_mm: 74.417789270517289
  CPU_sse: 173.9366768765349
  CPU_fma: 318.4144367778153
  CPU_avx: 0
  CPU_avx512: 0
  m_CPU_enc_SHA: 170277291.39676842
  m_CPU_enc_AES: 93182374.009574577
  m_CPU_enc_ECDSA: 89890109.204272017
  ME_ALLOC_S: 0
  ME_READ_S: 0
  ME_READ_L: 0
  ME_WRITE: 0
  ME_LARGE: 0
  ME_LATENCY: 0
  ME_THREADED: 0
  SUMM_CPU: 429.35565472224039
  SUMM_ME: 0
SystemInformation:
  OSName: Ubuntu 18.04.6 LTS
  Kernel: 4.9.337-tegra
  Device: quill
  Processor: ARM Cortex-A57 6 Core 2035 MHz
  NumSockets: 2
  Manufacturer: ARM
  NumCores: 6
  NumLogicals: 6
  CPUFrequency: 2035
  Memory: 7850
Checksum: 43B687071B723CD1891DF806FA4AB0A0D28F3DDD