BaselineInfo:
  WebDBID: -1
  TimeStamp: 20240828150630
Version:
  Major: 11
  Minor: 0
  Build: 1002
  SpecialBuildName: ""
  ptArchitecture: aarch64_linux
Results:
  Results Complete: true
  NumTestProcesses: 6
  CPU_INTEGER_MATH: 6341.8146666666662
  CPU_FLOATINGPOINT_MATH: 850.51137029839094
  CPU_PRIME: 0
  CPU_SORTING: 0.23000163314778954
  CPU_ENCRYPTION: 135.43682060929143
  CPU_COMPRESSION: 89.995026961192593
  CPU_SINGLETHREAD: 245.37223729644867
  CPU_PHYSICS: 4.8182258432391576
  CPU_MATRIX_MULT_SSE: 382.44980428390403
  CPU_mm: 113.34019617692999
  CPU_sse: 274.77096331796793
  CPU_fma: 490.12864524984013
  CPU_avx: 0
  CPU_avx512: 0
  m_CPU_enc_SHA: 97684412.893274516
  m_CPU_enc_AES: 66544604.941432551
  m_CPU_enc_ECDSA: 0
  ME_ALLOC_S: 0
  ME_READ_S: 0
  ME_READ_L: 0
  ME_WRITE: 0
  ME_LARGE: 0
  ME_LATENCY: 0
  ME_THREADED: 0
  SUMM_CPU: 0
  SUMM_ME: 0
SystemInformation:
  OSName: Ubuntu 18.04.6 LTS
  Kernel: 4.9.337-tegra
  Device: quill
  Processor: ARM Cortex-A57 6 Core 2035 MHz
  NumSockets: 2
  Manufacturer: ARM
  NumCores: 6
  NumLogicals: 6
  CPUFrequency: 2035
  Memory: 7850
Checksum: CDC724ABF7F2E7A6FC3C66440F26944BAF412A13