BaselineInfo:
  WebDBID: -1
  TimeStamp: 20240827224248
Version:
  Major: 11
  Minor: 0
  Build: 1002
  SpecialBuildName: ""
  ptArchitecture: aarch64_linux
Results:
  Results Complete: true
  NumTestProcesses: 6
  CPU_INTEGER_MATH: 1733.8199999999999
  CPU_FLOATINGPOINT_MATH: 446.79129139998088
  CPU_PRIME: 1.2518183746176774
  CPU_SORTING: 789.59539138818286
  CPU_ENCRYPTION: 56.713743885823611
  CPU_COMPRESSION: 0
  CPU_SINGLETHREAD: 234.62839331022042
  CPU_PHYSICS: 21.966250768624096
  CPU_MATRIX_MULT_SSE: 109.95993486658625
  CPU_mm: 33.633638096177222
  CPU_sse: 77.590014276309859
  CPU_fma: 142.32985545686265
  CPU_avx: 0
  CPU_avx512: 0
  m_CPU_enc_SHA: 81096610.671519637
  m_CPU_enc_AES: 47279053.952273823
  m_CPU_enc_ECDSA: 50030347.502670683
  ME_ALLOC_S: 0
  ME_READ_S: 0
  ME_READ_L: 0
  ME_WRITE: 0
  ME_LARGE: 0
  ME_LATENCY: 0
  ME_THREADED: 0
  SUMM_CPU: 0
  SUMM_ME: 0
SystemInformation:
  OSName: Ubuntu 18.04.6 LTS
  Kernel: 4.9.337-tegra
  Device: quill
  Processor: ARM Cortex-A57 6 Core 2035 MHz
  NumSockets: 2
  Manufacturer: ARM
  NumCores: 6
  NumLogicals: 6
  CPUFrequency: 2035
  Memory: 7850
Checksum: B71D64B89406A4DB9B52C7FD99B9C60438E1C59C