BaselineInfo:
  WebDBID: -1
  TimeStamp: 20240828113207
Version:
  Major: 11
  Minor: 0
  Build: 1002
  SpecialBuildName: ""
  ptArchitecture: aarch64_linux
Results:
  Results Complete: true
  NumTestProcesses: 6
  CPU_INTEGER_MATH: 6092.746666666666
  CPU_FLOATINGPOINT_MATH: 1607.5778453143782
  CPU_PRIME: 3.6518902406836613
  CPU_SORTING: 2190.0533390087903
  CPU_ENCRYPTION: 170.25507530070476
  CPU_COMPRESSION: 4147.3242498216259
  CPU_SINGLETHREAD: 211.43809354908848
  CPU_PHYSICS: 59.717526392039808
  CPU_MATRIX_MULT_SSE: 363.95613540290611
  CPU_mm: 108.97113277568552
  CPU_sse: 255.90514111045738
  CPU_fma: 472.00712969535476
  CPU_avx: 0
  CPU_avx512: 0
  m_CPU_enc_SHA: 241266409.89128172
  m_CPU_enc_AES: 134231262.22292116
  m_CPU_enc_ECDSA: 160078485.4013325
  ME_ALLOC_S: 0
  ME_READ_S: 0
  ME_READ_L: 0
  ME_WRITE: 0
  ME_LARGE: 0
  ME_LATENCY: 0
  ME_THREADED: 0
  SUMM_CPU: 603.58026721355441
  SUMM_ME: 0
SystemInformation:
  OSName: Ubuntu 18.04.6 LTS
  Kernel: 4.9.337-tegra
  Device: quill
  Processor: ARM Cortex-A57 6 Core 2035 MHz
  NumSockets: 2
  Manufacturer: ARM
  NumCores: 6
  NumLogicals: 6
  CPUFrequency: 2035
  Memory: 7850
Checksum: 807836FE8DDB59327B444E5F3F8F2E1BD54AE9FD