BaselineInfo:
  WebDBID: -1
  TimeStamp: 20240828131217
Version:
  Major: 11
  Minor: 0
  Build: 1002
  SpecialBuildName: ""
  ptArchitecture: aarch64_linux
Results:
  Results Complete: true
  NumTestProcesses: 6
  CPU_INTEGER_MATH: 6309.9120000000003
  CPU_FLOATINGPOINT_MATH: 790.94878141095705
  CPU_PRIME: 0
  CPU_SORTING: 23.9506548745385
  CPU_ENCRYPTION: 114.51995953157181
  CPU_COMPRESSION: 90.548743814398748
  CPU_SINGLETHREAD: 272.84478407691995
  CPU_PHYSICS: 1187.4411590315467
  CPU_MATRIX_MULT_SSE: 138.82139264952866
  CPU_mm: 52.387335351449451
  CPU_sse: 115.91431882860533
  CPU_fma: 212.14581745385135
  CPU_avx: 0
  CPU_avx512: 0
  m_CPU_enc_SHA: 0
  m_CPU_enc_AES: 86421058.372952968
  m_CPU_enc_ECDSA: 0
  ME_ALLOC_S: 0
  ME_READ_S: 0
  ME_READ_L: 0
  ME_WRITE: 0
  ME_LARGE: 0
  ME_LATENCY: 0
  ME_THREADED: 0
  SUMM_CPU: 0
  SUMM_ME: 0
SystemInformation:
  OSName: Ubuntu 18.04.6 LTS
  Kernel: 4.9.337-tegra
  Device: quill
  Processor: ARM Cortex-A57 6 Core 2035 MHz
  NumSockets: 2
  Manufacturer: ARM
  NumCores: 6
  NumLogicals: 6
  CPUFrequency: 2035
  Memory: 7850
Checksum: 9AF2E40497FC3D628D55E0FC3994F4A283E075B1