BaselineInfo:
  WebDBID: -1
  TimeStamp: 20240828202208
Version:
  Major: 11
  Minor: 0
  Build: 1002
  SpecialBuildName: ""
  ptArchitecture: aarch64_linux
Results:
  Results Complete: true
  NumTestProcesses: 6
  CPU_INTEGER_MATH: 9093.2540000000008
  CPU_FLOATINGPOINT_MATH: 2454.7402727953195
  CPU_PRIME: 6.7412479312427269
  CPU_SORTING: 3605.7751544534963
  CPU_ENCRYPTION: 251.16584837343129
  CPU_COMPRESSION: 6642.7078423715366
  CPU_SINGLETHREAD: 315.89489258696449
  CPU_PHYSICS: 116.08266118514538
  CPU_MATRIX_MULT_SSE: 541.16641022714145
  CPU_mm: 163.14729333045281
  CPU_sse: 378.49573519301867
  CPU_fma: 703.83708526126418
  CPU_avx: 0
  CPU_avx512: 0
  m_CPU_enc_SHA: 369259923.56120521
  m_CPU_enc_AES: 202556882.00178814
  m_CPU_enc_ECDSA: 218282636.30906385
  ME_ALLOC_S: 0
  ME_READ_S: 0
  ME_READ_L: 0
  ME_WRITE: 0
  ME_LARGE: 0
  ME_LATENCY: 0
  ME_THREADED: 0
  SUMM_CPU: 936.42153890791428
  SUMM_ME: 0
SystemInformation:
  OSName: Ubuntu 18.04.6 LTS
  Kernel: 4.9.337-tegra
  Device: quill
  Processor: ARM Cortex-A57 6 Core 2035 MHz
  NumSockets: 2
  Manufacturer: ARM
  NumCores: 6
  NumLogicals: 6
  CPUFrequency: 2035
  Memory: 7850
Checksum: A2D8103E6DAA6813D53567F3C74474B88172CA04