BaselineInfo:
  WebDBID: -1
  TimeStamp: 20240828160241
Version:
  Major: 11
  Minor: 0
  Build: 1002
  SpecialBuildName: ""
  ptArchitecture: aarch64_linux
Results:
  Results Complete: true
  NumTestProcesses: 6
  CPU_INTEGER_MATH: 7918.5826666666671
  CPU_FLOATINGPOINT_MATH: 2123.8463780101024
  CPU_PRIME: 5.730969342982732
  CPU_SORTING: 3077.8666809481811
  CPU_ENCRYPTION: 218.80610832728718
  CPU_COMPRESSION: 5488.3399847334622
  CPU_SINGLETHREAD: 275.1539969541202
  CPU_PHYSICS: 97.231777989877443
  CPU_MATRIX_MULT_SSE: 471.15736933713316
  CPU_mm: 141.51694826773536
  CPU_sse: 333.47518094203735
  CPU_fma: 608.83955773222885
  CPU_avx: 0
  CPU_avx512: 0
  m_CPU_enc_SHA: 324393816.64136279
  m_CPU_enc_AES: 174858967.60099626
  m_CPU_enc_ECDSA: 189051717.29382139
  ME_ALLOC_S: 0
  ME_READ_S: 0
  ME_READ_L: 0
  ME_WRITE: 0
  ME_LARGE: 0
  ME_LATENCY: 0
  ME_THREADED: 0
  SUMM_CPU: 800.99202631383821
  SUMM_ME: 0
SystemInformation:
  OSName: Ubuntu 18.04.6 LTS
  Kernel: 4.9.337-tegra
  Device: quill
  Processor: ARM Cortex-A57 6 Core 2035 MHz
  NumSockets: 2
  Manufacturer: ARM
  NumCores: 6
  NumLogicals: 6
  CPUFrequency: 2035
  Memory: 7850
Checksum: 0C0338645979C6F74226DDA74B21197844EC946E