BaselineInfo:
  WebDBID: -1
  TimeStamp: 20240828031039
Version:
  Major: 11
  Minor: 0
  Build: 1002
  SpecialBuildName: ""
  ptArchitecture: aarch64_linux
Results:
  Results Complete: true
  NumTestProcesses: 6
  CPU_INTEGER_MATH: 3675.3386666666665
  CPU_FLOATINGPOINT_MATH: 775.61135420400672
  CPU_PRIME: 0.54733214165789712
  CPU_SORTING: 493.6825757275418
  CPU_ENCRYPTION: 95.727253270430111
  CPU_COMPRESSION: 2007.6267092524026
  CPU_SINGLETHREAD: 120.99598327313082
  CPU_PHYSICS: 10.188072529607675
  CPU_MATRIX_MULT_SSE: 233.04918249716721
  CPU_mm: 71.168871629019961
  CPU_sse: 163.61206233654991
  CPU_fma: 302.48630265778445
  CPU_avx: 0
  CPU_avx512: 0
  m_CPU_enc_SHA: 140294759.21220988
  m_CPU_enc_AES: 81954080.269159809
  m_CPU_enc_ECDSA: 78883061.494513944
  ME_ALLOC_S: 0
  ME_READ_S: 0
  ME_READ_L: 0
  ME_WRITE: 0
  ME_LARGE: 0
  ME_LATENCY: 0
  ME_THREADED: 0
  SUMM_CPU: 260.89774552710412
  SUMM_ME: 0
SystemInformation:
  OSName: Ubuntu 18.04.6 LTS
  Kernel: 4.9.337-tegra
  Device: quill
  Processor: ARM Cortex-A57 6 Core 2035 MHz
  NumSockets: 2
  Manufacturer: ARM
  NumCores: 6
  NumLogicals: 6
  CPUFrequency: 2035
  Memory: 7850
Checksum: F20318BFEAC9A872F249F7909B58E6A2B891CC04