BaselineInfo:
  WebDBID: -1
  TimeStamp: 20240828020050
Version:
  Major: 11
  Minor: 0
  Build: 1002
  SpecialBuildName: ""
  ptArchitecture: aarch64_linux
Results:
  Results Complete: true
  NumTestProcesses: 6
  CPU_INTEGER_MATH: 3037.9006666666664
  CPU_FLOATINGPOINT_MATH: 687.5490337031838
  CPU_PRIME: 0.8746004909754439
  CPU_SORTING: 742.26662564576748
  CPU_ENCRYPTION: 78.222535293854691
  CPU_COMPRESSION: 1816.8397721703732
  CPU_SINGLETHREAD: 102.81489827460037
  CPU_PHYSICS: 15.892552946056359
  CPU_MATRIX_MULT_SSE: 181.88310115641934
  CPU_mm: 54.629762088129326
  CPU_sse: 128.0296570502237
  CPU_fma: 235.73654526261501
  CPU_avx: 0
  CPU_avx512: 0
  m_CPU_enc_SHA: 118622072.56341873
  m_CPU_enc_AES: 63630398.959087566
  m_CPU_enc_ECDSA: 63814347.982360646
  ME_ALLOC_S: 0
  ME_READ_S: 0
  ME_READ_L: 0
  ME_WRITE: 0
  ME_LARGE: 0
  ME_LATENCY: 0
  ME_THREADED: 0
  SUMM_CPU: 256.2666710073924
  SUMM_ME: 0
SystemInformation:
  OSName: Ubuntu 18.04.6 LTS
  Kernel: 4.9.337-tegra
  Device: quill
  Processor: ARM Cortex-A57 6 Core 2035 MHz
  NumSockets: 2
  Manufacturer: ARM
  NumCores: 6
  NumLogicals: 6
  CPUFrequency: 2035
  Memory: 7850
Checksum: 2F5BFAB2547E7C02F69AFE9D3595834DCCF4B724