BaselineInfo:
  WebDBID: -1
  TimeStamp: 20240828062810
Version:
  Major: 11
  Minor: 0
  Build: 1002
  SpecialBuildName: ""
  ptArchitecture: aarch64_linux
Results:
  Results Complete: true
  NumTestProcesses: 6
  CPU_INTEGER_MATH: 4140.9093333333331
  CPU_FLOATINGPOINT_MATH: 1125.0577831038127
  CPU_PRIME: 4.6484790400226785
  CPU_SORTING: 1827.3427161565214
  CPU_ENCRYPTION: 114.40609376330221
  CPU_COMPRESSION: 2820.7334165503967
  CPU_SINGLETHREAD: 147.94349744168534
  CPU_PHYSICS: 80.778860515246748
  CPU_MATRIX_MULT_SSE: 247.69097183173054
  CPU_mm: 74.007322936999458
  CPU_sse: 173.3774327319685
  CPU_fma: 322.00451093149263
  CPU_avx: 0
  CPU_avx512: 0
  m_CPU_enc_SHA: 169189941.29012471
  m_CPU_enc_AES: 91591096.653683484
  m_CPU_enc_ECDSA: 99109414.578036934
  ME_ALLOC_S: 0
  ME_READ_S: 0
  ME_READ_L: 0
  ME_WRITE: 0
  ME_LARGE: 0
  ME_LATENCY: 0
  ME_THREADED: 0
  SUMM_CPU: 430.17686628558715
  SUMM_ME: 0
SystemInformation:
  OSName: Ubuntu 18.04.6 LTS
  Kernel: 4.9.337-tegra
  Device: quill
  Processor: ARM Cortex-A57 6 Core 2035 MHz
  NumSockets: 2
  Manufacturer: ARM
  NumCores: 6
  NumLogicals: 6
  CPUFrequency: 2035
  Memory: 7850
Checksum: 2801D44109B118F84973BA6DB11A32C0ABC08326