BaselineInfo:
  WebDBID: -1
  TimeStamp: 20240828153402
Version:
  Major: 11
  Minor: 0
  Build: 1002
  SpecialBuildName: ""
  ptArchitecture: aarch64_linux
Results:
  Results Complete: true
  NumTestProcesses: 6
  CPU_INTEGER_MATH: 7642.7239999999993
  CPU_FLOATINGPOINT_MATH: 1619.2289329996793
  CPU_PRIME: 0.97926885756993609
  CPU_SORTING: 867.21943915997031
  CPU_ENCRYPTION: 189.93354587514719
  CPU_COMPRESSION: 4274.6996645129566
  CPU_SINGLETHREAD: 225.73794018526618
  CPU_PHYSICS: 17.797439340217302
  CPU_MATRIX_MULT_SSE: 453.20008088953307
  CPU_mm: 133.41178423056155
  CPU_sse: 317.7122610808799
  CPU_fma: 588.68790069818624
  CPU_avx: 0
  CPU_avx512: 0
  m_CPU_enc_SHA: 276408183.70918423
  m_CPU_enc_AES: 161552897.3025806
  m_CPU_enc_ECDSA: 159518192.38697019
  ME_ALLOC_S: 0
  ME_READ_S: 0
  ME_READ_L: 0
  ME_WRITE: 0
  ME_LARGE: 0
  ME_LATENCY: 0
  ME_THREADED: 0
  SUMM_CPU: 508.53525013592747
  SUMM_ME: 0
SystemInformation:
  OSName: Ubuntu 18.04.6 LTS
  Kernel: 4.9.337-tegra
  Device: quill
  Processor: ARM Cortex-A57 6 Core 2035 MHz
  NumSockets: 2
  Manufacturer: ARM
  NumCores: 6
  NumLogicals: 6
  CPUFrequency: 2035
  Memory: 7850
Checksum: FA918F244FA1FE6862180F6A6062476FFE02CFFF