BaselineInfo:
  WebDBID: -1
  TimeStamp: 20240828031211
Version:
  Major: 11
  Minor: 0
  Build: 1002
  SpecialBuildName: ""
  ptArchitecture: aarch64_linux
Results:
  Results Complete: true
  NumTestProcesses: 6
  CPU_INTEGER_MATH: 4007.808
  CPU_FLOATINGPOINT_MATH: 865.27344901109041
  CPU_PRIME: 0.87655323838016963
  CPU_SORTING: 798.66185487914356
  CPU_ENCRYPTION: 102.37457237489988
  CPU_COMPRESSION: 2376.6507395024983
  CPU_SINGLETHREAD: 132.21674422792933
  CPU_PHYSICS: 16.005991667291578
  CPU_MATRIX_MULT_SSE: 239.60957605364302
  CPU_mm: 71.584331885679944
  CPU_sse: 168.47253584436552
  CPU_fma: 310.7466162629205
  CPU_avx: 0
  CPU_avx512: 0
  m_CPU_enc_SHA: 158085833.96477091
  m_CPU_enc_AES: 83791276.242095515
  m_CPU_enc_ECDSA: 80165448.600882605
  ME_ALLOC_S: 0
  ME_READ_S: 0
  ME_READ_L: 0
  ME_WRITE: 0
  ME_LARGE: 0
  ME_LATENCY: 0
  ME_THREADED: 0
  SUMM_CPU: 317.9797792995044
  SUMM_ME: 0
SystemInformation:
  OSName: Ubuntu 18.04.6 LTS
  Kernel: 4.9.337-tegra
  Device: quill
  Processor: ARM Cortex-A57 6 Core 2035 MHz
  NumSockets: 2
  Manufacturer: ARM
  NumCores: 6
  NumLogicals: 6
  CPUFrequency: 2035
  Memory: 7850
Checksum: E9C1334DF7656D42B4F43F700FB7DA60FB81B624