BaselineInfo:
  WebDBID: -1
  TimeStamp: 20240828101530
Version:
  Major: 11
  Minor: 0
  Build: 1002
  SpecialBuildName: ""
  ptArchitecture: aarch64_linux
Results:
  Results Complete: true
  NumTestProcesses: 6
  CPU_INTEGER_MATH: 6142.5413333333336
  CPU_FLOATINGPOINT_MATH: 1661.930209843692
  CPU_PRIME: 6.1840212397580032
  CPU_SORTING: 2612.4015955772475
  CPU_ENCRYPTION: 169.87444699286439
  CPU_COMPRESSION: 4267.3528782712501
  CPU_SINGLETHREAD: 218.92319383931391
  CPU_PHYSICS: 101.4237394449143
  CPU_MATRIX_MULT_SSE: 366.61817348105541
  CPU_mm: 109.63831446806506
  CPU_sse: 256.8614026108358
  CPU_fma: 476.37494435127508
  CPU_avx: 0
  CPU_avx512: 0
  m_CPU_enc_SHA: 256290196.77799496
  m_CPU_enc_AES: 131941560.11618771
  m_CPU_enc_ECDSA: 146147047.49578655
  ME_ALLOC_S: 0
  ME_READ_S: 0
  ME_READ_L: 0
  ME_WRITE: 0
  ME_LARGE: 0
  ME_LATENCY: 0
  ME_THREADED: 0
  SUMM_CPU: 636.57597007242157
  SUMM_ME: 0
SystemInformation:
  OSName: Ubuntu 18.04.6 LTS
  Kernel: 4.9.337-tegra
  Device: quill
  Processor: ARM Cortex-A57 6 Core 2035 MHz
  NumSockets: 2
  Manufacturer: ARM
  NumCores: 6
  NumLogicals: 6
  CPUFrequency: 2035
  Memory: 7850
Checksum: B1BA16D3E4818A73AB51E7F7FB26A048B4613F2E