BaselineInfo:
  WebDBID: -1
  TimeStamp: 20240828195746
Version:
  Major: 11
  Minor: 0
  Build: 1002
  SpecialBuildName: ""
  ptArchitecture: aarch64_linux
Results:
  Results Complete: true
  NumTestProcesses: 6
  CPU_INTEGER_MATH: 9079.0540000000001
  CPU_FLOATINGPOINT_MATH: 2421.6980241369947
  CPU_PRIME: 5.9532702661809633
  CPU_SORTING: 3497.8702822541727
  CPU_ENCRYPTION: 249.15092732546336
  CPU_COMPRESSION: 6402.1532970792305
  CPU_SINGLETHREAD: 314.29472116714288
  CPU_PHYSICS: 102.80234611243903
  CPU_MATRIX_MULT_SSE: 540.85199635178719
  CPU_mm: 162.4566396401612
  CPU_sse: 380.41166890254425
  CPU_fma: 701.29232380103008
  CPU_avx: 0
  CPU_avx512: 0
  m_CPU_enc_SHA: 368312559.38579208
  m_CPU_enc_AES: 198874120.31637281
  m_CPU_enc_ECDSA: 216574368.6115104
  ME_ALLOC_S: 0
  ME_READ_S: 0
  ME_READ_L: 0
  ME_WRITE: 0
  ME_LARGE: 0
  ME_LATENCY: 0
  ME_THREADED: 0
  SUMM_CPU: 914.76852760541738
  SUMM_ME: 0
SystemInformation:
  OSName: Ubuntu 18.04.6 LTS
  Kernel: 4.9.337-tegra
  Device: quill
  Processor: ARM Cortex-A57 6 Core 2035 MHz
  NumSockets: 2
  Manufacturer: ARM
  NumCores: 6
  NumLogicals: 6
  CPUFrequency: 2035
  Memory: 7850
Checksum: 8458029D68E8CB3159389F33C36930D0B18D1CD8