BaselineInfo:
  WebDBID: -1
  TimeStamp: 20240828004713
Version:
  Major: 11
  Minor: 0
  Build: 1002
  SpecialBuildName: ""
  ptArchitecture: aarch64_linux
Results:
  Results Complete: true
  NumTestProcesses: 6
  CPU_INTEGER_MATH: 977.57533333333322
  CPU_FLOATINGPOINT_MATH: 352.4779183257404
  CPU_PRIME: 0.52598517099473563
  CPU_SORTING: 489.84968430749905
  CPU_ENCRYPTION: 74.578993520358011
  CPU_COMPRESSION: 1603.6431746650344
  CPU_SINGLETHREAD: 96.269611550139416
  CPU_PHYSICS: 9.6441045697663448
  CPU_MATRIX_MULT_SSE: 176.0596240246154
  CPU_mm: 54.131721198216418
  CPU_sse: 126.3499090346111
  CPU_fma: 225.7693390146197
  CPU_avx: 0
  CPU_avx512: 0
  m_CPU_enc_SHA: 107228635.57692355
  m_CPU_enc_AES: 63006214.068123132
  m_CPU_enc_ECDSA: 64370378.483762085
  ME_ALLOC_S: 0
  ME_READ_S: 0
  ME_READ_L: 0
  ME_WRITE: 0
  ME_LARGE: 0
  ME_LATENCY: 0
  ME_THREADED: 0
  SUMM_CPU: 191.62520351974604
  SUMM_ME: 0
SystemInformation:
  OSName: Ubuntu 18.04.6 LTS
  Kernel: 4.9.337-tegra
  Device: quill
  Processor: ARM Cortex-A57 6 Core 2035 MHz
  NumSockets: 2
  Manufacturer: ARM
  NumCores: 6
  NumLogicals: 6
  CPUFrequency: 2035
  Memory: 7850
Checksum: 50B878DC5BD50E830589E170E4FBEC64A8D1FAF7