BaselineInfo:
  WebDBID: -1
  TimeStamp: 20240828171857
Version:
  Major: 11
  Minor: 0
  Build: 1002
  SpecialBuildName: ""
  ptArchitecture: aarch64_linux
Results:
  Results Complete: true
  NumTestProcesses: 6
  CPU_INTEGER_MATH: 7947.4086666666672
  CPU_FLOATINGPOINT_MATH: 2161.063505182507
  CPU_PRIME: 7.4367944535758594
  CPU_SORTING: 3318.1066824420232
  CPU_ENCRYPTION: 221.32566935996303
  CPU_COMPRESSION: 5555.7232203326603
  CPU_SINGLETHREAD: 278.37375839902347
  CPU_PHYSICS: 124.48710290693164
  CPU_MATRIX_MULT_SSE: 474.01833146728433
  CPU_mm: 141.54326134689458
  CPU_sse: 334.12879623883003
  CPU_fma: 613.90786669573856
  CPU_avx: 0
  CPU_avx512: 0
  m_CPU_enc_SHA: 329673351.05946445
  m_CPU_enc_AES: 175232703.99988934
  m_CPU_enc_ECDSA: 191324300.16502398
  ME_ALLOC_S: 0
  ME_READ_S: 0
  ME_READ_L: 0
  ME_WRITE: 0
  ME_LARGE: 0
  ME_LATENCY: 0
  ME_THREADED: 0
  SUMM_CPU: 823.30347892744487
  SUMM_ME: 0
SystemInformation:
  OSName: Ubuntu 18.04.6 LTS
  Kernel: 4.9.337-tegra
  Device: quill
  Processor: ARM Cortex-A57 6 Core 2035 MHz
  NumSockets: 2
  Manufacturer: ARM
  NumCores: 6
  NumLogicals: 6
  CPUFrequency: 2035
  Memory: 7850
Checksum: 7283BD111C7B140B11E437B48B305D1CF13F8E89