BaselineInfo:
  WebDBID: -1
  TimeStamp: 20240828132949
Version:
  Major: 11
  Minor: 0
  Build: 1002
  SpecialBuildName: ""
  ptArchitecture: aarch64_linux
Results:
  Results Complete: true
  NumTestProcesses: 6
  CPU_INTEGER_MATH: 7065.5413333333345
  CPU_FLOATINGPOINT_MATH: 1836.7958277032544
  CPU_PRIME: 3.8024185198735445
  CPU_SORTING: 2483.9789023969583
  CPU_ENCRYPTION: 193.09964452085694
  CPU_COMPRESSION: 4834.5773663093978
  CPU_SINGLETHREAD: 242.07627010872301
  CPU_PHYSICS: 63.675526738903542
  CPU_MATRIX_MULT_SSE: 420.26699515406949
  CPU_mm: 126.04917352603137
  CPU_sse: 293.25999177013148
  CPU_fma: 547.27399853800762
  CPU_avx: 0
  CPU_avx512: 0
  m_CPU_enc_SHA: 284029597.1862849
  m_CPU_enc_AES: 154184954.64111003
  m_CPU_enc_ECDSA: 169224406.73191124
  ME_ALLOC_S: 0
  ME_READ_S: 0
  ME_READ_L: 0
  ME_WRITE: 0
  ME_LARGE: 0
  ME_LATENCY: 0
  ME_THREADED: 0
  SUMM_CPU: 689.01188356664079
  SUMM_ME: 0
SystemInformation:
  OSName: Ubuntu 18.04.6 LTS
  Kernel: 4.9.337-tegra
  Device: quill
  Processor: ARM Cortex-A57 6 Core 2035 MHz
  NumSockets: 2
  Manufacturer: ARM
  NumCores: 6
  NumLogicals: 6
  CPUFrequency: 2035
  Memory: 7850
Checksum: E6AD70D12DB9617BFCC59A8BF7F424E47C0C053F