BaselineInfo:
  WebDBID: -1
  TimeStamp: 20240827212739
Version:
  Major: 11
  Minor: 0
  Build: 1002
  SpecialBuildName: ""
  ptArchitecture: aarch64_linux
Results:
  Results Complete: true
  NumTestProcesses: 6
  CPU_INTEGER_MATH: 1843.2546666666667
  CPU_FLOATINGPOINT_MATH: 487.22603270809213
  CPU_PRIME: 1.836233063297958
  CPU_SORTING: 788.48732995306591
  CPU_ENCRYPTION: 58.886844176184454
  CPU_COMPRESSION: 0
  CPU_SINGLETHREAD: 232.18786960724483
  CPU_PHYSICS: 32.932828892107743
  CPU_MATRIX_MULT_SSE: 107.86777807179104
  CPU_mm: 33.183535754550235
  CPU_sse: 78.417131764728481
  CPU_fma: 137.31842437885359
  CPU_avx: 0
  CPU_avx512: 0
  m_CPU_enc_SHA: 84007402.594773158
  m_CPU_enc_AES: 48964545.832818426
  m_CPU_enc_ECDSA: 52270046.129068799
  ME_ALLOC_S: 0
  ME_READ_S: 0
  ME_READ_L: 0
  ME_WRITE: 0
  ME_LARGE: 0
  ME_LATENCY: 0
  ME_THREADED: 0
  SUMM_CPU: 0
  SUMM_ME: 0
SystemInformation:
  OSName: Ubuntu 18.04.6 LTS
  Kernel: 4.9.337-tegra
  Device: quill
  Processor: ARM Cortex-A57 6 Core 2035 MHz
  NumSockets: 2
  Manufacturer: ARM
  NumCores: 6
  NumLogicals: 6
  CPUFrequency: 2035
  Memory: 7850
Checksum: 176C010E0CE8EA4EFB091F80ACE3698A60C391DA