BaselineInfo:
  WebDBID: -1
  TimeStamp: 20240828153747
Version:
  Major: 11
  Minor: 0
  Build: 1002
  SpecialBuildName: ""
  ptArchitecture: aarch64_linux
Results:
  Results Complete: true
  NumTestProcesses: 6
  CPU_INTEGER_MATH: 7911.9560000000001
  CPU_FLOATINGPOINT_MATH: 2125.9358538383517
  CPU_PRIME: 5.8821944184491795
  CPU_SORTING: 3110.0765024528291
  CPU_ENCRYPTION: 219.26605142040049
  CPU_COMPRESSION: 5461.9591505666522
  CPU_SINGLETHREAD: 278.26571276177606
  CPU_PHYSICS: 96.009568384802961
  CPU_MATRIX_MULT_SSE: 470.57924630605453
  CPU_mm: 141.36109400157994
  CPU_sse: 333.12429923270508
  CPU_fma: 608.03419337940386
  CPU_avx: 0
  CPU_avx512: 0
  m_CPU_enc_SHA: 331938474.39830095
  m_CPU_enc_AES: 174888642.41455221
  m_CPU_enc_ECDSA: 182924240.58974048
  ME_ALLOC_S: 0
  ME_READ_S: 0
  ME_READ_L: 0
  ME_WRITE: 0
  ME_LARGE: 0
  ME_LATENCY: 0
  ME_THREADED: 0
  SUMM_CPU: 801.33705440762253
  SUMM_ME: 0
SystemInformation:
  OSName: Ubuntu 18.04.6 LTS
  Kernel: 4.9.337-tegra
  Device: quill
  Processor: ARM Cortex-A57 6 Core 2035 MHz
  NumSockets: 2
  Manufacturer: ARM
  NumCores: 6
  NumLogicals: 6
  CPUFrequency: 2035
  Memory: 7850
Checksum: 1C38303EC6E107A673C8996FF49D5F1C76F47160