BaselineInfo:
  WebDBID: -1
  TimeStamp: 20240827203458
Version:
  Major: 11
  Minor: 0
  Build: 1002
  SpecialBuildName: ""
  ptArchitecture: aarch64_linux
Results:
  Results Complete: true
  NumTestProcesses: 6
  CPU_INTEGER_MATH: 2132.6506666666669
  CPU_FLOATINGPOINT_MATH: 565.49846685197519
  CPU_PRIME: 2.7056012422643252
  CPU_SORTING: 909.78893798395688
  CPU_ENCRYPTION: 58.196333652684444
  CPU_COMPRESSION: 0
  CPU_SINGLETHREAD: 244.38847834727611
  CPU_PHYSICS: 44.49691033769745
  CPU_MATRIX_MULT_SSE: 111.14318309511349
  CPU_mm: 33.517383259815652
  CPU_sse: 77.784349750200661
  CPU_fma: 144.5020164400263
  CPU_avx: 0
  CPU_avx512: 0
  m_CPU_enc_SHA: 90063409.081407428
  m_CPU_enc_AES: 45240026.067483805
  m_CPU_enc_ECDSA: 47766401.119700484
  ME_ALLOC_S: 0
  ME_READ_S: 0
  ME_READ_L: 0
  ME_WRITE: 0
  ME_LARGE: 0
  ME_LATENCY: 0
  ME_THREADED: 0
  SUMM_CPU: 0
  SUMM_ME: 0
SystemInformation:
  OSName: Ubuntu 18.04.6 LTS
  Kernel: 4.9.337-tegra
  Device: quill
  Processor: ARM Cortex-A57 6 Core 2035 MHz
  NumSockets: 2
  Manufacturer: ARM
  NumCores: 6
  NumLogicals: 6
  CPUFrequency: 2035
  Memory: 7850
Checksum: B05A36D0D72CE03293066AF4375B7B165A480C9D