BaselineInfo:
  WebDBID: -1
  TimeStamp: 20240828152627
Version:
  Major: 11
  Minor: 0
  Build: 1002
  SpecialBuildName: ""
  ptArchitecture: aarch64_linux
Results:
  Results Complete: true
  NumTestProcesses: 6
  CPU_INTEGER_MATH: 7924.0259999999998
  CPU_FLOATINGPOINT_MATH: 2121.1601788727385
  CPU_PRIME: 6.1505454459992706
  CPU_SORTING: 3200.8928489579275
  CPU_ENCRYPTION: 221.44115336028074
  CPU_COMPRESSION: 5653.3245579947597
  CPU_SINGLETHREAD: 276.58420365898911
  CPU_PHYSICS: 108.33516764610795
  CPU_MATRIX_MULT_SSE: 472.41907077361532
  CPU_mm: 142.17333795321571
  CPU_sse: 330.03395517485768
  CPU_fma: 614.80418637237301
  CPU_avx: 0
  CPU_avx512: 0
  m_CPU_enc_SHA: 321399552.5152033
  m_CPU_enc_AES: 175494261.08060622
  m_CPU_enc_ECDSA: 199699822.88191962
  ME_ALLOC_S: 0
  ME_READ_S: 0
  ME_READ_L: 0
  ME_WRITE: 0
  ME_LARGE: 0
  ME_LATENCY: 0
  ME_THREADED: 0
  SUMM_CPU: 816.62692932598395
  SUMM_ME: 0
SystemInformation:
  OSName: Ubuntu 18.04.6 LTS
  Kernel: 4.9.337-tegra
  Device: quill
  Processor: ARM Cortex-A57 6 Core 2035 MHz
  NumSockets: 2
  Manufacturer: ARM
  NumCores: 6
  NumLogicals: 6
  CPUFrequency: 2035
  Memory: 7850
Checksum: 08C1A7E448137B57925756C7E34A678AFF791B3F