BaselineInfo:
  WebDBID: -1
  TimeStamp: 20240828185035
Version:
  Major: 11
  Minor: 0
  Build: 1002
  SpecialBuildName: ""
  ptArchitecture: aarch64_linux
Results:
  Results Complete: true
  NumTestProcesses: 6
  CPU_INTEGER_MATH: 9090.3193333333329
  CPU_FLOATINGPOINT_MATH: 2455.8429632100274
  CPU_PRIME: 8.0080451124646288
  CPU_SORTING: 3763.9500871492482
  CPU_ENCRYPTION: 249.17709876462141
  CPU_COMPRESSION: 6780.9885372873387
  CPU_SINGLETHREAD: 318.07400534414114
  CPU_PHYSICS: 132.68662945980734
  CPU_MATRIX_MULT_SSE: 540.88004756911266
  CPU_mm: 162.49837497003026
  CPU_sse: 380.25358300667307
  CPU_fma: 701.50651213155231
  CPU_avx: 0
  CPU_avx512: 0
  m_CPU_enc_SHA: 362216834.46790528
  m_CPU_enc_AES: 202801676.47460988
  m_CPU_enc_ECDSA: 218824865.60011986
  ME_ALLOC_S: 0
  ME_READ_S: 0
  ME_READ_L: 0
  ME_WRITE: 0
  ME_LARGE: 0
  ME_LATENCY: 0
  ME_THREADED: 0
  SUMM_CPU: 949.87078617034012
  SUMM_ME: 0
SystemInformation:
  OSName: Ubuntu 18.04.6 LTS
  Kernel: 4.9.337-tegra
  Device: quill
  Processor: ARM Cortex-A57 6 Core 2035 MHz
  NumSockets: 2
  Manufacturer: ARM
  NumCores: 6
  NumLogicals: 6
  CPUFrequency: 2035
  Memory: 7850
Checksum: 6FCBA4EC331C230BB2FB60C3B2A53A8D309D67C2