BaselineInfo:
  WebDBID: -1
  TimeStamp: 20240828064142
Version:
  Major: 11
  Minor: 0
  Build: 1002
  SpecialBuildName: ""
  ptArchitecture: aarch64_linux
Results:
  Results Complete: true
  NumTestProcesses: 6
  CPU_INTEGER_MATH: 5137.7493333333332
  CPU_FLOATINGPOINT_MATH: 1386.9460892078791
  CPU_PRIME: 5.0851400749395035
  CPU_SORTING: 2084.8894963392963
  CPU_ENCRYPTION: 143.68001026007013
  CPU_COMPRESSION: 3578.8253357121898
  CPU_SINGLETHREAD: 182.10399366619163
  CPU_PHYSICS: 89.824361326875604
  CPU_MATRIX_MULT_SSE: 307.4541144577409
  CPU_mm: 91.537514983196345
  CPU_sse: 215.51230940413794
  CPU_fma: 399.39591951134389
  CPU_avx: 0
  CPU_avx512: 0
  m_CPU_enc_SHA: 215415838.49583587
  m_CPU_enc_AES: 113990513.04205787
  m_CPU_enc_ECDSA: 122571879.77749617
  ME_ALLOC_S: 0
  ME_READ_S: 0
  ME_READ_L: 0
  ME_WRITE: 0
  ME_LARGE: 0
  ME_LATENCY: 0
  ME_THREADED: 0
  SUMM_CPU: 533.95795628566304
  SUMM_ME: 0
SystemInformation:
  OSName: Ubuntu 18.04.6 LTS
  Kernel: 4.9.337-tegra
  Device: quill
  Processor: ARM Cortex-A57 6 Core 2035 MHz
  NumSockets: 2
  Manufacturer: ARM
  NumCores: 6
  NumLogicals: 6
  CPUFrequency: 2035
  Memory: 7850
Checksum: 321FFC5B5AC7FC518BFEC5AD6F66D87915BBD2E2