BaselineInfo:
  WebDBID: -1
  TimeStamp: 20240828022301
Version:
  Major: 11
  Minor: 0
  Build: 1002
  SpecialBuildName: ""
  ptArchitecture: aarch64_linux
Results:
  Results Complete: true
  NumTestProcesses: 6
  CPU_INTEGER_MATH: 3130.2480000000005
  CPU_FLOATINGPOINT_MATH: 838.35253771844805
  CPU_PRIME: 3.2980076234511997
  CPU_SORTING: 1343.662421346319
  CPU_ENCRYPTION: 88.953807333933639
  CPU_COMPRESSION: 2126.012754171471
  CPU_SINGLETHREAD: 112.00539834833633
  CPU_PHYSICS: 57.386543690586777
  CPU_MATRIX_MULT_SSE: 185.6371865542302
  CPU_mm: 55.920395481626592
  CPU_sse: 131.16519654390942
  CPU_fma: 240.10917656455098
  CPU_avx: 0
  CPU_avx512: 0
  m_CPU_enc_SHA: 127828783.78720976
  m_CPU_enc_AES: 66551588.170373827
  m_CPU_enc_ECDSA: 85444110.479376808
  ME_ALLOC_S: 0
  ME_READ_S: 0
  ME_READ_L: 0
  ME_WRITE: 0
  ME_LARGE: 0
  ME_LATENCY: 0
  ME_THREADED: 0
  SUMM_CPU: 325.41722920434478
  SUMM_ME: 0
SystemInformation:
  OSName: Ubuntu 18.04.6 LTS
  Kernel: 4.9.337-tegra
  Device: quill
  Processor: ARM Cortex-A57 6 Core 2035 MHz
  NumSockets: 2
  Manufacturer: ARM
  NumCores: 6
  NumLogicals: 6
  CPUFrequency: 2035
  Memory: 7850
Checksum: 28F3D366F7D5114C2585AE2140D80F508F033385