BaselineInfo:
  WebDBID: -1
  TimeStamp: 20240828091101
Version:
  Major: 11
  Minor: 0
  Build: 1002
  SpecialBuildName: ""
  ptArchitecture: aarch64_linux
Results:
  Results Complete: true
  NumTestProcesses: 6
  CPU_INTEGER_MATH: 4633.3180000000002
  CPU_FLOATINGPOINT_MATH: 631.42071767500943
  CPU_PRIME: 0
  CPU_SORTING: 71.069963516270306
  CPU_ENCRYPTION: 80.90035267678023
  CPU_COMPRESSION: 1229.7717216858971
  CPU_SINGLETHREAD: 128.22752417682142
  CPU_PHYSICS: 5.3833860176112562
  CPU_MATRIX_MULT_SSE: 252.80192016653217
  CPU_mm: 83.285311107081611
  CPU_sse: 180.88473744146407
  CPU_fma: 324.71910289160024
  CPU_avx: 0
  CPU_avx512: 0
  m_CPU_enc_SHA: 133354571.34960485
  m_CPU_enc_AES: 82542528.578263715
  m_CPU_enc_ECDSA: 29003460.153657842
  ME_ALLOC_S: 0
  ME_READ_S: 0
  ME_READ_L: 0
  ME_WRITE: 0
  ME_LARGE: 0
  ME_LATENCY: 0
  ME_THREADED: 0
  SUMM_CPU: 0
  SUMM_ME: 0
SystemInformation:
  OSName: Ubuntu 18.04.6 LTS
  Kernel: 4.9.337-tegra
  Device: quill
  Processor: ARM Cortex-A57 6 Core 2035 MHz
  NumSockets: 2
  Manufacturer: ARM
  NumCores: 6
  NumLogicals: 6
  CPUFrequency: 2035
  Memory: 7850
Checksum: 740E012E5FFCE471DE02CD5612A207DE799F24D1