BaselineInfo:
  WebDBID: -1
  TimeStamp: 20240828014109
Version:
  Major: 11
  Minor: 0
  Build: 1002
  SpecialBuildName: ""
  ptArchitecture: aarch64_linux
Results:
  Results Complete: true
  NumTestProcesses: 6
  CPU_INTEGER_MATH: 2592.21
  CPU_FLOATINGPOINT_MATH: 523.46122571564115
  CPU_PRIME: 0.54586694162415605
  CPU_SORTING: 475.49119869157084
  CPU_ENCRYPTION: 73.710419472726471
  CPU_COMPRESSION: 1586.0385827443424
  CPU_SINGLETHREAD: 95.444954389137948
  CPU_PHYSICS: 10.004661088537539
  CPU_MATRIX_MULT_SSE: 176.77320430343096
  CPU_mm: 53.832270855389424
  CPU_sse: 126.91785873000433
  CPU_fma: 226.62854987685762
  CPU_avx: 0
  CPU_avx512: 0
  m_CPU_enc_SHA: 107072012.42470029
  m_CPU_enc_AES: 60890953.861267179
  m_CPU_enc_ECDSA: 63909964.14113345
  ME_ALLOC_S: 0
  ME_READ_S: 0
  ME_READ_L: 0
  ME_WRITE: 0
  ME_LARGE: 0
  ME_LATENCY: 0
  ME_THREADED: 0
  SUMM_CPU: 212.49800802529168
  SUMM_ME: 0
SystemInformation:
  OSName: Ubuntu 18.04.6 LTS
  Kernel: 4.9.337-tegra
  Device: quill
  Processor: ARM Cortex-A57 6 Core 2035 MHz
  NumSockets: 2
  Manufacturer: ARM
  NumCores: 6
  NumLogicals: 6
  CPUFrequency: 2035
  Memory: 7850
Checksum: 9A44E49AFC08FD8A768F408322EC852F708476D2