BaselineInfo:
  WebDBID: -1
  TimeStamp: 20240828114325
Version:
  Major: 11
  Minor: 0
  Build: 1002
  SpecialBuildName: ""
  ptArchitecture: aarch64_linux
Results:
  Results Complete: true
  NumTestProcesses: 6
  CPU_INTEGER_MATH: 5914.442
  CPU_FLOATINGPOINT_MATH: 1334.1365171899442
  CPU_PRIME: 0.92385911499315354
  CPU_SORTING: 875.26548714952003
  CPU_ENCRYPTION: 150.24047176304282
  CPU_COMPRESSION: 3266.6526896610812
  CPU_SINGLETHREAD: 182.8552158592689
  CPU_PHYSICS: 16.674500748923649
  CPU_MATRIX_MULT_SSE: 352.39870628643229
  CPU_mm: 106.00455317853671
  CPU_sse: 252.24298235866155
  CPU_fma: 452.55443021420314
  CPU_avx: 0
  CPU_avx512: 0
  m_CPU_enc_SHA: 222090772.75565761
  m_CPU_enc_AES: 121278923.41164479
  m_CPU_enc_ECDSA: 129245962.59091076
  ME_ALLOC_S: 0
  ME_READ_S: 0
  ME_READ_L: 0
  ME_WRITE: 0
  ME_LARGE: 0
  ME_LATENCY: 0
  ME_THREADED: 0
  SUMM_CPU: 423.90535096186971
  SUMM_ME: 0
SystemInformation:
  OSName: Ubuntu 18.04.6 LTS
  Kernel: 4.9.337-tegra
  Device: quill
  Processor: ARM Cortex-A57 6 Core 2035 MHz
  NumSockets: 2
  Manufacturer: ARM
  NumCores: 6
  NumLogicals: 6
  CPUFrequency: 2035
  Memory: 7850
Checksum: 99E543142BF6C311077AB72314B5BE96946F8D7D