BaselineInfo:
  WebDBID: -1
  TimeStamp: 20240828011650
Version:
  Major: 11
  Minor: 0
  Build: 1002
  SpecialBuildName: ""
  ptArchitecture: aarch64_linux
Results:
  Results Complete: true
  NumTestProcesses: 6
  CPU_INTEGER_MATH: 3145.4420000000005
  CPU_FLOATINGPOINT_MATH: 852.84521985073457
  CPU_PRIME: 4.0913491588405355
  CPU_SORTING: 1298.6424890205863
  CPU_ENCRYPTION: 86.9134745559045
  CPU_COMPRESSION: 2142.4197772550046
  CPU_SINGLETHREAD: 112.8907868876739
  CPU_PHYSICS: 69.612612516006436
  CPU_MATRIX_MULT_SSE: 188.08881540440751
  CPU_mm: 56.185099550600306
  CPU_sse: 131.88838222337608
  CPU_fma: 244.289248585439
  CPU_avx: 0
  CPU_avx512: 0
  m_CPU_enc_SHA: 129038377.33396578
  m_CPU_enc_AES: 65946123.374019362
  m_CPU_enc_ECDSA: 78421649.779811233
  ME_ALLOC_S: 0
  ME_READ_S: 0
  ME_READ_L: 0
  ME_WRITE: 0
  ME_LARGE: 0
  ME_LATENCY: 0
  ME_THREADED: 0
  SUMM_CPU: 327.55902442104895
  SUMM_ME: 0
SystemInformation:
  OSName: Ubuntu 18.04.6 LTS
  Kernel: 4.9.337-tegra
  Device: quill
  Processor: ARM Cortex-A57 6 Core 2035 MHz
  NumSockets: 2
  Manufacturer: ARM
  NumCores: 6
  NumLogicals: 6
  CPUFrequency: 2035
  Memory: 7850
Checksum: 1983571454FB2B049292AC31AD1FBC82EFD4F92E