BaselineInfo:
  WebDBID: -1
  TimeStamp: 20240828125520
Version:
  Major: 11
  Minor: 0
  Build: 1002
  SpecialBuildName: ""
  ptArchitecture: aarch64_linux
Results:
  Results Complete: true
  NumTestProcesses: 6
  CPU_INTEGER_MATH: 7112.1646666666666
  CPU_FLOATINGPOINT_MATH: 1914.8191697634397
  CPU_PRIME: 6.8075395619236554
  CPU_SORTING: 2879.4013999084264
  CPU_ENCRYPTION: 193.18491175826236
  CPU_COMPRESSION: 5010.6197340535318
  CPU_SINGLETHREAD: 250.66653184395031
  CPU_PHYSICS: 110.33843247563622
  CPU_MATRIX_MULT_SSE: 423.02970191117993
  CPU_mm: 126.51143694990968
  CPU_sse: 297.79049756317846
  CPU_fma: 548.26890625918145
  CPU_avx: 0
  CPU_avx512: 0
  m_CPU_enc_SHA: 284486668.40977198
  m_CPU_enc_AES: 154749843.57157359
  m_CPU_enc_ECDSA: 168470674.11414957
  ME_ALLOC_S: 0
  ME_READ_S: 0
  ME_READ_L: 0
  ME_WRITE: 0
  ME_LARGE: 0
  ME_LATENCY: 0
  ME_THREADED: 0
  SUMM_CPU: 731.55454550305399
  SUMM_ME: 0
SystemInformation:
  OSName: Ubuntu 18.04.6 LTS
  Kernel: 4.9.337-tegra
  Device: quill
  Processor: ARM Cortex-A57 6 Core 2035 MHz
  NumSockets: 2
  Manufacturer: ARM
  NumCores: 6
  NumLogicals: 6
  CPUFrequency: 2035
  Memory: 7850
Checksum: D963CEB400A9DBC6B4F0EF1469200475B8AED47A