BaselineInfo:
  WebDBID: -1
  TimeStamp: 20240828131606
Version:
  Major: 11
  Minor: 0
  Build: 1002
  SpecialBuildName: ""
  ptArchitecture: aarch64_linux
Results:
  Results Complete: true
  NumTestProcesses: 6
  CPU_INTEGER_MATH: 7022.6573333333336
  CPU_FLOATINGPOINT_MATH: 1694.5759924350718
  CPU_PRIME: 2.0493829968437156
  CPU_SORTING: 1705.4262137908095
  CPU_ENCRYPTION: 188.48693947827758
  CPU_COMPRESSION: 4430.4995845640733
  CPU_SINGLETHREAD: 231.55420331292356
  CPU_PHYSICS: 35.54343756706303
  CPU_MATRIX_MULT_SSE: 417.25705031009431
  CPU_mm: 124.71548196663468
  CPU_sse: 295.44627368432668
  CPU_fma: 539.06782693586194
  CPU_avx: 0
  CPU_avx512: 0
  m_CPU_enc_SHA: 281092964.66993868
  m_CPU_enc_AES: 151411734.99737829
  m_CPU_enc_ECDSA: 160423943.48380625
  ME_ALLOC_S: 0
  ME_READ_S: 0
  ME_READ_L: 0
  ME_WRITE: 0
  ME_LARGE: 0
  ME_LATENCY: 0
  ME_THREADED: 0
  SUMM_CPU: 608.67418273874159
  SUMM_ME: 0
SystemInformation:
  OSName: Ubuntu 18.04.6 LTS
  Kernel: 4.9.337-tegra
  Device: quill
  Processor: ARM Cortex-A57 6 Core 2035 MHz
  NumSockets: 2
  Manufacturer: ARM
  NumCores: 6
  NumLogicals: 6
  CPUFrequency: 2035
  Memory: 7850
Checksum: 27A4F2D39E44CFA0D30B75B59A14C49FF8DCCF60