BaselineInfo:
  WebDBID: -1
  TimeStamp: 20240828132145
Version:
  Major: 11
  Minor: 0
  Build: 1002
  SpecialBuildName: ""
  ptArchitecture: aarch64_linux
Results:
  Results Complete: true
  NumTestProcesses: 6
  CPU_INTEGER_MATH: 7086.4626666666663
  CPU_FLOATINGPOINT_MATH: 1923.7009964466306
  CPU_PRIME: 6.7852517161539101
  CPU_SORTING: 2962.5114581723747
  CPU_ENCRYPTION: 194.49532769938909
  CPU_COMPRESSION: 4992.2487741687873
  CPU_SINGLETHREAD: 253.06772582559259
  CPU_PHYSICS: 116.49802030150769
  CPU_MATRIX_MULT_SSE: 422.00476892874485
  CPU_mm: 126.94376226217676
  CPU_sse: 297.21746059358748
  CPU_fma: 546.79207726390234
  CPU_avx: 0
  CPU_avx512: 0
  m_CPU_enc_SHA: 286465673.61572164
  m_CPU_enc_AES: 158203344.22736984
  m_CPU_enc_ECDSA: 167160380.3700524
  ME_ALLOC_S: 0
  ME_READ_S: 0
  ME_READ_L: 0
  ME_WRITE: 0
  ME_LARGE: 0
  ME_LATENCY: 0
  ME_THREADED: 0
  SUMM_CPU: 734.24880898123331
  SUMM_ME: 0
SystemInformation:
  OSName: Ubuntu 18.04.6 LTS
  Kernel: 4.9.337-tegra
  Device: quill
  Processor: ARM Cortex-A57 6 Core 2035 MHz
  NumSockets: 2
  Manufacturer: ARM
  NumCores: 6
  NumLogicals: 6
  CPUFrequency: 2035
  Memory: 7850
Checksum: D5974892F6C27775F9E0C6FFBADF04094DE7286C