BaselineInfo:
  WebDBID: -1
  TimeStamp: 20240828030313
Version:
  Major: 11
  Minor: 0
  Build: 1002
  SpecialBuildName: ""
  ptArchitecture: aarch64_linux
Results:
  Results Complete: true
  NumTestProcesses: 6
  CPU_INTEGER_MATH: 3129.6800000000003
  CPU_FLOATINGPOINT_MATH: 850.93698380696219
  CPU_PRIME: 3.8959010929157034
  CPU_SORTING: 1355.8882157446133
  CPU_ENCRYPTION: 82.300769071689302
  CPU_COMPRESSION: 2131.7058802955321
  CPU_SINGLETHREAD: 112.77425112693116
  CPU_PHYSICS: 66.021919473891344
  CPU_MATRIX_MULT_SSE: 187.90340405402623
  CPU_mm: 55.916822481479478
  CPU_sse: 132.1994833854481
  CPU_fma: 243.60732472260435
  CPU_avx: 0
  CPU_avx512: 0
  m_CPU_enc_SHA: 120351970.9739134
  m_CPU_enc_AES: 68796870.199172005
  m_CPU_enc_ECDSA: 69746992.517261714
  ME_ALLOC_S: 0
  ME_READ_S: 0
  ME_READ_L: 0
  ME_WRITE: 0
  ME_LARGE: 0
  ME_LATENCY: 0
  ME_THREADED: 0
  SUMM_CPU: 321.64028507416054
  SUMM_ME: 0
SystemInformation:
  OSName: Ubuntu 18.04.6 LTS
  Kernel: 4.9.337-tegra
  Device: quill
  Processor: ARM Cortex-A57 6 Core 2035 MHz
  NumSockets: 2
  Manufacturer: ARM
  NumCores: 6
  NumLogicals: 6
  CPUFrequency: 2035
  Memory: 7850
Checksum: E9F33BD1E0E9D69CACE90B0F6AE8434F3202B0EA