BaselineInfo:
  WebDBID: -1
  TimeStamp: 20240828152720
Version:
  Major: 11
  Minor: 0
  Build: 1002
  SpecialBuildName: ""
  ptArchitecture: aarch64_linux
Results:
  Results Complete: true
  NumTestProcesses: 6
  CPU_INTEGER_MATH: 7932.1673333333338
  CPU_FLOATINGPOINT_MATH: 2150.6853357784562
  CPU_PRIME: 7.2274538732128057
  CPU_SORTING: 3271.9582898467365
  CPU_ENCRYPTION: 216.19551468576026
  CPU_COMPRESSION: 5570.3854410905542
  CPU_SINGLETHREAD: 277.76880804966282
  CPU_PHYSICS: 118.80835831321106
  CPU_MATRIX_MULT_SSE: 472.73192852775475
  CPU_mm: 141.91269981868453
  CPU_sse: 331.43470199522147
  CPU_fma: 614.02915506028796
  CPU_avx: 0
  CPU_avx512: 0
  m_CPU_enc_SHA: 325947293.83067876
  m_CPU_enc_AES: 175595182.10421199
  m_CPU_enc_ECDSA: 178549808.0865165
  ME_ALLOC_S: 0
  ME_READ_S: 0
  ME_READ_L: 0
  ME_WRITE: 0
  ME_LARGE: 0
  ME_LATENCY: 0
  ME_THREADED: 0
  SUMM_CPU: 815.46863574814768
  SUMM_ME: 0
SystemInformation:
  OSName: Ubuntu 18.04.6 LTS
  Kernel: 4.9.337-tegra
  Device: quill
  Processor: ARM Cortex-A57 6 Core 2035 MHz
  NumSockets: 2
  Manufacturer: ARM
  NumCores: 6
  NumLogicals: 6
  CPUFrequency: 2035
  Memory: 7850
Checksum: 8E5BF1C52380E7938D41445C4BC77732EADD47B9