BaselineInfo:
  WebDBID: -1
  TimeStamp: 20240827224956
Version:
  Major: 11
  Minor: 0
  Build: 1002
  SpecialBuildName: ""
  ptArchitecture: aarch64_linux
Results:
  Results Complete: true
  NumTestProcesses: 6
  CPU_INTEGER_MATH: 1884.8606666666665
  CPU_FLOATINGPOINT_MATH: 478.79141204155229
  CPU_PRIME: 2.4007701368130654
  CPU_SORTING: 787.41630868795323
  CPU_ENCRYPTION: 62.073055373167819
  CPU_COMPRESSION: 0
  CPU_SINGLETHREAD: 237.75165280721916
  CPU_PHYSICS: 45.492246758382592
  CPU_MATRIX_MULT_SSE: 103.94205383690283
  CPU_mm: 33.334545881863548
  CPU_sse: 78.328383387866282
  CPU_fma: 129.55572428593936
  CPU_avx: 0
  CPU_avx512: 0
  m_CPU_enc_SHA: 88587365.141396046
  m_CPU_enc_AES: 47605634.363188863
  m_CPU_enc_ECDSA: 59071948.828339539
  ME_ALLOC_S: 0
  ME_READ_S: 0
  ME_READ_L: 0
  ME_WRITE: 0
  ME_LARGE: 0
  ME_LATENCY: 0
  ME_THREADED: 0
  SUMM_CPU: 0
  SUMM_ME: 0
SystemInformation:
  OSName: Ubuntu 18.04.6 LTS
  Kernel: 4.9.337-tegra
  Device: quill
  Processor: ARM Cortex-A57 6 Core 2035 MHz
  NumSockets: 2
  Manufacturer: ARM
  NumCores: 6
  NumLogicals: 6
  CPUFrequency: 2035
  Memory: 7850
Checksum: 1DB13893D3C10F35DE8A2D28ABDF1C1B8CF16AE0