BaselineInfo:
  WebDBID: -1
  TimeStamp: 20240828122744
Version:
  Major: 11
  Minor: 0
  Build: 1002
  SpecialBuildName: ""
  ptArchitecture: aarch64_linux
Results:
  Results Complete: true
  NumTestProcesses: 6
  CPU_INTEGER_MATH: 6134.3999999999996
  CPU_FLOATINGPOINT_MATH: 1610.7837488583534
  CPU_PRIME: 5.2552338875000348
  CPU_SORTING: 2465.8240292156806
  CPU_ENCRYPTION: 168.72423151684555
  CPU_COMPRESSION: 4236.9201664723323
  CPU_SINGLETHREAD: 215.79686763398033
  CPU_PHYSICS: 89.419895407883928
  CPU_MATRIX_MULT_SSE: 365.24974469337849
  CPU_mm: 109.47807369962885
  CPU_sse: 258.38628713803712
  CPU_fma: 472.11320224871986
  CPU_avx: 0
  CPU_avx512: 0
  m_CPU_enc_SHA: 250446741.58920732
  m_CPU_enc_AES: 137560376.98778126
  m_CPU_enc_ECDSA: 142753420.784035
  ME_ALLOC_S: 0
  ME_READ_S: 0
  ME_READ_L: 0
  ME_WRITE: 0
  ME_LARGE: 0
  ME_LATENCY: 0
  ME_THREADED: 0
  SUMM_CPU: 625.27799899990737
  SUMM_ME: 0
SystemInformation:
  OSName: Ubuntu 18.04.6 LTS
  Kernel: 4.9.337-tegra
  Device: quill
  Processor: ARM Cortex-A57 6 Core 2035 MHz
  NumSockets: 2
  Manufacturer: ARM
  NumCores: 6
  NumLogicals: 6
  CPUFrequency: 2035
  Memory: 7850
Checksum: 6DD0EB27F3ABC0169E0B0652E304F3C53C22C90A