BaselineInfo:
  WebDBID: -1
  TimeStamp: 20240828022547
Version:
  Major: 11
  Minor: 0
  Build: 1002
  SpecialBuildName: ""
  ptArchitecture: aarch64_linux
Results:
  Results Complete: true
  NumTestProcesses: 6
  CPU_INTEGER_MATH: 3137.3953333333334
  CPU_FLOATINGPOINT_MATH: 848.61270644816398
  CPU_PRIME: 3.7299746399508287
  CPU_SORTING: 1336.1938930556421
  CPU_ENCRYPTION: 86.781752601547922
  CPU_COMPRESSION: 2125.6153629522714
  CPU_SINGLETHREAD: 112.77956896186201
  CPU_PHYSICS: 63.026973119246904
  CPU_MATRIX_MULT_SSE: 186.27074664026009
  CPU_mm: 56.020545908370273
  CPU_sse: 132.31068198159227
  CPU_fma: 240.2308112989279
  CPU_avx: 0
  CPU_avx512: 0
  m_CPU_enc_SHA: 125509743.5532997
  m_CPU_enc_AES: 69388941.566851214
  m_CPU_enc_ECDSA: 78093103.927611217
  ME_ALLOC_S: 0
  ME_READ_S: 0
  ME_READ_L: 0
  ME_WRITE: 0
  ME_LARGE: 0
  ME_LATENCY: 0
  ME_THREADED: 0
  SUMM_CPU: 325.1798744750642
  SUMM_ME: 0
SystemInformation:
  OSName: Ubuntu 18.04.6 LTS
  Kernel: 4.9.337-tegra
  Device: quill
  Processor: ARM Cortex-A57 6 Core 2035 MHz
  NumSockets: 2
  Manufacturer: ARM
  NumCores: 6
  NumLogicals: 6
  CPUFrequency: 2035
  Memory: 7850
Checksum: D8EDC888D67D0124C8F70AC58C216A64F9BA163A