BaselineInfo:
  WebDBID: -1
  TimeStamp: 20240828163925
Version:
  Major: 11
  Minor: 0
  Build: 1002
  SpecialBuildName: ""
  ptArchitecture: aarch64_linux
Results:
  Results Complete: true
  NumTestProcesses: 6
  CPU_INTEGER_MATH: 7915.79
  CPU_FLOATINGPOINT_MATH: 2136.063160878055
  CPU_PRIME: 5.7572257226611416
  CPU_SORTING: 3114.2368655346245
  CPU_ENCRYPTION: 219.58330383164056
  CPU_COMPRESSION: 5609.0256982544433
  CPU_SINGLETHREAD: 275.5138710795926
  CPU_PHYSICS: 97.179290959141255
  CPU_MATRIX_MULT_SSE: 473.12085000417153
  CPU_mm: 141.43807727048642
  CPU_sse: 331.61161283106605
  CPU_fma: 614.63008717727701
  CPU_avx: 0
  CPU_avx512: 0
  m_CPU_enc_SHA: 330260295.03104687
  m_CPU_enc_AES: 173078878.47262961
  m_CPU_enc_ECDSA: 187410173.69202244
  ME_ALLOC_S: 0
  ME_READ_S: 0
  ME_READ_L: 0
  ME_WRITE: 0
  ME_LARGE: 0
  ME_LATENCY: 0
  ME_THREADED: 0
  SUMM_CPU: 808.17646815870091
  SUMM_ME: 0
SystemInformation:
  OSName: Ubuntu 18.04.6 LTS
  Kernel: 4.9.337-tegra
  Device: quill
  Processor: ARM Cortex-A57 6 Core 2035 MHz
  NumSockets: 2
  Manufacturer: ARM
  NumCores: 6
  NumLogicals: 6
  CPUFrequency: 2035
  Memory: 7850
Checksum: CF9B37FA8EA383FA2DE9AFA9909A5343319923FE