BaselineInfo:
  WebDBID: -1
  TimeStamp: 20240827235756
Version:
  Major: 11
  Minor: 0
  Build: 1002
  SpecialBuildName: ""
  ptArchitecture: aarch64_linux
Results:
  Results Complete: true
  NumTestProcesses: 6
  CPU_INTEGER_MATH: 3123.6213333333335
  CPU_FLOATINGPOINT_MATH: 827.2625889705663
  CPU_PRIME: 2.7166804074488815
  CPU_SORTING: 1232.5750781548461
  CPU_ENCRYPTION: 83.835445253273576
  CPU_COMPRESSION: 2099.8387149557257
  CPU_SINGLETHREAD: 111.21193912991747
  CPU_PHYSICS: 47.759544338282979
  CPU_MATRIX_MULT_SSE: 186.53375142001121
  CPU_mm: 55.939003943837321
  CPU_sse: 131.22697919287594
  CPU_fma: 241.84052364714651
  CPU_avx: 0
  CPU_avx512: 0
  m_CPU_enc_SHA: 116327909.99342583
  m_CPU_enc_AES: 65905694.741816044
  m_CPU_enc_ECDSA: 81489902.790447906
  ME_ALLOC_S: 0
  ME_READ_S: 0
  ME_READ_L: 0
  ME_WRITE: 0
  ME_LARGE: 0
  ME_LATENCY: 0
  ME_THREADED: 0
  SUMM_CPU: 314.52695276586775
  SUMM_ME: 0
SystemInformation:
  OSName: Ubuntu 18.04.6 LTS
  Kernel: 4.9.337-tegra
  Device: quill
  Processor: ARM Cortex-A57 6 Core 2035 MHz
  NumSockets: 2
  Manufacturer: ARM
  NumCores: 6
  NumLogicals: 6
  CPUFrequency: 2035
  Memory: 7850
Checksum: A2CA5176ED063E07F01CDEE684FFB54EFD19A061