BaselineInfo:
  WebDBID: -1
  TimeStamp: 20240827213319
Version:
  Major: 11
  Minor: 0
  Build: 1002
  SpecialBuildName: ""
  ptArchitecture: aarch64_linux
Results:
  Results Complete: true
  NumTestProcesses: 6
  CPU_INTEGER_MATH: 1835.9653333333333
  CPU_FLOATINGPOINT_MATH: 504.13756549605739
  CPU_PRIME: 2.3393061684663787
  CPU_SORTING: 786.96180062847509
  CPU_ENCRYPTION: 58.440842714714435
  CPU_COMPRESSION: 0
  CPU_SINGLETHREAD: 238.81965663059182
  CPU_PHYSICS: 44.279458662582996
  CPU_MATRIX_MULT_SSE: 109.15874713094809
  CPU_mm: 28.252320005730514
  CPU_sse: 74.166154180391601
  CPU_fma: 144.1513400815046
  CPU_avx: 0
  CPU_avx512: 0
  m_CPU_enc_SHA: 82997884.329339042
  m_CPU_enc_AES: 45917418.94164712
  m_CPU_enc_ECDSA: 54923692.000287049
  ME_ALLOC_S: 0
  ME_READ_S: 0
  ME_READ_L: 0
  ME_WRITE: 0
  ME_LARGE: 0
  ME_LATENCY: 0
  ME_THREADED: 0
  SUMM_CPU: 0
  SUMM_ME: 0
SystemInformation:
  OSName: Ubuntu 18.04.6 LTS
  Kernel: 4.9.337-tegra
  Device: quill
  Processor: ARM Cortex-A57 6 Core 2035 MHz
  NumSockets: 2
  Manufacturer: ARM
  NumCores: 6
  NumLogicals: 6
  CPUFrequency: 2035
  Memory: 7850
Checksum: DA734EA9940C2F9D537B4F10DDBF1E2EAA6DD653