BaselineInfo:
  WebDBID: -1
  TimeStamp: 20240828143221
Version:
  Major: 11
  Minor: 0
  Build: 1002
  SpecialBuildName: ""
  ptArchitecture: aarch64_linux
Results:
  Results Complete: true
  NumTestProcesses: 6
  CPU_INTEGER_MATH: 7016.9773333333333
  CPU_FLOATINGPOINT_MATH: 1730.9342739113595
  CPU_PRIME: 1.993533033397084
  CPU_SORTING: 1664.8407345221012
  CPU_ENCRYPTION: 187.0597344108086
  CPU_COMPRESSION: 4503.9571552910002
  CPU_SINGLETHREAD: 233.08658697473598
  CPU_PHYSICS: 36.194593014258182
  CPU_MATRIX_MULT_SSE: 419.19853041505041
  CPU_mm: 125.22189385823511
  CPU_sse: 297.00194370658767
  CPU_fma: 541.39511712351305
  CPU_avx: 0
  CPU_avx512: 0
  m_CPU_enc_SHA: 275177929.42731565
  m_CPU_enc_AES: 152177095.07557479
  m_CPU_enc_ECDSA: 161084019.70575371
  ME_ALLOC_S: 0
  ME_READ_S: 0
  ME_READ_L: 0
  ME_WRITE: 0
  ME_LARGE: 0
  ME_LATENCY: 0
  ME_THREADED: 0
  SUMM_CPU: 610.43165140399617
  SUMM_ME: 0
SystemInformation:
  OSName: Ubuntu 18.04.6 LTS
  Kernel: 4.9.337-tegra
  Device: quill
  Processor: ARM Cortex-A57 6 Core 2035 MHz
  NumSockets: 2
  Manufacturer: ARM
  NumCores: 6
  NumLogicals: 6
  CPUFrequency: 2035
  Memory: 7850
Checksum: FBD82242B0927072EB58C33269EF1509474A9314