BaselineInfo:
  WebDBID: -1
  TimeStamp: 20240828072440
Version:
  Major: 11
  Minor: 0
  Build: 1002
  SpecialBuildName: ""
  ptArchitecture: aarch64_linux
Results:
  Results Complete: true
  NumTestProcesses: 6
  CPU_INTEGER_MATH: 5139.2166666666672
  CPU_FLOATINGPOINT_MATH: 1388.0315035723393
  CPU_PRIME: 5.2350069187966213
  CPU_SORTING: 2170.8834696272806
  CPU_ENCRYPTION: 142.46714378607609
  CPU_COMPRESSION: 3561.7544665180017
  CPU_SINGLETHREAD: 182.42936247113323
  CPU_PHYSICS: 87.588060363217181
  CPU_MATRIX_MULT_SSE: 306.55990201695886
  CPU_mm: 91.776488863548508
  CPU_sse: 214.96651241549282
  CPU_fma: 398.15329161842493
  CPU_avx: 0
  CPU_avx512: 0
  m_CPU_enc_SHA: 219876064.02151048
  m_CPU_enc_AES: 107639387.764511
  m_CPU_enc_ECDSA: 120647431.50186406
  ME_ALLOC_S: 0
  ME_READ_S: 0
  ME_READ_L: 0
  ME_WRITE: 0
  ME_LARGE: 0
  ME_LATENCY: 0
  ME_THREADED: 0
  SUMM_CPU: 532.76145982232606
  SUMM_ME: 0
SystemInformation:
  OSName: Ubuntu 18.04.6 LTS
  Kernel: 4.9.337-tegra
  Device: quill
  Processor: ARM Cortex-A57 6 Core 2035 MHz
  NumSockets: 2
  Manufacturer: ARM
  NumCores: 6
  NumLogicals: 6
  CPUFrequency: 2035
  Memory: 7850
Checksum: C77E568FD62C56E9749E144DAE44347310C099D7