BaselineInfo:
  WebDBID: -1
  TimeStamp: 20240828041726
Version:
  Major: 11
  Minor: 0
  Build: 1002
  SpecialBuildName: ""
  ptArchitecture: aarch64_linux
Results:
  Results Complete: true
  NumTestProcesses: 6
  CPU_INTEGER_MATH: 4112.9353333333329
  CPU_FLOATINGPOINT_MATH: 1079.5858602850151
  CPU_PRIME: 3.2216028601448494
  CPU_SORTING: 1615.0726943034308
  CPU_ENCRYPTION: 115.12106788287774
  CPU_COMPRESSION: 2751.5554408275657
  CPU_SINGLETHREAD: 144.52987514307529
  CPU_PHYSICS: 52.99761187013933
  CPU_MATRIX_MULT_SSE: 245.38999750053392
  CPU_mm: 73.536357514875419
  CPU_sse: 173.20876379886238
  CPU_fma: 317.57123120220541
  CPU_avx: 0
  CPU_avx512: 0
  m_CPU_enc_SHA: 171535880.59785166
  m_CPU_enc_AES: 93610608.881188542
  m_CPU_enc_ECDSA: 96993077.150029004
  ME_ALLOC_S: 0
  ME_READ_S: 0
  ME_READ_L: 0
  ME_WRITE: 0
  ME_LARGE: 0
  ME_LATENCY: 0
  ME_THREADED: 0
  SUMM_CPU: 414.63879663656081
  SUMM_ME: 0
SystemInformation:
  OSName: Ubuntu 18.04.6 LTS
  Kernel: 4.9.337-tegra
  Device: quill
  Processor: ARM Cortex-A57 6 Core 2035 MHz
  NumSockets: 2
  Manufacturer: ARM
  NumCores: 6
  NumLogicals: 6
  CPUFrequency: 2035
  Memory: 7850
Checksum: 23919CC534D1B95395058F21E0FEAA9CBB7AC888