BaselineInfo:
  WebDBID: -1
  TimeStamp: 20240828075006
Version:
  Major: 11
  Minor: 0
  Build: 1002
  SpecialBuildName: ""
  ptArchitecture: aarch64_linux
Results:
  Results Complete: true
  NumTestProcesses: 6
  CPU_INTEGER_MATH: 5109.6806666666662
  CPU_FLOATINGPOINT_MATH: 1344.5035246985922
  CPU_PRIME: 3.351323319859389
  CPU_SORTING: 1935.4374921132994
  CPU_ENCRYPTION: 138.61903673223887
  CPU_COMPRESSION: 3527.483089265123
  CPU_SINGLETHREAD: 178.23077543075794
  CPU_PHYSICS: 58.375485375961269
  CPU_MATRIX_MULT_SSE: 306.69724064403721
  CPU_mm: 91.472983275412105
  CPU_sse: 214.22635530755412
  CPU_fma: 399.1681259805203
  CPU_avx: 0
  CPU_avx512: 0
  m_CPU_enc_SHA: 205027471.01995677
  m_CPU_enc_AES: 115332749.12115572
  m_CPU_enc_ECDSA: 115697565.04051974
  ME_ALLOC_S: 0
  ME_READ_S: 0
  ME_READ_L: 0
  ME_WRITE: 0
  ME_LARGE: 0
  ME_LATENCY: 0
  ME_THREADED: 0
  SUMM_CPU: 509.99751224031212
  SUMM_ME: 0
SystemInformation:
  OSName: Ubuntu 18.04.6 LTS
  Kernel: 4.9.337-tegra
  Device: quill
  Processor: ARM Cortex-A57 6 Core 2035 MHz
  NumSockets: 2
  Manufacturer: ARM
  NumCores: 6
  NumLogicals: 6
  CPUFrequency: 2035
  Memory: 7850
Checksum: 836EFDEAB6BF6A9E8AEDD2DD138D964573D05D9A