BaselineInfo:
  WebDBID: -1
  TimeStamp: 20240828041838
Version:
  Major: 11
  Minor: 0
  Build: 1002
  SpecialBuildName: ""
  ptArchitecture: aarch64_linux
Results:
  Results Complete: true
  NumTestProcesses: 6
  CPU_INTEGER_MATH: 4132.5786666666663
  CPU_FLOATINGPOINT_MATH: 1101.6619569796412
  CPU_PRIME: 4.2022896448610219
  CPU_SORTING: 1718.0777291320424
  CPU_ENCRYPTION: 113.50814645565944
  CPU_COMPRESSION: 2829.0806609987148
  CPU_SINGLETHREAD: 147.92573941754461
  CPU_PHYSICS: 67.443337411927871
  CPU_MATRIX_MULT_SSE: 246.98207516251628
  CPU_mm: 73.818019628165843
  CPU_sse: 172.10717247031593
  CPU_fma: 321.8569778547166
  CPU_avx: 0
  CPU_avx512: 0
  m_CPU_enc_SHA: 169978375.88579416
  m_CPU_enc_AES: 89669309.921393707
  m_CPU_enc_ECDSA: 97418068.726480842
  ME_ALLOC_S: 0
  ME_READ_S: 0
  ME_READ_L: 0
  ME_WRITE: 0
  ME_LARGE: 0
  ME_LATENCY: 0
  ME_THREADED: 0
  SUMM_CPU: 424.75733286232094
  SUMM_ME: 0
SystemInformation:
  OSName: Ubuntu 18.04.6 LTS
  Kernel: 4.9.337-tegra
  Device: quill
  Processor: ARM Cortex-A57 6 Core 2035 MHz
  NumSockets: 2
  Manufacturer: ARM
  NumCores: 6
  NumLogicals: 6
  CPUFrequency: 2035
  Memory: 7850
Checksum: F04920079CD40DAE0AC43934D3EA28569B42DBD7