BaselineInfo:
  WebDBID: -1
  TimeStamp: 20240828182942
Version:
  Major: 11
  Minor: 0
  Build: 1002
  SpecialBuildName: ""
  ptArchitecture: aarch64_linux
Results:
  Results Complete: true
  NumTestProcesses: 6
  CPU_INTEGER_MATH: 8944.4380000000001
  CPU_FLOATINGPOINT_MATH: 2161.6967219360586
  CPU_PRIME: 2.1013663259998063
  CPU_SORTING: 1718.448647527754
  CPU_ENCRYPTION: 233.44065085519316
  CPU_COMPRESSION: 5638.4815861305751
  CPU_SINGLETHREAD: 290.25126599280713
  CPU_PHYSICS: 37.26293165976378
  CPU_MATRIX_MULT_SSE: 531.45462705865702
  CPU_mm: 159.67583029468776
  CPU_sse: 373.06143288950778
  CPU_fma: 689.84782122780632
  CPU_avx: 0
  CPU_avx512: 0
  m_CPU_enc_SHA: 343410458.42516136
  m_CPU_enc_AES: 194200638.92772403
  m_CPU_enc_ECDSA: 196729694.38051963
  ME_ALLOC_S: 0
  ME_READ_S: 0
  ME_READ_L: 0
  ME_WRITE: 0
  ME_LARGE: 0
  ME_LATENCY: 0
  ME_THREADED: 0
  SUMM_CPU: 735.4398041611995
  SUMM_ME: 0
SystemInformation:
  OSName: Ubuntu 18.04.6 LTS
  Kernel: 4.9.337-tegra
  Device: quill
  Processor: ARM Cortex-A57 6 Core 2035 MHz
  NumSockets: 2
  Manufacturer: ARM
  NumCores: 6
  NumLogicals: 6
  CPUFrequency: 2035
  Memory: 7850
Checksum: C30AB6DED03F0930C231FB58E0622F27E6F3EA1D