BaselineInfo:
  WebDBID: -1
  TimeStamp: 20240827203025
Version:
  Major: 11
  Minor: 0
  Build: 1002
  SpecialBuildName: ""
  ptArchitecture: aarch64_linux
Results:
  Results Complete: true
  NumTestProcesses: 6
  CPU_INTEGER_MATH: 1857.9280000000001
  CPU_FLOATINGPOINT_MATH: 487.30614412173702
  CPU_PRIME: 2.1064949509345055
  CPU_SORTING: 760.81797672106165
  CPU_ENCRYPTION: 61.209212297749787
  CPU_COMPRESSION: 0
  CPU_SINGLETHREAD: 232.25908994762045
  CPU_PHYSICS: 39.170005331153114
  CPU_MATRIX_MULT_SSE: 112.40225826746986
  CPU_mm: 33.12252330775501
  CPU_sse: 79.357231063529639
  CPU_fma: 145.44728547141005
  CPU_avx: 0
  CPU_avx512: 0
  m_CPU_enc_SHA: 84676506.721806586
  m_CPU_enc_AES: 45842285.316264607
  m_CPU_enc_ECDSA: 62028740.944904663
  ME_ALLOC_S: 0
  ME_READ_S: 0
  ME_READ_L: 0
  ME_WRITE: 0
  ME_LARGE: 0
  ME_LATENCY: 0
  ME_THREADED: 0
  SUMM_CPU: 0
  SUMM_ME: 0
SystemInformation:
  OSName: Ubuntu 18.04.6 LTS
  Kernel: 4.9.337-tegra
  Device: quill
  Processor: ARM Cortex-A57 6 Core 2035 MHz
  NumSockets: 2
  Manufacturer: ARM
  NumCores: 6
  NumLogicals: 6
  CPUFrequency: 2035
  Memory: 7850
Checksum: 8A786AC350586528BE5939025D96CB349FE5A539