BaselineInfo:
  WebDBID: -1
  TimeStamp: 20240828170209
Version:
  Major: 11
  Minor: 0
  Build: 1002
  SpecialBuildName: ""
  ptArchitecture: aarch64_linux
Results:
  Results Complete: true
  NumTestProcesses: 6
  CPU_INTEGER_MATH: 7877.0240000000013
  CPU_FLOATINGPOINT_MATH: 2074.8510036990078
  CPU_PRIME: 3.7790322481153948
  CPU_SORTING: 2612.0181396028174
  CPU_ENCRYPTION: 218.41701061930718
  CPU_COMPRESSION: 5217.5145219598726
  CPU_SINGLETHREAD: 268.339692016171
  CPU_PHYSICS: 65.548073942598947
  CPU_MATRIX_MULT_SSE: 471.68988775933718
  CPU_mm: 140.74144619721019
  CPU_sse: 332.72314022091552
  CPU_fma: 610.65663529775884
  CPU_avx: 0
  CPU_avx512: 0
  m_CPU_enc_SHA: 315145610.78399271
  m_CPU_enc_AES: 177380689.95814624
  m_CPU_enc_ECDSA: 194554205.23931289
  ME_ALLOC_S: 0
  ME_READ_S: 0
  ME_READ_L: 0
  ME_WRITE: 0
  ME_LARGE: 0
  ME_LATENCY: 0
  ME_THREADED: 0
  SUMM_CPU: 757.21513256160074
  SUMM_ME: 0
SystemInformation:
  OSName: Ubuntu 18.04.6 LTS
  Kernel: 4.9.337-tegra
  Device: quill
  Processor: ARM Cortex-A57 6 Core 2035 MHz
  NumSockets: 2
  Manufacturer: ARM
  NumCores: 6
  NumLogicals: 6
  CPUFrequency: 2035
  Memory: 7850
Checksum: 5BDDBB5E4BCB309D7CFD343CF460BF9C8E88DA47