BaselineInfo:
  WebDBID: -1
  TimeStamp: 20240828122943
Version:
  Major: 11
  Minor: 0
  Build: 1002
  SpecialBuildName: ""
  ptArchitecture: aarch64_linux
Results:
  Results Complete: true
  NumTestProcesses: 6
  CPU_INTEGER_MATH: 6144.1033333333326
  CPU_FLOATINGPOINT_MATH: 1663.5225738021886
  CPU_PRIME: 6.1980771807942894
  CPU_SORTING: 2519.2189330408482
  CPU_ENCRYPTION: 169.40652769564306
  CPU_COMPRESSION: 4399.377763991065
  CPU_SINGLETHREAD: 216.98261184309837
  CPU_PHYSICS: 102.55385865120272
  CPU_MATRIX_MULT_SSE: 365.39082875217923
  CPU_mm: 106.25191739503492
  CPU_sse: 256.89671820528156
  CPU_fma: 473.88493929907696
  CPU_avx: 0
  CPU_avx512: 0
  m_CPU_enc_SHA: 253090101.37643251
  m_CPU_enc_AES: 137325001.67867711
  m_CPU_enc_ECDSA: 142491754.49985024
  ME_ALLOC_S: 0
  ME_READ_S: 0
  ME_READ_L: 0
  ME_WRITE: 0
  ME_LARGE: 0
  ME_LATENCY: 0
  ME_THREADED: 0
  SUMM_CPU: 640.30323652865502
  SUMM_ME: 0
SystemInformation:
  OSName: Ubuntu 18.04.6 LTS
  Kernel: 4.9.337-tegra
  Device: quill
  Processor: ARM Cortex-A57 6 Core 2035 MHz
  NumSockets: 2
  Manufacturer: ARM
  NumCores: 6
  NumLogicals: 6
  CPUFrequency: 2035
  Memory: 7850
Checksum: 08893340CF830243423EC0121DCCADE734A6F958