BaselineInfo:
  WebDBID: -1
  TimeStamp: 20240828154119
Version:
  Major: 11
  Minor: 0
  Build: 1002
  SpecialBuildName: ""
  ptArchitecture: aarch64_linux
Results:
  Results Complete: true
  NumTestProcesses: 6
  CPU_INTEGER_MATH: 7945.2786666666652
  CPU_FLOATINGPOINT_MATH: 2154.7074827977153
  CPU_PRIME: 7.8150338055741351
  CPU_SORTING: 3328.5525765165835
  CPU_ENCRYPTION: 221.16225966496501
  CPU_COMPRESSION: 5693.2632330712358
  CPU_SINGLETHREAD: 281.16800542379406
  CPU_PHYSICS: 125.65604869716672
  CPU_MATRIX_MULT_SSE: 473.9335684984859
  CPU_mm: 141.42805325516983
  CPU_sse: 332.59260476193265
  CPU_fma: 615.27453223503926
  CPU_avx: 0
  CPU_avx512: 0
  m_CPU_enc_SHA: 335138466.13984144
  m_CPU_enc_AES: 175177751.86707497
  m_CPU_enc_ECDSA: 185400094.76443464
  ME_ALLOC_S: 0
  ME_READ_S: 0
  ME_READ_L: 0
  ME_WRITE: 0
  ME_LARGE: 0
  ME_LATENCY: 0
  ME_THREADED: 0
  SUMM_CPU: 830.23698889738921
  SUMM_ME: 0
SystemInformation:
  OSName: Ubuntu 18.04.6 LTS
  Kernel: 4.9.337-tegra
  Device: quill
  Processor: ARM Cortex-A57 6 Core 2035 MHz
  NumSockets: 2
  Manufacturer: ARM
  NumCores: 6
  NumLogicals: 6
  CPUFrequency: 2035
  Memory: 7850
Checksum: 9092E20B78DF40B1C264F390536586A908A2BB48