BaselineInfo:
  WebDBID: -1
  TimeStamp: 20240828130616
Version:
  Major: 11
  Minor: 0
  Build: 1002
  SpecialBuildName: ""
  ptArchitecture: aarch64_linux
Results:
  Results Complete: true
  NumTestProcesses: 6
  CPU_INTEGER_MATH: 7073.5880000000006
  CPU_FLOATINGPOINT_MATH: 1908.4760359195423
  CPU_PRIME: 5.6623203565694729
  CPU_SORTING: 2843.8219592260111
  CPU_ENCRYPTION: 195.61203282704787
  CPU_COMPRESSION: 4982.5260544674193
  CPU_SINGLETHREAD: 247.24252455852269
  CPU_PHYSICS: 91.203475344007572
  CPU_MATRIX_MULT_SSE: 422.16371792531311
  CPU_mm: 126.60438759027028
  CPU_sse: 297.76286081360507
  CPU_fma: 546.56457503702109
  CPU_avx: 0
  CPU_avx512: 0
  m_CPU_enc_SHA: 280332379.58059609
  m_CPU_enc_AES: 158115104.95748895
  m_CPU_enc_ECDSA: 176894764.26287866
  ME_ALLOC_S: 0
  ME_READ_S: 0
  ME_READ_L: 0
  ME_WRITE: 0
  ME_LARGE: 0
  ME_LATENCY: 0
  ME_THREADED: 0
  SUMM_CPU: 724.19787878550483
  SUMM_ME: 0
SystemInformation:
  OSName: Ubuntu 18.04.6 LTS
  Kernel: 4.9.337-tegra
  Device: quill
  Processor: ARM Cortex-A57 6 Core 2035 MHz
  NumSockets: 2
  Manufacturer: ARM
  NumCores: 6
  NumLogicals: 6
  CPUFrequency: 2035
  Memory: 7850
Checksum: 1B4E6940A64CB8B8EF064385835FC646EFE5C29B