BaselineInfo:
  WebDBID: -1
  TimeStamp: 20240828145525
Version:
  Major: 11
  Minor: 0
  Build: 1002
  SpecialBuildName: ""
  ptArchitecture: aarch64_linux
Results:
  Results Complete: true
  NumTestProcesses: 6
  CPU_INTEGER_MATH: 6644.7953333333326
  CPU_FLOATINGPOINT_MATH: 1118.7616245056402
  CPU_PRIME: 0.5799938620025421
  CPU_SORTING: 515.40447045222584
  CPU_ENCRYPTION: 154.3099317874092
  CPU_COMPRESSION: 3210.2795015692682
  CPU_SINGLETHREAD: 187.19210738243802
  CPU_PHYSICS: 10.513295700254394
  CPU_MATRIX_MULT_SSE: 401.55210022591672
  CPU_mm: 119.36626478594823
  CPU_sse: 283.92378805244539
  CPU_fma: 519.18041239938805
  CPU_avx: 0
  CPU_avx512: 0
  m_CPU_enc_SHA: 229169193.53258809
  m_CPU_enc_AES: 130522791.82260886
  m_CPU_enc_ECDSA: 125725087.74654615
  ME_ALLOC_S: 0
  ME_READ_S: 0
  ME_READ_L: 0
  ME_WRITE: 0
  ME_LARGE: 0
  ME_LATENCY: 0
  ME_THREADED: 0
  SUMM_CPU: 361.48304848646313
  SUMM_ME: 0
SystemInformation:
  OSName: Ubuntu 18.04.6 LTS
  Kernel: 4.9.337-tegra
  Device: quill
  Processor: ARM Cortex-A57 6 Core 2035 MHz
  NumSockets: 2
  Manufacturer: ARM
  NumCores: 6
  NumLogicals: 6
  CPUFrequency: 2035
  Memory: 7850
Checksum: D7DAA8E2442645D4678C20DD7A376A5BE7D06B45