BaselineInfo:
  WebDBID: -1
  TimeStamp: 20240828135955
Version:
  Major: 11
  Minor: 0
  Build: 1002
  SpecialBuildName: ""
  ptArchitecture: aarch64_linux
Results:
  Results Complete: true
  NumTestProcesses: 6
  CPU_INTEGER_MATH: 7099.8580000000011
  CPU_FLOATINGPOINT_MATH: 1922.0842922232257
  CPU_PRIME: 7.2114492519410209
  CPU_SORTING: 2973.4597624909529
  CPU_ENCRYPTION: 194.55817467144198
  CPU_COMPRESSION: 5236.2049658515052
  CPU_SINGLETHREAD: 251.87697498670764
  CPU_PHYSICS: 117.98440472894816
  CPU_MATRIX_MULT_SSE: 422.11169301007328
  CPU_mm: 127.04046329656634
  CPU_sse: 296.35830759876234
  CPU_fma: 547.86507842138428
  CPU_avx: 0
  CPU_avx512: 0
  m_CPU_enc_SHA: 281532692.90304434
  m_CPU_enc_AES: 155235121.14934209
  m_CPU_enc_ECDSA: 175259283.64045933
  ME_ALLOC_S: 0
  ME_READ_S: 0
  ME_READ_L: 0
  ME_WRITE: 0
  ME_LARGE: 0
  ME_LATENCY: 0
  ME_THREADED: 0
  SUMM_CPU: 745.47510952432822
  SUMM_ME: 0
SystemInformation:
  OSName: Ubuntu 18.04.6 LTS
  Kernel: 4.9.337-tegra
  Device: quill
  Processor: ARM Cortex-A57 6 Core 2035 MHz
  NumSockets: 2
  Manufacturer: ARM
  NumCores: 6
  NumLogicals: 6
  CPUFrequency: 2035
  Memory: 7850
Checksum: 86A8D52C63DC970D8F2AD8D7A37AEB26DB7237AB