BaselineInfo:
  WebDBID: -1
  TimeStamp: 20240828140659
Version:
  Major: 11
  Minor: 0
  Build: 1002
  SpecialBuildName: ""
  ptArchitecture: aarch64_linux
Results:
  Results Complete: true
  NumTestProcesses: 6
  CPU_INTEGER_MATH: 7011.9126666666671
  CPU_FLOATINGPOINT_MATH: 1726.1798694129902
  CPU_PRIME: 2.0565246484601216
  CPU_SORTING: 1669.3286352894711
  CPU_ENCRYPTION: 184.59781290329101
  CPU_COMPRESSION: 4573.6581165637444
  CPU_SINGLETHREAD: 231.65760216442274
  CPU_PHYSICS: 35.561758276015048
  CPU_MATRIX_MULT_SSE: 417.61566103691729
  CPU_mm: 125.97223628806893
  CPU_sse: 291.65085688712026
  CPU_fma: 543.58046518671426
  CPU_avx: 0
  CPU_avx512: 0
  m_CPU_enc_SHA: 276022827.25221246
  m_CPU_enc_AES: 152167514.45952618
  m_CPU_enc_ECDSA: 152504167.07690519
  ME_ALLOC_S: 0
  ME_READ_S: 0
  ME_READ_L: 0
  ME_WRITE: 0
  ME_LARGE: 0
  ME_LATENCY: 0
  ME_THREADED: 0
  SUMM_CPU: 610.93295573112448
  SUMM_ME: 0
SystemInformation:
  OSName: Ubuntu 18.04.6 LTS
  Kernel: 4.9.337-tegra
  Device: quill
  Processor: ARM Cortex-A57 6 Core 2035 MHz
  NumSockets: 2
  Manufacturer: ARM
  NumCores: 6
  NumLogicals: 6
  CPUFrequency: 2035
  Memory: 7850
Checksum: D0EC35EB91222A4CA1336210AE66B9EFF0FFA2DB