BaselineInfo:
  WebDBID: -1
  TimeStamp: 20240827223631
Version:
  Major: 11
  Minor: 0
  Build: 1002
  SpecialBuildName: ""
  ptArchitecture: aarch64_linux
Results:
  Results Complete: true
  NumTestProcesses: 6
  CPU_INTEGER_MATH: 1693.5393333333336
  CPU_FLOATINGPOINT_MATH: 259.31739318186817
  CPU_PRIME: 0
  CPU_SORTING: 115.11694025273007
  CPU_ENCRYPTION: 0.18108855181169531
  CPU_COMPRESSION: 24.069936120235599
  CPU_SINGLETHREAD: 0
  CPU_PHYSICS: 0
  CPU_MATRIX_MULT_SSE: 32.506604577897704
  CPU_mm: 10.344101588043159
  CPU_sse: 23.280146537765873
  CPU_fma: 41.733062618029543
  CPU_avx: 0
  CPU_avx512: 0
  m_CPU_enc_SHA: 0
  m_CPU_enc_AES: 11327483.560597844
  m_CPU_enc_ECDSA: 0
  ME_ALLOC_S: 0
  ME_READ_S: 0
  ME_READ_L: 0
  ME_WRITE: 0
  ME_LARGE: 0
  ME_LATENCY: 0
  ME_THREADED: 0
  SUMM_CPU: 0
  SUMM_ME: 0
SystemInformation:
  OSName: Ubuntu 18.04.6 LTS
  Kernel: 4.9.337-tegra
  Device: quill
  Processor: ARM Cortex-A57 6 Core 2035 MHz
  NumSockets: 2
  Manufacturer: ARM
  NumCores: 6
  NumLogicals: 6
  CPUFrequency: 2035
  Memory: 7850
Checksum: 25A047B57F861AC610C9341B7B8B290FB0AC7F21