BaselineInfo:
  WebDBID: -1
  TimeStamp: 20240828130903
Version:
  Major: 11
  Minor: 0
  Build: 1002
  SpecialBuildName: ""
  ptArchitecture: aarch64_linux
Results:
  Results Complete: true
  NumTestProcesses: 6
  CPU_INTEGER_MATH: 7099.952666666667
  CPU_FLOATINGPOINT_MATH: 1924.9611923739249
  CPU_PRIME: 6.8004651785579382
  CPU_SORTING: 3076.445972947939
  CPU_ENCRYPTION: 197.1926909311299
  CPU_COMPRESSION: 4966.5811967095106
  CPU_SINGLETHREAD: 249.36911477728003
  CPU_PHYSICS: 118.32794070626244
  CPU_MATRIX_MULT_SSE: 418.42101560322124
  CPU_mm: 126.8144247580597
  CPU_sse: 294.96186818576734
  CPU_fma: 541.88016302067501
  CPU_avx: 0
  CPU_avx512: 0
  m_CPU_enc_SHA: 293136876.3949368
  m_CPU_enc_AES: 154526167.38257051
  m_CPU_enc_ECDSA: 172651525.47989404
  ME_ALLOC_S: 0
  ME_READ_S: 0
  ME_READ_L: 0
  ME_WRITE: 0
  ME_LARGE: 0
  ME_LATENCY: 0
  ME_THREADED: 0
  SUMM_CPU: 736.26576990215824
  SUMM_ME: 0
SystemInformation:
  OSName: Ubuntu 18.04.6 LTS
  Kernel: 4.9.337-tegra
  Device: quill
  Processor: ARM Cortex-A57 6 Core 2035 MHz
  NumSockets: 2
  Manufacturer: ARM
  NumCores: 6
  NumLogicals: 6
  CPUFrequency: 2035
  Memory: 7850
Checksum: 6A282C3D4FD35991478940143E30D97D3AE9F63C