BaselineInfo:
  WebDBID: -1
  TimeStamp: 20240828191225
Version:
  Major: 11
  Minor: 0
  Build: 1002
  SpecialBuildName: ""
  ptArchitecture: aarch64_linux
Results:
  Results Complete: true
  NumTestProcesses: 6
  CPU_INTEGER_MATH: 9092.3073333333341
  CPU_FLOATINGPOINT_MATH: 2455.9162189012486
  CPU_PRIME: 7.5893695556201966
  CPU_SORTING: 3636.2440634953582
  CPU_ENCRYPTION: 242.89781780213593
  CPU_COMPRESSION: 6583.2502763649672
  CPU_SINGLETHREAD: 318.88271751474548
  CPU_PHYSICS: 123.52870158965172
  CPU_MATRIX_MULT_SSE: 539.94585311352057
  CPU_mm: 162.40670561584054
  CPU_sse: 380.02249345771753
  CPU_fma: 699.86921276932367
  CPU_avx: 0
  CPU_avx512: 0
  m_CPU_enc_SHA: 342111975.11796993
  m_CPU_enc_AES: 200860808.95117742
  m_CPU_enc_ECDSA: 221117682.5299302
  ME_ALLOC_S: 0
  ME_READ_S: 0
  ME_READ_L: 0
  ME_WRITE: 0
  ME_LARGE: 0
  ME_LATENCY: 0
  ME_THREADED: 0
  SUMM_CPU: 930.48033974586974
  SUMM_ME: 0
SystemInformation:
  OSName: Ubuntu 18.04.6 LTS
  Kernel: 4.9.337-tegra
  Device: quill
  Processor: ARM Cortex-A57 6 Core 2035 MHz
  NumSockets: 2
  Manufacturer: ARM
  NumCores: 6
  NumLogicals: 6
  CPUFrequency: 2035
  Memory: 7850
Checksum: 81E9EDADD0DA866AA0CB93A163E914385B5E095A