BaselineInfo:
  WebDBID: -1
  TimeStamp: 20240828080956
Version:
  Major: 11
  Minor: 0
  Build: 1002
  SpecialBuildName: ""
  ptArchitecture: aarch64_linux
Results:
  Results Complete: true
  NumTestProcesses: 6
  CPU_INTEGER_MATH: 5143.6186666666672
  CPU_FLOATINGPOINT_MATH: 1397.9163270649415
  CPU_PRIME: 5.7320180928026696
  CPU_SORTING: 2162.8563383523569
  CPU_ENCRYPTION: 143.86090402160116
  CPU_COMPRESSION: 3516.0265117999666
  CPU_SINGLETHREAD: 183.15901764760409
  CPU_PHYSICS: 98.218312861665723
  CPU_MATRIX_MULT_SSE: 307.15967334267361
  CPU_mm: 91.919063386154818
  CPU_sse: 215.75742237927813
  CPU_fma: 398.56192430606916
  CPU_avx: 0
  CPU_avx512: 0
  m_CPU_enc_SHA: 217076306.39746886
  m_CPU_enc_AES: 113398974.24502195
  m_CPU_enc_ECDSA: 122071993.24357258
  ME_ALLOC_S: 0
  ME_READ_S: 0
  ME_READ_L: 0
  ME_WRITE: 0
  ME_LARGE: 0
  ME_LATENCY: 0
  ME_THREADED: 0
  SUMM_CPU: 535.19625504866053
  SUMM_ME: 0
SystemInformation:
  OSName: Ubuntu 18.04.6 LTS
  Kernel: 4.9.337-tegra
  Device: quill
  Processor: ARM Cortex-A57 6 Core 2035 MHz
  NumSockets: 2
  Manufacturer: ARM
  NumCores: 6
  NumLogicals: 6
  CPUFrequency: 2035
  Memory: 7850
Checksum: 98D0614D5373F3A25D71BC60F358A4B81E4E34A4