BaselineInfo:
  WebDBID: -1
  TimeStamp: 20240828070707
Version:
  Major: 11
  Minor: 0
  Build: 1002
  SpecialBuildName: ""
  ptArchitecture: aarch64_linux
Results:
  Results Complete: true
  NumTestProcesses: 6
  CPU_INTEGER_MATH: 5100.6399999999994
  CPU_FLOATINGPOINT_MATH: 1349.3573038860268
  CPU_PRIME: 3.3099017909208839
  CPU_SORTING: 1983.5072373415869
  CPU_ENCRYPTION: 143.91576614272569
  CPU_COMPRESSION: 3519.3591772216123
  CPU_SINGLETHREAD: 178.45630522128116
  CPU_PHYSICS: 54.376285847778604
  CPU_MATRIX_MULT_SSE: 303.84110174060692
  CPU_mm: 91.739430156447199
  CPU_sse: 214.60019417889379
  CPU_fma: 393.0820093023201
  CPU_avx: 0
  CPU_avx512: 0
  m_CPU_enc_SHA: 210426725.00868824
  m_CPU_enc_AES: 115093114.41862023
  m_CPU_enc_ECDSA: 127200015.76931567
  ME_ALLOC_S: 0
  ME_READ_S: 0
  ME_READ_L: 0
  ME_WRITE: 0
  ME_LARGE: 0
  ME_LATENCY: 0
  ME_THREADED: 0
  SUMM_CPU: 513.54807069419292
  SUMM_ME: 0
SystemInformation:
  OSName: Ubuntu 18.04.6 LTS
  Kernel: 4.9.337-tegra
  Device: quill
  Processor: ARM Cortex-A57 6 Core 2035 MHz
  NumSockets: 2
  Manufacturer: ARM
  NumCores: 6
  NumLogicals: 6
  CPUFrequency: 2035
  Memory: 7850
Checksum: 337E478B33B414C7885DFA87A5BF26D362773B48