BaselineInfo:
  WebDBID: -1
  TimeStamp: 20240827191203
Version:
  Major: 11
  Minor: 0
  Build: 1002
  SpecialBuildName: ""
  ptArchitecture: aarch64_linux
Results:
  Results Complete: true
  NumTestProcesses: 6
  CPU_INTEGER_MATH: 1859.0166666666667
  CPU_FLOATINGPOINT_MATH: 489.6272428192334
  CPU_PRIME: 1.7893931124649185
  CPU_SORTING: 750.96304776706381
  CPU_ENCRYPTION: 60.859447033386026
  CPU_COMPRESSION: 0
  CPU_SINGLETHREAD: 229.14240278476851
  CPU_PHYSICS: 32.314249344888239
  CPU_MATRIX_MULT_SSE: 111.1831394022099
  CPU_mm: 33.350661820969798
  CPU_sse: 77.189970792652986
  CPU_fma: 145.17630801176679
  CPU_avx: 0
  CPU_avx512: 0
  m_CPU_enc_SHA: 85271122.508173674
  m_CPU_enc_AES: 48175226.361076929
  m_CPU_enc_ECDSA: 58000917.728188746
  ME_ALLOC_S: 0
  ME_READ_S: 0
  ME_READ_L: 0
  ME_WRITE: 0
  ME_LARGE: 0
  ME_LATENCY: 0
  ME_THREADED: 0
  SUMM_CPU: 0
  SUMM_ME: 0
SystemInformation:
  OSName: Ubuntu 18.04.6 LTS
  Kernel: 4.9.337-tegra
  Device: quill
  Processor: ARM Cortex-A57 6 Core 2035 MHz
  NumSockets: 2
  Manufacturer: ARM
  NumCores: 6
  NumLogicals: 6
  CPUFrequency: 2035
  Memory: 7850
Checksum: 5843D0E6B2DC4B732E85E173B452ECE2DD348877