BaselineInfo:
  WebDBID: -1
  TimeStamp: 20240828024642
Version:
  Major: 11
  Minor: 0
  Build: 1002
  SpecialBuildName: ""
  ptArchitecture: aarch64_linux
Results:
  Results Complete: true
  NumTestProcesses: 6
  CPU_INTEGER_MATH: 3137.1113333333333
  CPU_FLOATINGPOINT_MATH: 854.26085429626823
  CPU_PRIME: 3.9969605382163254
  CPU_SORTING: 1328.347744188553
  CPU_ENCRYPTION: 85.89303654367157
  CPU_COMPRESSION: 2124.5430273418142
  CPU_SINGLETHREAD: 113.07507681852991
  CPU_PHYSICS: 71.831896855464549
  CPU_MATRIX_MULT_SSE: 187.68640127693482
  CPU_mm: 56.244176618630924
  CPU_sse: 131.28481134242912
  CPU_fma: 244.08799121144042
  CPU_avx: 0
  CPU_avx512: 0
  m_CPU_enc_SHA: 126708376.48595357
  m_CPU_enc_AES: 64387059.590960838
  m_CPU_enc_ECDSA: 79100693.983536452
  ME_ALLOC_S: 0
  ME_READ_S: 0
  ME_READ_L: 0
  ME_WRITE: 0
  ME_LARGE: 0
  ME_LATENCY: 0
  ME_THREADED: 0
  SUMM_CPU: 325.90912711551766
  SUMM_ME: 0
SystemInformation:
  OSName: Ubuntu 18.04.6 LTS
  Kernel: 4.9.337-tegra
  Device: quill
  Processor: ARM Cortex-A57 6 Core 2035 MHz
  NumSockets: 2
  Manufacturer: ARM
  NumCores: 6
  NumLogicals: 6
  CPUFrequency: 2035
  Memory: 7850
Checksum: 14FF959798CF41DDBBAAC7C0F2B552C4D5927950