BaselineInfo:
  WebDBID: -1
  TimeStamp: 20240828002127
Version:
  Major: 11
  Minor: 0
  Build: 1002
  SpecialBuildName: ""
  ptArchitecture: aarch64_linux
Results:
  Results Complete: true
  NumTestProcesses: 6
  CPU_INTEGER_MATH: 3140.5666666666662
  CPU_FLOATINGPOINT_MATH: 853.98915737423272
  CPU_PRIME: 3.9891376448370925
  CPU_SORTING: 1304.4326695973436
  CPU_ENCRYPTION: 85.643691367352844
  CPU_COMPRESSION: 2143.5700721377334
  CPU_SINGLETHREAD: 113.51436380992243
  CPU_PHYSICS: 63.929824782653597
  CPU_MATRIX_MULT_SSE: 187.05819965106124
  CPU_mm: 56.167211629876931
  CPU_sse: 132.08284235864795
  CPU_fma: 242.03355694347459
  CPU_avx: 0
  CPU_avx512: 0
  m_CPU_enc_SHA: 132885992.18307632
  m_CPU_enc_AES: 65108486.707791038
  m_CPU_enc_ECDSA: 71417279.066772744
  ME_ALLOC_S: 0
  ME_READ_S: 0
  ME_READ_L: 0
  ME_WRITE: 0
  ME_LARGE: 0
  ME_LATENCY: 0
  ME_THREADED: 0
  SUMM_CPU: 325.42176116955017
  SUMM_ME: 0
SystemInformation:
  OSName: Ubuntu 18.04.6 LTS
  Kernel: 4.9.337-tegra
  Device: quill
  Processor: ARM Cortex-A57 6 Core 2035 MHz
  NumSockets: 2
  Manufacturer: ARM
  NumCores: 6
  NumLogicals: 6
  CPUFrequency: 2035
  Memory: 7850
Checksum: F0A8A0287B6ABEF339391E7C9991268A3321E16E