BaselineInfo:
  WebDBID: -1
  TimeStamp: 20240828125425
Version:
  Major: 11
  Minor: 0
  Build: 1002
  SpecialBuildName: ""
  ptArchitecture: aarch64_linux
Results:
  Results Complete: true
  NumTestProcesses: 6
  CPU_INTEGER_MATH: 7088.9240000000009
  CPU_FLOATINGPOINT_MATH: 1919.6373911172643
  CPU_PRIME: 6.1186623057624363
  CPU_SORTING: 2925.3264837501924
  CPU_ENCRYPTION: 194.91884782314818
  CPU_COMPRESSION: 4904.7817593368109
  CPU_SINGLETHREAD: 248.24041841382802
  CPU_PHYSICS: 103.45760596911138
  CPU_MATRIX_MULT_SSE: 422.85574092624034
  CPU_mm: 126.97634806385361
  CPU_sse: 296.04224984306455
  CPU_fma: 549.66923200941619
  CPU_avx: 0
  CPU_avx512: 0
  m_CPU_enc_SHA: 290613168.75154233
  m_CPU_enc_AES: 151742215.55580863
  m_CPU_enc_ECDSA: 170806293.01766527
  ME_ALLOC_S: 0
  ME_READ_S: 0
  ME_READ_L: 0
  ME_WRITE: 0
  ME_LARGE: 0
  ME_LATENCY: 0
  ME_THREADED: 0
  SUMM_CPU: 726.05065294313931
  SUMM_ME: 0
SystemInformation:
  OSName: Ubuntu 18.04.6 LTS
  Kernel: 4.9.337-tegra
  Device: quill
  Processor: ARM Cortex-A57 6 Core 2035 MHz
  NumSockets: 2
  Manufacturer: ARM
  NumCores: 6
  NumLogicals: 6
  CPUFrequency: 2035
  Memory: 7850
Checksum: E07BD6B9AD69D5E9B095B4A6CCC4BFB4CD647CA6