BaselineInfo:
  WebDBID: -1
  TimeStamp: 20240828053946
Version:
  Major: 11
  Minor: 0
  Build: 1002
  SpecialBuildName: ""
  ptArchitecture: aarch64_linux
Results:
  Results Complete: true
  NumTestProcesses: 6
  CPU_INTEGER_MATH: 4136.6493333333337
  CPU_FLOATINGPOINT_MATH: 1116.39174771851
  CPU_PRIME: 4.7032209319766762
  CPU_SORTING: 1765.0566737025263
  CPU_ENCRYPTION: 113.24238719090968
  CPU_COMPRESSION: 2807.7504946223662
  CPU_SINGLETHREAD: 148.04629827166093
  CPU_PHYSICS: 80.760798282059753
  CPU_MATRIX_MULT_SSE: 245.55733533216701
  CPU_mm: 74.277514486199081
  CPU_sse: 173.05221391092255
  CPU_fma: 318.06245675341148
  CPU_avx: 0
  CPU_avx512: 0
  m_CPU_enc_SHA: 170587728.84242871
  m_CPU_enc_AES: 90799043.221592009
  m_CPU_enc_ECDSA: 94842976.109265238
  ME_ALLOC_S: 0
  ME_READ_S: 0
  ME_READ_L: 0
  ME_WRITE: 0
  ME_LARGE: 0
  ME_LATENCY: 0
  ME_THREADED: 0
  SUMM_CPU: 426.92854073193433
  SUMM_ME: 0
SystemInformation:
  OSName: Ubuntu 18.04.6 LTS
  Kernel: 4.9.337-tegra
  Device: quill
  Processor: ARM Cortex-A57 6 Core 2035 MHz
  NumSockets: 2
  Manufacturer: ARM
  NumCores: 6
  NumLogicals: 6
  CPUFrequency: 2035
  Memory: 7850
Checksum: 25ED9E7222FA42DBE148B5A84AC86D99651B78BF