BaselineInfo:
  WebDBID: -1
  TimeStamp: 20240828030436
Version:
  Major: 11
  Minor: 0
  Build: 1002
  SpecialBuildName: ""
  ptArchitecture: aarch64_linux
Results:
  Results Complete: true
  NumTestProcesses: 6
  CPU_INTEGER_MATH: 3143.4540000000002
  CPU_FLOATINGPOINT_MATH: 850.13527019649905
  CPU_PRIME: 4.0810719535224287
  CPU_SORTING: 1276.5653491445373
  CPU_ENCRYPTION: 88.982829023508245
  CPU_COMPRESSION: 2138.0036523336439
  CPU_SINGLETHREAD: 112.9687220023356
  CPU_PHYSICS: 70.505026940267285
  CPU_MATRIX_MULT_SSE: 187.08159082195306
  CPU_mm: 56.296221765955472
  CPU_sse: 131.54426462389094
  CPU_fma: 242.61891702001512
  CPU_avx: 0
  CPU_avx512: 0
  m_CPU_enc_SHA: 127360412.23277728
  m_CPU_enc_AES: 69586371.298790678
  m_CPU_enc_ECDSA: 82968993.246894583
  ME_ALLOC_S: 0
  ME_READ_S: 0
  ME_READ_L: 0
  ME_WRITE: 0
  ME_LARGE: 0
  ME_LATENCY: 0
  ME_THREADED: 0
  SUMM_CPU: 329.01196573143858
  SUMM_ME: 0
SystemInformation:
  OSName: Ubuntu 18.04.6 LTS
  Kernel: 4.9.337-tegra
  Device: quill
  Processor: ARM Cortex-A57 6 Core 2035 MHz
  NumSockets: 2
  Manufacturer: ARM
  NumCores: 6
  NumLogicals: 6
  CPUFrequency: 2035
  Memory: 7850
Checksum: D71A348036626583BC18F347F2F2C24025216C16