BaselineInfo:
  WebDBID: -1
  TimeStamp: 20240828121420
Version:
  Major: 11
  Minor: 0
  Build: 1002
  SpecialBuildName: ""
  ptArchitecture: aarch64_linux
Results:
  Results Complete: true
  NumTestProcesses: 6
  CPU_INTEGER_MATH: 6101.7400000000007
  CPU_FLOATINGPOINT_MATH: 1643.2757747919034
  CPU_PRIME: 5.2909344661270676
  CPU_SORTING: 2496.2990038450575
  CPU_ENCRYPTION: 170.90123435981459
  CPU_COMPRESSION: 4162.1849115929926
  CPU_SINGLETHREAD: 215.37050797518916
  CPU_PHYSICS: 87.690560629490221
  CPU_MATRIX_MULT_SSE: 366.25720818427368
  CPU_mm: 109.61539484026207
  CPU_sse: 258.16176146715446
  CPU_fma: 474.35265490139284
  CPU_avx: 0
  CPU_avx512: 0
  m_CPU_enc_SHA: 261867990.75809169
  m_CPU_enc_AES: 133854364.94748659
  m_CPU_enc_ECDSA: 141886442.45465264
  ME_ALLOC_S: 0
  ME_READ_S: 0
  ME_READ_L: 0
  ME_WRITE: 0
  ME_LARGE: 0
  ME_LATENCY: 0
  ME_THREADED: 0
  SUMM_CPU: 625.7247787882045
  SUMM_ME: 0
SystemInformation:
  OSName: Ubuntu 18.04.6 LTS
  Kernel: 4.9.337-tegra
  Device: quill
  Processor: ARM Cortex-A57 6 Core 2035 MHz
  NumSockets: 2
  Manufacturer: ARM
  NumCores: 6
  NumLogicals: 6
  CPUFrequency: 2035
  Memory: 7850
Checksum: EBF785CD2D8586188AA5C7AEE138A7EDFD1FF486