BaselineInfo:
  WebDBID: -1
  TimeStamp: 20240828192551
Version:
  Major: 11
  Minor: 0
  Build: 1002
  SpecialBuildName: ""
  ptArchitecture: aarch64_linux
Results:
  Results Complete: true
  NumTestProcesses: 6
  CPU_INTEGER_MATH: 9095.9046666666673
  CPU_FLOATINGPOINT_MATH: 2475.8460585618209
  CPU_PRIME: 8.0524077068791016
  CPU_SORTING: 3748.351640975538
  CPU_ENCRYPTION: 254.12743172505731
  CPU_COMPRESSION: 6427.9207088521625
  CPU_SINGLETHREAD: 319.93650101313983
  CPU_PHYSICS: 132.95285604429327
  CPU_MATRIX_MULT_SSE: 540.39278884292753
  CPU_mm: 162.81735742964094
  CPU_sse: 382.09659538433436
  CPU_fma: 698.68898230152081
  CPU_avx: 0
  CPU_avx512: 0
  m_CPU_enc_SHA: 383176540.68031812
  m_CPU_enc_AES: 200229824.22792655
  m_CPU_enc_ECDSA: 216009412.63735649
  ME_ALLOC_S: 0
  ME_READ_S: 0
  ME_READ_L: 0
  ME_WRITE: 0
  ME_LARGE: 0
  ME_LATENCY: 0
  ME_THREADED: 0
  SUMM_CPU: 942.15719268390478
  SUMM_ME: 0
SystemInformation:
  OSName: Ubuntu 18.04.6 LTS
  Kernel: 4.9.337-tegra
  Device: quill
  Processor: ARM Cortex-A57 6 Core 2035 MHz
  NumSockets: 2
  Manufacturer: ARM
  NumCores: 6
  NumLogicals: 6
  CPUFrequency: 2035
  Memory: 7850
Checksum: EC8CF7D0ADE325402FFBF08626AE4710337D8EB1