BaselineInfo:
  WebDBID: -1
  TimeStamp: 20240828084737
Version:
  Major: 11
  Minor: 0
  Build: 1002
  SpecialBuildName: ""
  ptArchitecture: aarch64_linux
Results:
  Results Complete: true
  NumTestProcesses: 6
  CPU_INTEGER_MATH: 5105.326
  CPU_FLOATINGPOINT_MATH: 1318.0758177220812
  CPU_PRIME: 3.3293753810356508
  CPU_SORTING: 1850.0639158636482
  CPU_ENCRYPTION: 143.18610773446039
  CPU_COMPRESSION: 3500.8692547718529
  CPU_SINGLETHREAD: 178.49457854837223
  CPU_PHYSICS: 57.1329709585535
  CPU_MATRIX_MULT_SSE: 305.43080605823502
  CPU_mm: 91.153941576219665
  CPU_sse: 215.57435544996861
  CPU_fma: 395.28725666650138
  CPU_avx: 0
  CPU_avx512: 0
  m_CPU_enc_SHA: 210613277.90070823
  m_CPU_enc_AES: 105112837.91651589
  m_CPU_enc_ECDSA: 134698432.49408454
  ME_ALLOC_S: 0
  ME_READ_S: 0
  ME_READ_L: 0
  ME_WRITE: 0
  ME_LARGE: 0
  ME_LATENCY: 0
  ME_THREADED: 0
  SUMM_CPU: 510.70424828598652
  SUMM_ME: 0
SystemInformation:
  OSName: Ubuntu 18.04.6 LTS
  Kernel: 4.9.337-tegra
  Device: quill
  Processor: ARM Cortex-A57 6 Core 2035 MHz
  NumSockets: 2
  Manufacturer: ARM
  NumCores: 6
  NumLogicals: 6
  CPUFrequency: 2035
  Memory: 7850
Checksum: A0BF76989FCAAF744980D2BF6540541E4B655204