BaselineInfo:
  WebDBID: -1
  TimeStamp: 20240827192619
Version:
  Major: 11
  Minor: 0
  Build: 1002
  SpecialBuildName: ""
  ptArchitecture: aarch64_linux
Results:
  Results Complete: true
  NumTestProcesses: 6
  CPU_INTEGER_MATH: 1751.2386666666666
  CPU_FLOATINGPOINT_MATH: 349.89501917209429
  CPU_PRIME: 0.49727647421691723
  CPU_SORTING: 431.67935014200447
  CPU_ENCRYPTION: 47.394196791150776
  CPU_COMPRESSION: 0
  CPU_SINGLETHREAD: 177.7821363877224
  CPU_PHYSICS: 8.492195553505562
  CPU_MATRIX_MULT_SSE: 102.69918229021521
  CPU_mm: 32.141755880847079
  CPU_sse: 71.103910108087703
  CPU_fma: 134.29445447234272
  CPU_avx: 0
  CPU_avx512: 0
  m_CPU_enc_SHA: 63594632.449193843
  m_CPU_enc_AES: 41244602.743671343
  m_CPU_enc_ECDSA: 44250016.69056797
  ME_ALLOC_S: 0
  ME_READ_S: 0
  ME_READ_L: 0
  ME_WRITE: 0
  ME_LARGE: 0
  ME_LATENCY: 0
  ME_THREADED: 0
  SUMM_CPU: 0
  SUMM_ME: 0
SystemInformation:
  OSName: Ubuntu 18.04.6 LTS
  Kernel: 4.9.337-tegra
  Device: quill
  Processor: ARM Cortex-A57 6 Core 2035 MHz
  NumSockets: 2
  Manufacturer: ARM
  NumCores: 6
  NumLogicals: 6
  CPUFrequency: 2035
  Memory: 7850
Checksum: 689F89A70D5B531CFA68BA68EACB5B31658E71F6