BaselineInfo:
  WebDBID: -1
  TimeStamp: 20240828161400
Version:
  Major: 11
  Minor: 0
  Build: 1002
  SpecialBuildName: ""
  ptArchitecture: aarch64_linux
Results:
  Results Complete: true
  NumTestProcesses: 6
  CPU_INTEGER_MATH: 7913.5179999999991
  CPU_FLOATINGPOINT_MATH: 2105.4299917053149
  CPU_PRIME: 5.0326149144346566
  CPU_SORTING: 3074.3981599778399
  CPU_ENCRYPTION: 217.45509331157118
  CPU_COMPRESSION: 5592.3086996260527
  CPU_SINGLETHREAD: 276.02850941584296
  CPU_PHYSICS: 90.072631491778168
  CPU_MATRIX_MULT_SSE: 468.92502261472583
  CPU_mm: 140.42715425384631
  CPU_sse: 333.35463686016556
  CPU_fma: 604.495408369286
  CPU_avx: 0
  CPU_avx512: 0
  m_CPU_enc_SHA: 318176479.81423891
  m_CPU_enc_AES: 175578669.95139474
  m_CPU_enc_ECDSA: 190299426.00718862
  ME_ALLOC_S: 0
  ME_READ_S: 0
  ME_READ_L: 0
  ME_WRITE: 0
  ME_LARGE: 0
  ME_LATENCY: 0
  ME_THREADED: 0
  SUMM_CPU: 797.08892846200479
  SUMM_ME: 0
SystemInformation:
  OSName: Ubuntu 18.04.6 LTS
  Kernel: 4.9.337-tegra
  Device: quill
  Processor: ARM Cortex-A57 6 Core 2035 MHz
  NumSockets: 2
  Manufacturer: ARM
  NumCores: 6
  NumLogicals: 6
  CPUFrequency: 2035
  Memory: 7850
Checksum: 31CF686BE87ABF2EC3A307EEB0A01975A5D8EAA9