BaselineInfo:
  WebDBID: -1
  TimeStamp: 20240828031330
Version:
  Major: 11
  Minor: 0
  Build: 1002
  SpecialBuildName: ""
  ptArchitecture: aarch64_linux
Results:
  Results Complete: true
  NumTestProcesses: 6
  CPU_INTEGER_MATH: 4085.813333333333
  CPU_FLOATINGPOINT_MATH: 1008.7292070639943
  CPU_PRIME: 1.7938207952922556
  CPU_SORTING: 1317.5536264300551
  CPU_ENCRYPTION: 113.25847208356957
  CPU_COMPRESSION: 2655.1478052826405
  CPU_SINGLETHREAD: 140.13496912149961
  CPU_PHYSICS: 31.271634405089294
  CPU_MATRIX_MULT_SSE: 242.29837210392293
  CPU_mm: 73.135045945343663
  CPU_sse: 171.45641663240315
  CPU_fma: 313.14032757544283
  CPU_avx: 0
  CPU_avx512: 0
  m_CPU_enc_SHA: 170315806.98908541
  m_CPU_enc_AES: 90657673.996898979
  m_CPU_enc_ECDSA: 95306865.884518743
  ME_ALLOC_S: 0
  ME_READ_S: 0
  ME_READ_L: 0
  ME_WRITE: 0
  ME_LARGE: 0
  ME_LATENCY: 0
  ME_THREADED: 0
  SUMM_CPU: 384.27434519788841
  SUMM_ME: 0
SystemInformation:
  OSName: Ubuntu 18.04.6 LTS
  Kernel: 4.9.337-tegra
  Device: quill
  Processor: ARM Cortex-A57 6 Core 2035 MHz
  NumSockets: 2
  Manufacturer: ARM
  NumCores: 6
  NumLogicals: 6
  CPUFrequency: 2035
  Memory: 7850
Checksum: 64E6D90A64D3287852CDF741272EF4790F226C72