BaselineInfo:
  WebDBID: -1
  TimeStamp: 20240828022425
Version:
  Major: 11
  Minor: 0
  Build: 1002
  SpecialBuildName: ""
  ptArchitecture: aarch64_linux
Results:
  Results Complete: true
  NumTestProcesses: 6
  CPU_INTEGER_MATH: 3134.6026666666667
  CPU_FLOATINGPOINT_MATH: 844.23643140441823
  CPU_PRIME: 3.5424257413960549
  CPU_SORTING: 1333.4718062612303
  CPU_ENCRYPTION: 83.464423585214192
  CPU_COMPRESSION: 2110.3883275033122
  CPU_SINGLETHREAD: 112.09819582614642
  CPU_PHYSICS: 61.987581502615392
  CPU_MATRIX_MULT_SSE: 187.26923696398464
  CPU_mm: 55.808638514751806
  CPU_sse: 131.33158421031609
  CPU_fma: 243.20688971765318
  CPU_avx: 0
  CPU_avx512: 0
  m_CPU_enc_SHA: 119646595.30932942
  m_CPU_enc_AES: 71883573.156253114
  m_CPU_enc_ECDSA: 71026205.810286149
  ME_ALLOC_S: 0
  ME_READ_S: 0
  ME_READ_L: 0
  ME_WRITE: 0
  ME_LARGE: 0
  ME_LATENCY: 0
  ME_THREADED: 0
  SUMM_CPU: 320.38194333743644
  SUMM_ME: 0
SystemInformation:
  OSName: Ubuntu 18.04.6 LTS
  Kernel: 4.9.337-tegra
  Device: quill
  Processor: ARM Cortex-A57 6 Core 2035 MHz
  NumSockets: 2
  Manufacturer: ARM
  NumCores: 6
  NumLogicals: 6
  CPUFrequency: 2035
  Memory: 7850
Checksum: AA30D8AFE0B7D61312D622803417486DCB09EC6A