BaselineInfo:
  WebDBID: -1
  TimeStamp: 20240828125329
Version:
  Major: 11
  Minor: 0
  Build: 1002
  SpecialBuildName: ""
  ptArchitecture: aarch64_linux
Results:
  Results Complete: true
  NumTestProcesses: 6
  CPU_INTEGER_MATH: 7077.043333333334
  CPU_FLOATINGPOINT_MATH: 1910.2094814803675
  CPU_PRIME: 5.5262370836504022
  CPU_SORTING: 2792.1522519941573
  CPU_ENCRYPTION: 193.9525369589862
  CPU_COMPRESSION: 4937.4144854672331
  CPU_SINGLETHREAD: 248.87467171171406
  CPU_PHYSICS: 92.824340066158371
  CPU_MATRIX_MULT_SSE: 421.39992650488819
  CPU_mm: 126.27117394280286
  CPU_sse: 298.09463031642701
  CPU_fma: 544.70522269334947
  CPU_avx: 0
  CPU_avx512: 0
  m_CPU_enc_SHA: 290460773.27445686
  m_CPU_enc_AES: 153464743.01652351
  m_CPU_enc_ECDSA: 166196409.8919374
  ME_ALLOC_S: 0
  ME_READ_S: 0
  ME_READ_L: 0
  ME_WRITE: 0
  ME_LARGE: 0
  ME_LATENCY: 0
  ME_THREADED: 0
  SUMM_CPU: 719.95315744906975
  SUMM_ME: 0
SystemInformation:
  OSName: Ubuntu 18.04.6 LTS
  Kernel: 4.9.337-tegra
  Device: quill
  Processor: ARM Cortex-A57 6 Core 2035 MHz
  NumSockets: 2
  Manufacturer: ARM
  NumCores: 6
  NumLogicals: 6
  CPUFrequency: 2035
  Memory: 7850
Checksum: B2304C0E3EC2777AD30E61A8ED04C845D53E0559