BaselineInfo:
  WebDBID: -1
  TimeStamp: 20240828084843
Version:
  Major: 11
  Minor: 0
  Build: 1002
  SpecialBuildName: ""
  ptArchitecture: aarch64_linux
Results:
  Results Complete: true
  NumTestProcesses: 6
  CPU_INTEGER_MATH: 5125.6793333333335
  CPU_FLOATINGPOINT_MATH: 1373.3644627789492
  CPU_PRIME: 4.2956498658055979
  CPU_SORTING: 2079.5672301009899
  CPU_ENCRYPTION: 138.84609007373143
  CPU_COMPRESSION: 3522.0388510335983
  CPU_SINGLETHREAD: 180.85914162486461
  CPU_PHYSICS: 74.396592127608301
  CPU_MATRIX_MULT_SSE: 305.26288431055974
  CPU_mm: 91.56023609373571
  CPU_sse: 216.15502121250364
  CPU_fma: 394.37074740861578
  CPU_avx: 0
  CPU_avx512: 0
  m_CPU_enc_SHA: 208193095.53812689
  m_CPU_enc_AES: 113747796.03152624
  m_CPU_enc_ECDSA: 114831141.665806
  ME_ALLOC_S: 0
  ME_READ_S: 0
  ME_READ_L: 0
  ME_WRITE: 0
  ME_LARGE: 0
  ME_LATENCY: 0
  ME_THREADED: 0
  SUMM_CPU: 520.34132525448319
  SUMM_ME: 0
SystemInformation:
  OSName: Ubuntu 18.04.6 LTS
  Kernel: 4.9.337-tegra
  Device: quill
  Processor: ARM Cortex-A57 6 Core 2035 MHz
  NumSockets: 2
  Manufacturer: ARM
  NumCores: 6
  NumLogicals: 6
  CPUFrequency: 2035
  Memory: 7850
Checksum: 361A030EC69FBF38E69F949B53D6B76B3E058832