BaselineInfo:
  WebDBID: -1
  TimeStamp: 20240828125710
Version:
  Major: 11
  Minor: 0
  Build: 1002
  SpecialBuildName: ""
  ptArchitecture: aarch64_linux
Results:
  Results Complete: true
  NumTestProcesses: 6
  CPU_INTEGER_MATH: 7090.8646666666664
  CPU_FLOATINGPOINT_MATH: 1927.7718128033005
  CPU_PRIME: 7.1872304946677339
  CPU_SORTING: 2966.3871493570177
  CPU_ENCRYPTION: 195.64316692605775
  CPU_COMPRESSION: 5138.1504583375954
  CPU_SINGLETHREAD: 249.87619631553386
  CPU_PHYSICS: 118.23962350543006
  CPU_MATRIX_MULT_SSE: 422.86996780320874
  CPU_mm: 126.51507221987718
  CPU_sse: 297.40400570187916
  CPU_fma: 548.33592990453838
  CPU_avx: 0
  CPU_avx512: 0
  m_CPU_enc_SHA: 286887178.48712534
  m_CPU_enc_AES: 157769310.60475969
  m_CPU_enc_ECDSA: 170783699.11608887
  ME_ALLOC_S: 0
  ME_READ_S: 0
  ME_READ_L: 0
  ME_WRITE: 0
  ME_LARGE: 0
  ME_LATENCY: 0
  ME_THREADED: 0
  SUMM_CPU: 742.83806845811421
  SUMM_ME: 0
SystemInformation:
  OSName: Ubuntu 18.04.6 LTS
  Kernel: 4.9.337-tegra
  Device: quill
  Processor: ARM Cortex-A57 6 Core 2035 MHz
  NumSockets: 2
  Manufacturer: ARM
  NumCores: 6
  NumLogicals: 6
  CPUFrequency: 2035
  Memory: 7850
Checksum: 0647E794D2EE87E17D8990F67724EB3DD97D4DA6