BaselineInfo:
  WebDBID: -1
  TimeStamp: 20240828110006
Version:
  Major: 11
  Minor: 0
  Build: 1002
  SpecialBuildName: ""
  ptArchitecture: aarch64_linux
Results:
  Results Complete: true
  NumTestProcesses: 6
  CPU_INTEGER_MATH: 5470.1239999999998
  CPU_FLOATINGPOINT_MATH: 841.8801517971807
  CPU_PRIME: 0
  CPU_SORTING: 95.559609317744815
  CPU_ENCRYPTION: 61.346168642026001
  CPU_COMPRESSION: 1663.6522067873589
  CPU_SINGLETHREAD: 145.83083050914735
  CPU_PHYSICS: 5.3862759337871058
  CPU_MATRIX_MULT_SSE: 326.33793444430808
  CPU_mm: 101.37600765233952
  CPU_sse: 225.10962926317799
  CPU_fma: 427.56623962543813
  CPU_avx: 0
  CPU_avx512: 0
  m_CPU_enc_SHA: 149630736.4774574
  m_CPU_enc_AES: 95201603.669512704
  m_CPU_enc_ECDSA: 36705226.713063821
  ME_ALLOC_S: 0
  ME_READ_S: 0
  ME_READ_L: 0
  ME_WRITE: 0
  ME_LARGE: 0
  ME_LATENCY: 0
  ME_THREADED: 0
  SUMM_CPU: 0
  SUMM_ME: 0
SystemInformation:
  OSName: Ubuntu 18.04.6 LTS
  Kernel: 4.9.337-tegra
  Device: quill
  Processor: ARM Cortex-A57 6 Core 2035 MHz
  NumSockets: 2
  Manufacturer: ARM
  NumCores: 6
  NumLogicals: 6
  CPUFrequency: 2035
  Memory: 7850
Checksum: FE3A861E292F547A75CDEFF7CD654DCFEF23E8B3