BaselineInfo:
  WebDBID: -1
  TimeStamp: 20240827204353
Version:
  Major: 11
  Minor: 0
  Build: 1002
  SpecialBuildName: ""
  ptArchitecture: aarch64_linux
Results:
  Results Complete: true
  NumTestProcesses: 6
  CPU_INTEGER_MATH: 1712.4726666666666
  CPU_FLOATINGPOINT_MATH: 358.95437435958348
  CPU_PRIME: 0.47477064298400734
  CPU_SORTING: 438.51630799316268
  CPU_ENCRYPTION: 51.791757893930772
  CPU_COMPRESSION: 0
  CPU_SINGLETHREAD: 169.14894137732506
  CPU_PHYSICS: 8.1898319690263222
  CPU_MATRIX_MULT_SSE: 107.54060742005487
  CPU_mm: 29.131239118833872
  CPU_sse: 76.671895432137902
  CPU_fma: 138.40931940797188
  CPU_avx: 0
  CPU_avx512: 0
  m_CPU_enc_SHA: 74086778.531990394
  m_CPU_enc_AES: 45259472.402956635
  m_CPU_enc_ECDSA: 43576532.041212022
  ME_ALLOC_S: 0
  ME_READ_S: 0
  ME_READ_L: 0
  ME_WRITE: 0
  ME_LARGE: 0
  ME_LATENCY: 0
  ME_THREADED: 0
  SUMM_CPU: 0
  SUMM_ME: 0
SystemInformation:
  OSName: Ubuntu 18.04.6 LTS
  Kernel: 4.9.337-tegra
  Device: quill
  Processor: ARM Cortex-A57 6 Core 2035 MHz
  NumSockets: 2
  Manufacturer: ARM
  NumCores: 6
  NumLogicals: 6
  CPUFrequency: 2035
  Memory: 7850
Checksum: BDCC384F5FCB92A92EBEF3B84385A07CAE06587A