BaselineInfo:
  WebDBID: -1
  TimeStamp: 20240828081515
Version:
  Major: 11
  Minor: 0
  Build: 1002
  SpecialBuildName: ""
  ptArchitecture: aarch64_linux
Results:
  Results Complete: true
  NumTestProcesses: 6
  CPU_INTEGER_MATH: 4848.732
  CPU_FLOATINGPOINT_MATH: 971.90165953761618
  CPU_PRIME: 0.57645445782908444
  CPU_SORTING: 520.16072552736023
  CPU_ENCRYPTION: 120.30749207367808
  CPU_COMPRESSION: 2524.6363527071762
  CPU_SINGLETHREAD: 147.18499924747425
  CPU_PHYSICS: 9.920403664109859
  CPU_MATRIX_MULT_SSE: 290.93503661254204
  CPU_mm: 87.651121822921411
  CPU_sse: 205.11126850911978
  CPU_fma: 376.75880471596429
  CPU_avx: 0
  CPU_avx512: 0
  m_CPU_enc_SHA: 178432080.50369105
  m_CPU_enc_AES: 100050535.26101558
  m_CPU_enc_ECDSA: 99972030.661240533
  ME_ALLOC_S: 0
  ME_READ_S: 0
  ME_READ_L: 0
  ME_WRITE: 0
  ME_LARGE: 0
  ME_LATENCY: 0
  ME_THREADED: 0
  SUMM_CPU: 307.35942954263544
  SUMM_ME: 0
SystemInformation:
  OSName: Ubuntu 18.04.6 LTS
  Kernel: 4.9.337-tegra
  Device: quill
  Processor: ARM Cortex-A57 6 Core 2035 MHz
  NumSockets: 2
  Manufacturer: ARM
  NumCores: 6
  NumLogicals: 6
  CPUFrequency: 2035
  Memory: 7850
Checksum: 7AA8337696C0E94E548857128226183CA982E56B