BaselineInfo:
  WebDBID: -1
  TimeStamp: 20240828054209
Version:
  Major: 11
  Minor: 0
  Build: 1002
  SpecialBuildName: ""
  ptArchitecture: aarch64_linux
Results:
  Results Complete: true
  NumTestProcesses: 6
  CPU_INTEGER_MATH: 4131.8686666666672
  CPU_FLOATINGPOINT_MATH: 1121.1444919773878
  CPU_PRIME: 4.8962897361159268
  CPU_SORTING: 1773.3547251840764
  CPU_ENCRYPTION: 117.87572675289576
  CPU_COMPRESSION: 2817.6064464049527
  CPU_SINGLETHREAD: 147.46904933501003
  CPU_PHYSICS: 84.671854428050139
  CPU_MATRIX_MULT_SSE: 246.63016538696957
  CPU_mm: 74.018076741755706
  CPU_sse: 173.61713657261927
  CPU_fma: 319.64319420131983
  CPU_avx: 0
  CPU_avx512: 0
  m_CPU_enc_SHA: 175638587.32041204
  m_CPU_enc_AES: 90373469.724071622
  m_CPU_enc_ECDSA: 104792917.12244958
  ME_ALLOC_S: 0
  ME_READ_S: 0
  ME_READ_L: 0
  ME_WRITE: 0
  ME_LARGE: 0
  ME_LATENCY: 0
  ME_THREADED: 0
  SUMM_CPU: 433.51929536347308
  SUMM_ME: 0
SystemInformation:
  OSName: Ubuntu 18.04.6 LTS
  Kernel: 4.9.337-tegra
  Device: quill
  Processor: ARM Cortex-A57 6 Core 2035 MHz
  NumSockets: 2
  Manufacturer: ARM
  NumCores: 6
  NumLogicals: 6
  CPUFrequency: 2035
  Memory: 7850
Checksum: C06660BB821D476C777EBF0591BC10C4129BB4E1