BaselineInfo:
  WebDBID: -1
  TimeStamp: 20240828200750
Version:
  Major: 11
  Minor: 0
  Build: 1002
  SpecialBuildName: ""
  ptArchitecture: aarch64_linux
Results:
  Results Complete: true
  NumTestProcesses: 6
  CPU_INTEGER_MATH: 9006.8706666666676
  CPU_FLOATINGPOINT_MATH: 2367.271681168254
  CPU_PRIME: 3.9657502384902195
  CPU_SORTING: 2859.0728970689761
  CPU_ENCRYPTION: 251.25818339999483
  CPU_COMPRESSION: 6257.9623936701482
  CPU_SINGLETHREAD: 305.19552748977992
  CPU_PHYSICS: 67.415582182260806
  CPU_MATRIX_MULT_SSE: 540.57904251026116
  CPU_mm: 162.09343298808079
  CPU_sse: 379.32344485712611
  CPU_fma: 701.83464016339644
  CPU_avx: 0
  CPU_avx512: 0
  m_CPU_enc_SHA: 361246706.44123745
  m_CPU_enc_AES: 198973196.26542175
  m_CPU_enc_ECDSA: 230170000.04383987
  ME_ALLOC_S: 0
  ME_READ_S: 0
  ME_READ_L: 0
  ME_WRITE: 0
  ME_LARGE: 0
  ME_LATENCY: 0
  ME_THREADED: 0
  SUMM_CPU: 868.7660481076764
  SUMM_ME: 0
SystemInformation:
  OSName: Ubuntu 18.04.6 LTS
  Kernel: 4.9.337-tegra
  Device: quill
  Processor: ARM Cortex-A57 6 Core 2035 MHz
  NumSockets: 2
  Manufacturer: ARM
  NumCores: 6
  NumLogicals: 6
  CPUFrequency: 2035
  Memory: 7850
Checksum: 7E65A937A2AF80CCC29AC50B5B6478450872EFA1