BaselineInfo:
  WebDBID: -1
  TimeStamp: 20240827195502
Version:
  Major: 11
  Minor: 0
  Build: 1002
  SpecialBuildName: ""
  ptArchitecture: aarch64_linux
Results:
  Results Complete: true
  NumTestProcesses: 6
  CPU_INTEGER_MATH: 2142.0226666666667
  CPU_FLOATINGPOINT_MATH: 577.92634392035654
  CPU_PRIME: 2.6875216994365294
  CPU_SORTING: 873.28513212550467
  CPU_ENCRYPTION: 58.972644259889734
  CPU_COMPRESSION: 0
  CPU_SINGLETHREAD: 234.65613208699168
  CPU_PHYSICS: 43.184057848140228
  CPU_MATRIX_MULT_SSE: 110.53616613453863
  CPU_mm: 32.542106697254106
  CPU_sse: 77.125037698418978
  CPU_fma: 143.9472945706583
  CPU_avx: 0
  CPU_avx512: 0
  m_CPU_enc_SHA: 90958115.390499145
  m_CPU_enc_AES: 46120621.982279457
  m_CPU_enc_ECDSA: 48433160.90959581
  ME_ALLOC_S: 0
  ME_READ_S: 0
  ME_READ_L: 0
  ME_WRITE: 0
  ME_LARGE: 0
  ME_LATENCY: 0
  ME_THREADED: 0
  SUMM_CPU: 0
  SUMM_ME: 0
SystemInformation:
  OSName: Ubuntu 18.04.6 LTS
  Kernel: 4.9.337-tegra
  Device: quill
  Processor: ARM Cortex-A57 6 Core 2035 MHz
  NumSockets: 2
  Manufacturer: ARM
  NumCores: 6
  NumLogicals: 6
  CPUFrequency: 2035
  Memory: 7850
Checksum: E19A7E18C1C2D4DB6ACF861830203B945DF6CD52