BaselineInfo:
  WebDBID: -1
  TimeStamp: 20240828062050
Version:
  Major: 11
  Minor: 0
  Build: 1002
  SpecialBuildName: ""
  ptArchitecture: aarch64_linux
Results:
  Results Complete: true
  NumTestProcesses: 6
  CPU_INTEGER_MATH: 4014.056
  CPU_FLOATINGPOINT_MATH: 907.06599924364491
  CPU_PRIME: 0.91644434289607168
  CPU_SORTING: 811.01211646191609
  CPU_ENCRYPTION: 105.11986607028179
  CPU_COMPRESSION: 2300.3994290967125
  CPU_SINGLETHREAD: 131.18526247143234
  CPU_PHYSICS: 16.504710455369576
  CPU_MATRIX_MULT_SSE: 238.88481661559166
  CPU_mm: 71.676100303230115
  CPU_sse: 168.17086552680493
  CPU_fma: 309.59876770437842
  CPU_avx: 0
  CPU_avx512: 0
  m_CPU_enc_SHA: 159758755.12647197
  m_CPU_enc_AES: 85864938.600867063
  m_CPU_enc_ECDSA: 85054812.326196343
  ME_ALLOC_S: 0
  ME_READ_S: 0
  ME_READ_L: 0
  ME_WRITE: 0
  ME_LARGE: 0
  ME_LATENCY: 0
  ME_THREADED: 0
  SUMM_CPU: 320.61906116744865
  SUMM_ME: 0
SystemInformation:
  OSName: Ubuntu 18.04.6 LTS
  Kernel: 4.9.337-tegra
  Device: quill
  Processor: ARM Cortex-A57 6 Core 2035 MHz
  NumSockets: 2
  Manufacturer: ARM
  NumCores: 6
  NumLogicals: 6
  CPUFrequency: 2035
  Memory: 7850
Checksum: E23A863AEB31B276617BC850FB74BE317C607BEE