BaselineInfo:
  WebDBID: -1
  TimeStamp: 20240828093613
Version:
  Major: 11
  Minor: 0
  Build: 1002
  SpecialBuildName: ""
  ptArchitecture: aarch64_linux
Results:
  Results Complete: true
  NumTestProcesses: 6
  CPU_INTEGER_MATH: 5147.8786666666665
  CPU_FLOATINGPOINT_MATH: 1398.5987738474698
  CPU_PRIME: 5.5609183297239611
  CPU_SORTING: 2181.1452453577508
  CPU_ENCRYPTION: 145.58115360794392
  CPU_COMPRESSION: 3752.8120205117448
  CPU_SINGLETHREAD: 182.72947156794936
  CPU_PHYSICS: 95.925678896376837
  CPU_MATRIX_MULT_SSE: 306.89799595355589
  CPU_mm: 91.741134841729206
  CPU_sse: 216.49619428932164
  CPU_fma: 397.29979761779015
  CPU_avx: 0
  CPU_avx512: 0
  m_CPU_enc_SHA: 221874709.92259258
  m_CPU_enc_AES: 113930447.56826337
  m_CPU_enc_ECDSA: 122153553.68595435
  ME_ALLOC_S: 0
  ME_READ_S: 0
  ME_READ_L: 0
  ME_WRITE: 0
  ME_LARGE: 0
  ME_LATENCY: 0
  ME_THREADED: 0
  SUMM_CPU: 546.6433675048853
  SUMM_ME: 0
SystemInformation:
  OSName: Ubuntu 18.04.6 LTS
  Kernel: 4.9.337-tegra
  Device: quill
  Processor: ARM Cortex-A57 6 Core 2035 MHz
  NumSockets: 2
  Manufacturer: ARM
  NumCores: 6
  NumLogicals: 6
  CPUFrequency: 2035
  Memory: 7850
Checksum: 17382095182E8CC83109B476AA2393FCE07406F1