BaselineInfo:
  WebDBID: -1
  TimeStamp: 20240828110409
Version:
  Major: 11
  Minor: 0
  Build: 1002
  SpecialBuildName: ""
  ptArchitecture: aarch64_linux
Results:
  Results Complete: true
  NumTestProcesses: 6
  CPU_INTEGER_MATH: 6036.7040000000006
  CPU_FLOATINGPOINT_MATH: 1498.5502817110271
  CPU_PRIME: 2.0168957890097761
  CPU_SORTING: 1612.9797140757996
  CPU_ENCRYPTION: 163.70933832809646
  CPU_COMPRESSION: 3872.0978756097088
  CPU_SINGLETHREAD: 202.43040802537433
  CPU_PHYSICS: 35.211880860215111
  CPU_MATRIX_MULT_SSE: 359.69964217280227
  CPU_mm: 108.8758371572454
  CPU_sse: 253.71651905195822
  CPU_fma: 465.68276529364636
  CPU_avx: 0
  CPU_avx512: 0
  m_CPU_enc_SHA: 244742950.64217246
  m_CPU_enc_AES: 130164106.99347173
  m_CPU_enc_ECDSA: 140077991.80452213
  ME_ALLOC_S: 0
  ME_READ_S: 0
  ME_READ_L: 0
  ME_WRITE: 0
  ME_LARGE: 0
  ME_LATENCY: 0
  ME_THREADED: 0
  SUMM_CPU: 541.1046890598916
  SUMM_ME: 0
SystemInformation:
  OSName: Ubuntu 18.04.6 LTS
  Kernel: 4.9.337-tegra
  Device: quill
  Processor: ARM Cortex-A57 6 Core 2035 MHz
  NumSockets: 2
  Manufacturer: ARM
  NumCores: 6
  NumLogicals: 6
  CPUFrequency: 2035
  Memory: 7850
Checksum: 272339CFE16DB0B7FEDAA7A40DA3BB5AC9729F3D