BaselineInfo:
  WebDBID: -1
  TimeStamp: 20240828124648
Version:
  Major: 11
  Minor: 0
  Build: 1002
  SpecialBuildName: ""
  ptArchitecture: aarch64_linux
Results:
  Results Complete: true
  NumTestProcesses: 6
  CPU_INTEGER_MATH: 6325.2953333333326
  CPU_FLOATINGPOINT_MATH: 838.41822307144082
  CPU_PRIME: 0
  CPU_SORTING: 45.486523807670039
  CPU_ENCRYPTION: 113.47957900063733
  CPU_COMPRESSION: 2144.9283805879081
  CPU_SINGLETHREAD: 165.87653416152813
  CPU_PHYSICS: 5.341174213114888
  CPU_MATRIX_MULT_SSE: 378.89398560221798
  CPU_mm: 113.63426757560606
  CPU_sse: 265.5213486588807
  CPU_fma: 492.26662254555515
  CPU_avx: 0
  CPU_avx512: 0
  m_CPU_enc_SHA: 160225677.68770212
  m_CPU_enc_AES: 104848836.83965674
  m_CPU_enc_ECDSA: 91901374.563157961
  ME_ALLOC_S: 0
  ME_READ_S: 0
  ME_READ_L: 0
  ME_WRITE: 0
  ME_LARGE: 0
  ME_LATENCY: 0
  ME_THREADED: 0
  SUMM_CPU: 0
  SUMM_ME: 0
SystemInformation:
  OSName: Ubuntu 18.04.6 LTS
  Kernel: 4.9.337-tegra
  Device: quill
  Processor: ARM Cortex-A57 6 Core 2035 MHz
  NumSockets: 2
  Manufacturer: ARM
  NumCores: 6
  NumLogicals: 6
  CPUFrequency: 2035
  Memory: 7850
Checksum: E27C7B68BA4BBD4D304A4B50677D068884E77D93