BaselineInfo:
  WebDBID: -1
  TimeStamp: 20240828110712
Version:
  Major: 11
  Minor: 0
  Build: 1002
  SpecialBuildName: ""
  ptArchitecture: aarch64_linux
Results:
  Results Complete: true
  NumTestProcesses: 6
  CPU_INTEGER_MATH: 6135.1100000000006
  CPU_FLOATINGPOINT_MATH: 1658.2374483333624
  CPU_PRIME: 5.0602498111959795
  CPU_SORTING: 2468.6533965142985
  CPU_ENCRYPTION: 173.68037406851749
  CPU_COMPRESSION: 4370.4242538031085
  CPU_SINGLETHREAD: 217.84421506047099
  CPU_PHYSICS: 87.257557291366709
  CPU_MATRIX_MULT_SSE: 364.48604031969904
  CPU_mm: 109.86387729366763
  CPU_sse: 258.48176319896606
  CPU_fma: 470.49031744043202
  CPU_avx: 0
  CPU_avx512: 0
  m_CPU_enc_SHA: 256104844.23617429
  m_CPU_enc_AES: 135322104.5088546
  m_CPU_enc_ECDSA: 154924267.01278052
  ME_ALLOC_S: 0
  ME_READ_S: 0
  ME_READ_L: 0
  ME_WRITE: 0
  ME_LARGE: 0
  ME_LATENCY: 0
  ME_THREADED: 0
  SUMM_CPU: 636.72265583941589
  SUMM_ME: 0
SystemInformation:
  OSName: Ubuntu 18.04.6 LTS
  Kernel: 4.9.337-tegra
  Device: quill
  Processor: ARM Cortex-A57 6 Core 2035 MHz
  NumSockets: 2
  Manufacturer: ARM
  NumCores: 6
  NumLogicals: 6
  CPUFrequency: 2035
  Memory: 7850
Checksum: 9F79F404C5C24283CFAA1FAFFA18E5986F8F65FC