BaselineInfo:
  WebDBID: -1
  TimeStamp: 20240827214508
Version:
  Major: 11
  Minor: 0
  Build: 1002
  SpecialBuildName: ""
  ptArchitecture: aarch64_linux
Results:
  Results Complete: true
  NumTestProcesses: 6
  CPU_INTEGER_MATH: 1823.848
  CPU_FLOATINGPOINT_MATH: 454.26417644906945
  CPU_PRIME: 1.2408608725513697
  CPU_SORTING: 774.95677726798647
  CPU_ENCRYPTION: 58.264744818849074
  CPU_COMPRESSION: 0
  CPU_SINGLETHREAD: 237.59265514022005
  CPU_PHYSICS: 233.99971294434854
  CPU_MATRIX_MULT_SSE: 109.23204257767904
  CPU_mm: 32.705909432768713
  CPU_sse: 76.344511910857648
  CPU_fma: 142.11957324450046
  CPU_avx: 0
  CPU_avx512: 0
  m_CPU_enc_SHA: 83966618.104428321
  m_CPU_enc_AES: 46238630.2198807
  m_CPU_enc_ECDSA: 53079790.865199439
  ME_ALLOC_S: 0
  ME_READ_S: 0
  ME_READ_L: 0
  ME_WRITE: 0
  ME_LARGE: 0
  ME_LATENCY: 0
  ME_THREADED: 0
  SUMM_CPU: 0
  SUMM_ME: 0
SystemInformation:
  OSName: Ubuntu 18.04.6 LTS
  Kernel: 4.9.337-tegra
  Device: quill
  Processor: ARM Cortex-A57 6 Core 2035 MHz
  NumSockets: 2
  Manufacturer: ARM
  NumCores: 6
  NumLogicals: 6
  CPUFrequency: 2035
  Memory: 7850
Checksum: F6904108D55ED04EB5D7DFD284569CCB52F8E521