BaselineInfo:
  WebDBID: -1
  TimeStamp: 20240828134807
Version:
  Major: 11
  Minor: 0
  Build: 1002
  SpecialBuildName: ""
  ptArchitecture: aarch64_linux
Results:
  Results Complete: true
  NumTestProcesses: 6
  CPU_INTEGER_MATH: 7080.1200000000008
  CPU_FLOATINGPOINT_MATH: 1920.4243262989517
  CPU_PRIME: 7.0053919452712012
  CPU_SORTING: 2990.1802951334084
  CPU_ENCRYPTION: 196.84043532662389
  CPU_COMPRESSION: 4913.8398994811187
  CPU_SINGLETHREAD: 251.5375908958865
  CPU_PHYSICS: 119.10520791914151
  CPU_MATRIX_MULT_SSE: 423.26748392656907
  CPU_mm: 125.92861776960009
  CPU_sse: 297.93298898905397
  CPU_fma: 548.601978864084
  CPU_avx: 0
  CPU_avx512: 0
  m_CPU_enc_SHA: 296093429.66854638
  m_CPU_enc_AES: 148289103.30216926
  m_CPU_enc_ECDSA: 174823935.96843421
  ME_ALLOC_S: 0
  ME_READ_S: 0
  ME_READ_L: 0
  ME_WRITE: 0
  ME_LARGE: 0
  ME_LATENCY: 0
  ME_THREADED: 0
  SUMM_CPU: 734.71816549808511
  SUMM_ME: 0
SystemInformation:
  OSName: Ubuntu 18.04.6 LTS
  Kernel: 4.9.337-tegra
  Device: quill
  Processor: ARM Cortex-A57 6 Core 2035 MHz
  NumSockets: 2
  Manufacturer: ARM
  NumCores: 6
  NumLogicals: 6
  CPUFrequency: 2035
  Memory: 7850
Checksum: 8606FA0C542813460CDA879094B3C18EFFF8DADC