BaselineInfo:
  WebDBID: -1
  TimeStamp: 20240828112704
Version:
  Major: 11
  Minor: 0
  Build: 1002
  SpecialBuildName: ""
  ptArchitecture: aarch64_linux
Results:
  Results Complete: true
  NumTestProcesses: 6
  CPU_INTEGER_MATH: 5508.2273333333333
  CPU_FLOATINGPOINT_MATH: 751.8804270241227
  CPU_PRIME: 0
  CPU_SORTING: 48.723492190486581
  CPU_ENCRYPTION: 103.01067281618064
  CPU_COMPRESSION: 1914.4414292066472
  CPU_SINGLETHREAD: 146.3558473899086
  CPU_PHYSICS: 4.8259202909775896
  CPU_MATRIX_MULT_SSE: 327.17341531292902
  CPU_mm: 98.296680361619096
  CPU_sse: 234.28263543774449
  CPU_fma: 420.06419518811367
  CPU_avx: 0
  CPU_avx512: 0
  m_CPU_enc_SHA: 146537320.06723499
  m_CPU_enc_AES: 91605333.360380888
  m_CPU_enc_ECDSA: 85900904.34908247
  ME_ALLOC_S: 0
  ME_READ_S: 0
  ME_READ_L: 0
  ME_WRITE: 0
  ME_LARGE: 0
  ME_LATENCY: 0
  ME_THREADED: 0
  SUMM_CPU: 0
  SUMM_ME: 0
SystemInformation:
  OSName: Ubuntu 18.04.6 LTS
  Kernel: 4.9.337-tegra
  Device: quill
  Processor: ARM Cortex-A57 6 Core 2035 MHz
  NumSockets: 2
  Manufacturer: ARM
  NumCores: 6
  NumLogicals: 6
  CPUFrequency: 2035
  Memory: 7850
Checksum: 49878C85FFF31C20F867EF216EFB4F8107B8811F