BaselineInfo:
  WebDBID: -1
  TimeStamp: 20240828023647
Version:
  Major: 11
  Minor: 0
  Build: 1002
  SpecialBuildName: ""
  ptArchitecture: aarch64_linux
Results:
  Results Complete: true
  NumTestProcesses: 6
  CPU_INTEGER_MATH: 3062.3719999999998
  CPU_FLOATINGPOINT_MATH: 689.91750674363038
  CPU_PRIME: 0.88390878890778146
  CPU_SORTING: 708.6510978483534
  CPU_ENCRYPTION: 73.981009397807398
  CPU_COMPRESSION: 1807.4472634665522
  CPU_SINGLETHREAD: 103.21289997465266
  CPU_PHYSICS: 15.735678580503016
  CPU_MATRIX_MULT_SSE: 180.05744634058578
  CPU_mm: 54.794421510436734
  CPU_sse: 128.75285199479902
  CPU_fma: 231.3620406863725
  CPU_avx: 0
  CPU_avx512: 0
  m_CPU_enc_SHA: 96009014.975981846
  m_CPU_enc_AES: 62192196.934624575
  m_CPU_enc_ECDSA: 74522920.820339471
  ME_ALLOC_S: 0
  ME_READ_S: 0
  ME_READ_L: 0
  ME_WRITE: 0
  ME_LARGE: 0
  ME_LATENCY: 0
  ME_THREADED: 0
  SUMM_CPU: 251.47099607789491
  SUMM_ME: 0
SystemInformation:
  OSName: Ubuntu 18.04.6 LTS
  Kernel: 4.9.337-tegra
  Device: quill
  Processor: ARM Cortex-A57 6 Core 2035 MHz
  NumSockets: 2
  Manufacturer: ARM
  NumCores: 6
  NumLogicals: 6
  CPUFrequency: 2035
  Memory: 7850
Checksum: F886779B8F4FD5BE77BC78B116B690C73B42AC86