BaselineInfo:
  WebDBID: -1
  TimeStamp: 20240828110612
Version:
  Major: 11
  Minor: 0
  Build: 1002
  SpecialBuildName: ""
  ptArchitecture: aarch64_linux
Results:
  Results Complete: true
  NumTestProcesses: 6
  CPU_INTEGER_MATH: 6130.1873333333324
  CPU_FLOATINGPOINT_MATH: 1627.8106196113526
  CPU_PRIME: 4.6266632494005933
  CPU_SORTING: 2468.425548293937
  CPU_ENCRYPTION: 170.72093862098308
  CPU_COMPRESSION: 4212.5844179559681
  CPU_SINGLETHREAD: 214.63344568243636
  CPU_PHYSICS: 79.890701744895509
  CPU_MATRIX_MULT_SSE: 365.16080612514941
  CPU_mm: 110.06508991482812
  CPU_sse: 256.01821361776962
  CPU_fma: 474.30339863252914
  CPU_avx: 0
  CPU_avx512: 0
  m_CPU_enc_SHA: 249787771.62660891
  m_CPU_enc_AES: 129612872.47790046
  m_CPU_enc_ECDSA: 157640992.7017985
  ME_ALLOC_S: 0
  ME_READ_S: 0
  ME_READ_L: 0
  ME_WRITE: 0
  ME_LARGE: 0
  ME_LATENCY: 0
  ME_THREADED: 0
  SUMM_CPU: 622.55733088324746
  SUMM_ME: 0
SystemInformation:
  OSName: Ubuntu 18.04.6 LTS
  Kernel: 4.9.337-tegra
  Device: quill
  Processor: ARM Cortex-A57 6 Core 2035 MHz
  NumSockets: 2
  Manufacturer: ARM
  NumCores: 6
  NumLogicals: 6
  CPUFrequency: 2035
  Memory: 7850
Checksum: 27A31AEF9623D6884BE81F31AC7960D95FCDC656