BaselineInfo:
  WebDBID: -1
  TimeStamp: 20240828133429
Version:
  Major: 11
  Minor: 0
  Build: 1002
  SpecialBuildName: ""
  ptArchitecture: aarch64_linux
Results:
  Results Complete: true
  NumTestProcesses: 6
  CPU_INTEGER_MATH: 7123.2879999999996
  CPU_FLOATINGPOINT_MATH: 1934.2271013366906
  CPU_PRIME: 7.1521741352274626
  CPU_SORTING: 2912.8910813022235
  CPU_ENCRYPTION: 197.69288538852805
  CPU_COMPRESSION: 4895.0960269471807
  CPU_SINGLETHREAD: 250.09874681712435
  CPU_PHYSICS: 116.63126752375217
  CPU_MATRIX_MULT_SSE: 421.55548881794334
  CPU_mm: 126.90622230444436
  CPU_sse: 296.3455837832127
  CPU_fma: 546.76539385267404
  CPU_avx: 0
  CPU_avx512: 0
  m_CPU_enc_SHA: 292524230.1007179
  m_CPU_enc_AES: 156030778.06790456
  m_CPU_enc_ECDSA: 173333036.79886106
  ME_ALLOC_S: 0
  ME_READ_S: 0
  ME_READ_L: 0
  ME_WRITE: 0
  ME_LARGE: 0
  ME_LATENCY: 0
  ME_THREADED: 0
  SUMM_CPU: 734.06852668773513
  SUMM_ME: 0
SystemInformation:
  OSName: Ubuntu 18.04.6 LTS
  Kernel: 4.9.337-tegra
  Device: quill
  Processor: ARM Cortex-A57 6 Core 2035 MHz
  NumSockets: 2
  Manufacturer: ARM
  NumCores: 6
  NumLogicals: 6
  CPUFrequency: 2035
  Memory: 7850
Checksum: 71752B00E40DA392365095FA670638EF0968F476