BaselineInfo:
  WebDBID: -1
  TimeStamp: 20240828164203
Version:
  Major: 11
  Minor: 0
  Build: 1002
  SpecialBuildName: ""
  ptArchitecture: aarch64_linux
Results:
  Results Complete: true
  NumTestProcesses: 6
  CPU_INTEGER_MATH: 7937.5633333333326
  CPU_FLOATINGPOINT_MATH: 2153.081563786568
  CPU_PRIME: 7.2857792900505398
  CPU_SORTING: 3318.8744405717289
  CPU_ENCRYPTION: 219.17567302712155
  CPU_COMPRESSION: 5715.2095404024867
  CPU_SINGLETHREAD: 278.13829781738696
  CPU_PHYSICS: 122.40831408323753
  CPU_MATRIX_MULT_SSE: 474.68755372178123
  CPU_mm: 141.38846194960851
  CPU_sse: 334.14266399221447
  CPU_fma: 615.23244345134799
  CPU_avx: 0
  CPU_avx512: 0
  m_CPU_enc_SHA: 318051332.63215399
  m_CPU_enc_AES: 173524273.77716857
  m_CPU_enc_ECDSA: 197891445.15093842
  ME_ALLOC_S: 0
  ME_READ_S: 0
  ME_READ_L: 0
  ME_WRITE: 0
  ME_LARGE: 0
  ME_LATENCY: 0
  ME_THREADED: 0
  SUMM_CPU: 826.60855422887266
  SUMM_ME: 0
SystemInformation:
  OSName: Ubuntu 18.04.6 LTS
  Kernel: 4.9.337-tegra
  Device: quill
  Processor: ARM Cortex-A57 6 Core 2035 MHz
  NumSockets: 2
  Manufacturer: ARM
  NumCores: 6
  NumLogicals: 6
  CPUFrequency: 2035
  Memory: 7850
Checksum: 409285FA1DA966D81E255D2324051149B7D084E1