BaselineInfo:
  WebDBID: -1
  TimeStamp: 20240828193737
Version:
  Major: 11
  Minor: 0
  Build: 1002
  SpecialBuildName: ""
  ptArchitecture: aarch64_linux
Results:
  Results Complete: true
  NumTestProcesses: 6
  CPU_INTEGER_MATH: 8979.7013333333343
  CPU_FLOATINGPOINT_MATH: 2463.8300628911738
  CPU_PRIME: 8.2074325999493034
  CPU_SORTING: 3808.6796642540021
  CPU_ENCRYPTION: 253.93689020304109
  CPU_COMPRESSION: 6507.4845374198885
  CPU_SINGLETHREAD: 318.32930432965412
  CPU_PHYSICS: 134.16603375671406
  CPU_MATRIX_MULT_SSE: 540.45617645576203
  CPU_mm: 162.6420701516748
  CPU_sse: 380.57212546037738
  CPU_fma: 700.34022745114646
  CPU_avx: 0
  CPU_avx512: 0
  m_CPU_enc_SHA: 366411011.82751417
  m_CPU_enc_AES: 203066116.82681182
  m_CPU_enc_ECDSA: 229339257.09030601
  ME_ALLOC_S: 0
  ME_READ_S: 0
  ME_READ_L: 0
  ME_WRITE: 0
  ME_LARGE: 0
  ME_LATENCY: 0
  ME_THREADED: 0
  SUMM_CPU: 945.38377845391608
  SUMM_ME: 0
SystemInformation:
  OSName: Ubuntu 18.04.6 LTS
  Kernel: 4.9.337-tegra
  Device: quill
  Processor: ARM Cortex-A57 6 Core 2035 MHz
  NumSockets: 2
  Manufacturer: ARM
  NumCores: 6
  NumLogicals: 6
  CPUFrequency: 2035
  Memory: 7850
Checksum: F57277E2F69A94D3A9CD10E0FD6E204FA59CC7EE