BaselineInfo:
  WebDBID: -1
  TimeStamp: 20240828140442
Version:
  Major: 11
  Minor: 0
  Build: 1002
  SpecialBuildName: ""
  ptArchitecture: aarch64_linux
Results:
  Results Complete: true
  NumTestProcesses: 6
  CPU_INTEGER_MATH: 6705.760666666667
  CPU_FLOATINGPOINT_MATH: 1301.8989855780858
  CPU_PRIME: 0.5909305073409945
  CPU_SORTING: 533.20927301767074
  CPU_ENCRYPTION: 155.78391540813118
  CPU_COMPRESSION: 3200.7679907413331
  CPU_SINGLETHREAD: 191.11467121018407
  CPU_PHYSICS: 10.365507125137089
  CPU_MATRIX_MULT_SSE: 393.73404869513121
  CPU_mm: 121.62755035628872
  CPU_sse: 283.3747872836725
  CPU_fma: 504.09331010658985
  CPU_avx: 0
  CPU_avx512: 0
  m_CPU_enc_SHA: 233387351.74370754
  m_CPU_enc_AES: 132110694.1682567
  m_CPU_enc_ECDSA: 124555778.73702542
  ME_ALLOC_S: 0
  ME_READ_S: 0
  ME_READ_L: 0
  ME_WRITE: 0
  ME_LARGE: 0
  ME_LATENCY: 0
  ME_THREADED: 0
  SUMM_CPU: 367.47638071891532
  SUMM_ME: 0
SystemInformation:
  OSName: Ubuntu 18.04.6 LTS
  Kernel: 4.9.337-tegra
  Device: quill
  Processor: ARM Cortex-A57 6 Core 2035 MHz
  NumSockets: 2
  Manufacturer: ARM
  NumCores: 6
  NumLogicals: 6
  CPUFrequency: 2035
  Memory: 7850
Checksum: F41956784994AB28FF063BA4A6FE3CC249D36D57