BaselineInfo:
  WebDBID: -1
  TimeStamp: 20240828094547
Version:
  Major: 11
  Minor: 0
  Build: 1002
  SpecialBuildName: ""
  ptArchitecture: aarch64_linux
Results:
  Results Complete: true
  NumTestProcesses: 6
  CPU_INTEGER_MATH: 6131.1813333333321
  CPU_FLOATINGPOINT_MATH: 1632.0748611103336
  CPU_PRIME: 4.8988110563603131
  CPU_SORTING: 2431.6233682868237
  CPU_ENCRYPTION: 174.22019380440071
  CPU_COMPRESSION: 4190.7324067802811
  CPU_SINGLETHREAD: 217.37668117633012
  CPU_PHYSICS: 80.032013930897165
  CPU_MATRIX_MULT_SSE: 364.986511663209
  CPU_mm: 109.85904625085321
  CPU_sse: 256.38518858748802
  CPU_fma: 473.58783473893004
  CPU_avx: 0
  CPU_avx512: 0
  m_CPU_enc_SHA: 264564203.17816865
  m_CPU_enc_AES: 131839989.0502702
  m_CPU_enc_ECDSA: 151645149.58749092
  ME_ALLOC_S: 0
  ME_READ_S: 0
  ME_READ_L: 0
  ME_WRITE: 0
  ME_LARGE: 0
  ME_LATENCY: 0
  ME_THREADED: 0
  SUMM_CPU: 626.26721486168628
  SUMM_ME: 0
SystemInformation:
  OSName: Ubuntu 18.04.6 LTS
  Kernel: 4.9.337-tegra
  Device: quill
  Processor: ARM Cortex-A57 6 Core 2035 MHz
  NumSockets: 2
  Manufacturer: ARM
  NumCores: 6
  NumLogicals: 6
  CPUFrequency: 2035
  Memory: 7850
Checksum: 4C92322AEF940501F150E3D0B831F022F1D67266