BaselineInfo:
  WebDBID: -1
  TimeStamp: 20240828070812
Version:
  Major: 11
  Minor: 0
  Build: 1002
  SpecialBuildName: ""
  ptArchitecture: aarch64_linux
Results:
  Results Complete: true
  NumTestProcesses: 6
  CPU_INTEGER_MATH: 5123.2653333333328
  CPU_FLOATINGPOINT_MATH: 1365.3849616330999
  CPU_PRIME: 4.4692911405483073
  CPU_SORTING: 2164.7820332796514
  CPU_ENCRYPTION: 143.08334868566791
  CPU_COMPRESSION: 3529.4682704450943
  CPU_SINGLETHREAD: 180.97410272727939
  CPU_PHYSICS: 75.613672148676315
  CPU_MATRIX_MULT_SSE: 304.93349658337752
  CPU_mm: 91.493941269776855
  CPU_sse: 215.0992739286018
  CPU_fma: 394.76771923815318
  CPU_avx: 0
  CPU_avx512: 0
  m_CPU_enc_SHA: 218193417.38715452
  m_CPU_enc_AES: 110508851.24849994
  m_CPU_enc_ECDSA: 121399027.65861426
  ME_ALLOC_S: 0
  ME_READ_S: 0
  ME_READ_L: 0
  ME_WRITE: 0
  ME_LARGE: 0
  ME_LATENCY: 0
  ME_THREADED: 0
  SUMM_CPU: 526.44821869380314
  SUMM_ME: 0
SystemInformation:
  OSName: Ubuntu 18.04.6 LTS
  Kernel: 4.9.337-tegra
  Device: quill
  Processor: ARM Cortex-A57 6 Core 2035 MHz
  NumSockets: 2
  Manufacturer: ARM
  NumCores: 6
  NumLogicals: 6
  CPUFrequency: 2035
  Memory: 7850
Checksum: 2B8D20CA5BF95CEE9CACA96F29F477EA482C53D4