BaselineInfo:
  WebDBID: -1
  TimeStamp: 20240828073006
Version:
  Major: 11
  Minor: 0
  Build: 1002
  SpecialBuildName: ""
  ptArchitecture: aarch64_linux
Results:
  Results Complete: true
  NumTestProcesses: 6
  CPU_INTEGER_MATH: 4516.5466666666671
  CPU_FLOATINGPOINT_MATH: 674.31866939946178
  CPU_PRIME: 0
  CPU_SORTING: 0.23634638111313552
  CPU_ENCRYPTION: 141.46408858216279
  CPU_COMPRESSION: 82.177286041247839
  CPU_SINGLETHREAD: 0
  CPU_PHYSICS: 1077.8250878851197
  CPU_MATRIX_MULT_SSE: 100.97969671049027
  CPU_mm: 34.193678922990841
  CPU_sse: 77.322386111067715
  CPU_fma: 124.63700730991285
  CPU_avx: 0
  CPU_avx512: 0
  m_CPU_enc_SHA: 51576261.437573373
  m_CPU_enc_AES: 76182922.982389078
  m_CPU_enc_ECDSA: 0
  ME_ALLOC_S: 0
  ME_READ_S: 0
  ME_READ_L: 0
  ME_WRITE: 0
  ME_LARGE: 0
  ME_LATENCY: 0
  ME_THREADED: 0
  SUMM_CPU: 0
  SUMM_ME: 0
SystemInformation:
  OSName: Ubuntu 18.04.6 LTS
  Kernel: 4.9.337-tegra
  Device: quill
  Processor: ARM Cortex-A57 6 Core 2035 MHz
  NumSockets: 2
  Manufacturer: ARM
  NumCores: 6
  NumLogicals: 6
  CPUFrequency: 2035
  Memory: 7850
Checksum: D8916F743C2E11BF841CE11E4AA085C353261426