BaselineInfo:
  WebDBID: -1
  TimeStamp: 20240827231023
Version:
  Major: 11
  Minor: 0
  Build: 1002
  SpecialBuildName: ""
  ptArchitecture: aarch64_linux
Results:
  Results Complete: true
  NumTestProcesses: 6
  CPU_INTEGER_MATH: 1858.1646666666666
  CPU_FLOATINGPOINT_MATH: 465.46522682461227
  CPU_PRIME: 2.3919559193109539
  CPU_SORTING: 849.95118506061203
  CPU_ENCRYPTION: 61.429181503410419
  CPU_COMPRESSION: 0
  CPU_SINGLETHREAD: 239.84603986172871
  CPU_PHYSICS: 45.562306858934036
  CPU_MATRIX_MULT_SSE: 107.12693880540589
  CPU_mm: 31.182280707941672
  CPU_sse: 75.815317895065647
  CPU_fma: 138.43855971574609
  CPU_avx: 0
  CPU_avx512: 0
  m_CPU_enc_SHA: 91102358.840932667
  m_CPU_enc_AES: 46808336.718886212
  m_CPU_enc_ECDSA: 55328800.712541401
  ME_ALLOC_S: 0
  ME_READ_S: 0
  ME_READ_L: 0
  ME_WRITE: 0
  ME_LARGE: 0
  ME_LATENCY: 0
  ME_THREADED: 0
  SUMM_CPU: 0
  SUMM_ME: 0
SystemInformation:
  OSName: Ubuntu 18.04.6 LTS
  Kernel: 4.9.337-tegra
  Device: quill
  Processor: ARM Cortex-A57 6 Core 2035 MHz
  NumSockets: 2
  Manufacturer: ARM
  NumCores: 6
  NumLogicals: 6
  CPUFrequency: 2035
  Memory: 7850
Checksum: 26E8B825E5C605CA1236AA24DD2749A9E2CC432F