BaselineInfo:
  WebDBID: -1
  TimeStamp: 20240828195511
Version:
  Major: 11
  Minor: 0
  Build: 1002
  SpecialBuildName: ""
  ptArchitecture: aarch64_linux
Results:
  Results Complete: true
  NumTestProcesses: 6
  CPU_INTEGER_MATH: 8912.0146666666678
  CPU_FLOATINGPOINT_MATH: 2238.5351587176128
  CPU_PRIME: 2.1089541024116718
  CPU_SORTING: 1770.9774276103576
  CPU_ENCRYPTION: 236.81151946471323
  CPU_COMPRESSION: 5691.3983264995722
  CPU_SINGLETHREAD: 290.26562857322909
  CPU_PHYSICS: 36.194267849643964
  CPU_MATRIX_MULT_SSE: 534.31699608664337
  CPU_mm: 160.48647459892226
  CPU_sse: 377.63406480183801
  CPU_fma: 690.99992737144873
  CPU_avx: 0
  CPU_avx512: 0
  m_CPU_enc_SHA: 353227480.03935742
  m_CPU_enc_AES: 193927029.69400936
  m_CPU_enc_ECDSA: 197790117.76932663
  ME_ALLOC_S: 0
  ME_READ_S: 0
  ME_READ_L: 0
  ME_WRITE: 0
  ME_LARGE: 0
  ME_LATENCY: 0
  ME_THREADED: 0
  SUMM_CPU: 742.46795000371947
  SUMM_ME: 0
SystemInformation:
  OSName: Ubuntu 18.04.6 LTS
  Kernel: 4.9.337-tegra
  Device: quill
  Processor: ARM Cortex-A57 6 Core 2035 MHz
  NumSockets: 2
  Manufacturer: ARM
  NumCores: 6
  NumLogicals: 6
  CPUFrequency: 2035
  Memory: 7850
Checksum: 00F5CE0DE4A487E017D9C8D3756FAC5AE7175CB7