BaselineInfo:
  WebDBID: -1
  TimeStamp: 20240828034825
Version:
  Major: 11
  Minor: 0
  Build: 1002
  SpecialBuildName: ""
  ptArchitecture: aarch64_linux
Results:
  Results Complete: true
  NumTestProcesses: 6
  CPU_INTEGER_MATH: 4131.6793333333335
  CPU_FLOATINGPOINT_MATH: 1120.5427333498874
  CPU_PRIME: 4.2591915070117787
  CPU_SORTING: 1791.7428784691169
  CPU_ENCRYPTION: 115.07093105624426
  CPU_COMPRESSION: 2807.7228068497693
  CPU_SINGLETHREAD: 146.59967597046136
  CPU_PHYSICS: 74.209631784096644
  CPU_MATRIX_MULT_SSE: 246.46048472795928
  CPU_mm: 73.855318595032912
  CPU_sse: 173.43246457281151
  CPU_fma: 319.48850488310711
  CPU_avx: 0
  CPU_avx512: 0
  m_CPU_enc_SHA: 165925384.35476062
  m_CPU_enc_AES: 94026593.264208987
  m_CPU_enc_ECDSA: 102029872.19072753
  ME_ALLOC_S: 0
  ME_READ_S: 0
  ME_READ_L: 0
  ME_WRITE: 0
  ME_LARGE: 0
  ME_LATENCY: 0
  ME_THREADED: 0
  SUMM_CPU: 427.6867128331549
  SUMM_ME: 0
SystemInformation:
  OSName: Ubuntu 18.04.6 LTS
  Kernel: 4.9.337-tegra
  Device: quill
  Processor: ARM Cortex-A57 6 Core 2035 MHz
  NumSockets: 2
  Manufacturer: ARM
  NumCores: 6
  NumLogicals: 6
  CPUFrequency: 2035
  Memory: 7850
Checksum: B14D62A11E7709EE42AE180E1C3170A6F44AB8AB