BaselineInfo:
  WebDBID: -1
  TimeStamp: 20240828110511
Version:
  Major: 11
  Minor: 0
  Build: 1002
  SpecialBuildName: ""
  ptArchitecture: aarch64_linux
Results:
  Results Complete: true
  NumTestProcesses: 6
  CPU_INTEGER_MATH: 6110.402000000001
  CPU_FLOATINGPOINT_MATH: 1617.0393205994662
  CPU_PRIME: 3.6694541752010137
  CPU_SORTING: 2220.5180757222988
  CPU_ENCRYPTION: 166.60127661807462
  CPU_COMPRESSION: 4257.01632794326
  CPU_SINGLETHREAD: 211.07961837664965
  CPU_PHYSICS: 60.331648657283552
  CPU_MATRIX_MULT_SSE: 362.85211715862317
  CPU_mm: 109.62970846302167
  CPU_sse: 256.36977129897662
  CPU_fma: 469.33446301826979
  CPU_avx: 0
  CPU_avx512: 0
  m_CPU_enc_SHA: 254154419.54562074
  m_CPU_enc_AES: 128392679.51303531
  m_CPU_enc_ECDSA: 141535201.63456663
  ME_ALLOC_S: 0
  ME_READ_S: 0
  ME_READ_L: 0
  ME_WRITE: 0
  ME_LARGE: 0
  ME_LATENCY: 0
  ME_THREADED: 0
  SUMM_CPU: 605.16997452057603
  SUMM_ME: 0
SystemInformation:
  OSName: Ubuntu 18.04.6 LTS
  Kernel: 4.9.337-tegra
  Device: quill
  Processor: ARM Cortex-A57 6 Core 2035 MHz
  NumSockets: 2
  Manufacturer: ARM
  NumCores: 6
  NumLogicals: 6
  CPUFrequency: 2035
  Memory: 7850
Checksum: 91AFA97035FB8A0B5846D941B76EE27F95306343