BaselineInfo:
  WebDBID: -1
  TimeStamp: 20240827201705
Version:
  Major: 11
  Minor: 0
  Build: 1002
  SpecialBuildName: ""
  ptArchitecture: aarch64_linux
Results:
  Results Complete: true
  NumTestProcesses: 6
  CPU_INTEGER_MATH: 1847.3726666666666
  CPU_FLOATINGPOINT_MATH: 506.18802137159298
  CPU_PRIME: 2.4017043912934195
  CPU_SORTING: 786.22443910643335
  CPU_ENCRYPTION: 62.637189712473841
  CPU_COMPRESSION: 0
  CPU_SINGLETHREAD: 241.79241136976751
  CPU_PHYSICS: 46.909842646866018
  CPU_MATRIX_MULT_SSE: 104.33786865901125
  CPU_mm: 32.642424276410424
  CPU_sse: 75.056425347589155
  CPU_fma: 133.61931197043333
  CPU_avx: 0
  CPU_avx512: 0
  m_CPU_enc_SHA: 90294195.859536186
  m_CPU_enc_AES: 50462375.028104827
  m_CPU_enc_ECDSA: 56282990.632199913
  ME_ALLOC_S: 0
  ME_READ_S: 0
  ME_READ_L: 0
  ME_WRITE: 0
  ME_LARGE: 0
  ME_LATENCY: 0
  ME_THREADED: 0
  SUMM_CPU: 0
  SUMM_ME: 0
SystemInformation:
  OSName: Ubuntu 18.04.6 LTS
  Kernel: 4.9.337-tegra
  Device: quill
  Processor: ARM Cortex-A57 6 Core 2035 MHz
  NumSockets: 2
  Manufacturer: ARM
  NumCores: 6
  NumLogicals: 6
  CPUFrequency: 2035
  Memory: 7850
Checksum: 905596FCA8278B7A5DC1AED2C8130AFB49B6DE83