BaselineInfo:
  WebDBID: -1
  TimeStamp: 20240828105641
Version:
  Major: 11
  Minor: 0
  Build: 1002
  SpecialBuildName: ""
  ptArchitecture: aarch64_linux
Results:
  Results Complete: true
  NumTestProcesses: 6
  CPU_INTEGER_MATH: 6143.8666666666677
  CPU_FLOATINGPOINT_MATH: 1677.1022241884709
  CPU_PRIME: 6.467401376365113
  CPU_SORTING: 2618.8065460335183
  CPU_ENCRYPTION: 172.49515946619005
  CPU_COMPRESSION: 4385.4057996888987
  CPU_SINGLETHREAD: 219.59007881350843
  CPU_PHYSICS: 107.14928939049756
  CPU_MATRIX_MULT_SSE: 364.41199855706003
  CPU_mm: 110.07328270710373
  CPU_sse: 256.46514927345282
  CPU_fma: 472.35884784066735
  CPU_avx: 0
  CPU_avx512: 0
  m_CPU_enc_SHA: 259227507.29090151
  m_CPU_enc_AES: 135713062.3430551
  m_CPU_enc_ECDSA: 147682283.36330253
  ME_ALLOC_S: 0
  ME_READ_S: 0
  ME_READ_L: 0
  ME_WRITE: 0
  ME_LARGE: 0
  ME_LATENCY: 0
  ME_THREADED: 0
  SUMM_CPU: 645.98094359412835
  SUMM_ME: 0
SystemInformation:
  OSName: Ubuntu 18.04.6 LTS
  Kernel: 4.9.337-tegra
  Device: quill
  Processor: ARM Cortex-A57 6 Core 2035 MHz
  NumSockets: 2
  Manufacturer: ARM
  NumCores: 6
  NumLogicals: 6
  CPUFrequency: 2035
  Memory: 7850
Checksum: E3E15FE217984F8ADE9290DB8712301556E0C948