BaselineInfo:
  WebDBID: -1
  TimeStamp: 20240828004858
Version:
  Major: 11
  Minor: 0
  Build: 1002
  SpecialBuildName: ""
  ptArchitecture: aarch64_linux
Results:
  Results Complete: true
  NumTestProcesses: 6
  CPU_INTEGER_MATH: 3046.4680000000008
  CPU_FLOATINGPOINT_MATH: 702.13475591460576
  CPU_PRIME: 0.87243082532382332
  CPU_SORTING: 745.1449518567606
  CPU_ENCRYPTION: 79.373765690235302
  CPU_COMPRESSION: 1817.2767261988461
  CPU_SINGLETHREAD: 102.67657789368569
  CPU_PHYSICS: 15.497634951740752
  CPU_MATRIX_MULT_SSE: 181.53879752033538
  CPU_mm: 54.712984376355145
  CPU_sse: 129.5839988805653
  CPU_fma: 233.49359616010543
  CPU_avx: 0
  CPU_avx512: 0
  m_CPU_enc_SHA: 115731849.62831767
  m_CPU_enc_AES: 63308271.29536064
  m_CPU_enc_ECDSA: 70648156.273534194
  ME_ALLOC_S: 0
  ME_READ_S: 0
  ME_READ_L: 0
  ME_WRITE: 0
  ME_LARGE: 0
  ME_LATENCY: 0
  ME_THREADED: 0
  SUMM_CPU: 257.28840965620589
  SUMM_ME: 0
SystemInformation:
  OSName: Ubuntu 18.04.6 LTS
  Kernel: 4.9.337-tegra
  Device: quill
  Processor: ARM Cortex-A57 6 Core 2035 MHz
  NumSockets: 2
  Manufacturer: ARM
  NumCores: 6
  NumLogicals: 6
  CPUFrequency: 2035
  Memory: 7850
Checksum: B4C3F2546A045E12089CBDBA0FAE6965ADE7693A