BaselineInfo:
  WebDBID: -1
  TimeStamp: 20240828080050
Version:
  Major: 11
  Minor: 0
  Build: 1002
  SpecialBuildName: ""
  ptArchitecture: aarch64_linux
Results:
  Results Complete: true
  NumTestProcesses: 6
  CPU_INTEGER_MATH: 4837.3246666666673
  CPU_FLOATINGPOINT_MATH: 940.21812707164258
  CPU_PRIME: 0.57164399104262886
  CPU_SORTING: 511.20429859442061
  CPU_ENCRYPTION: 121.21583486996013
  CPU_COMPRESSION: 2472.8212708433925
  CPU_SINGLETHREAD: 146.53266976750783
  CPU_PHYSICS: 10.185282344611664
  CPU_MATRIX_MULT_SSE: 288.99188292338357
  CPU_mm: 74.287911541075133
  CPU_sse: 201.43549887282271
  CPU_fma: 376.54826697394435
  CPU_avx: 0
  CPU_avx512: 0
  m_CPU_enc_SHA: 181692581.60621026
  m_CPU_enc_AES: 98720990.239803031
  m_CPU_enc_ECDSA: 100898473.94779664
  ME_ALLOC_S: 0
  ME_READ_S: 0
  ME_READ_L: 0
  ME_WRITE: 0
  ME_LARGE: 0
  ME_LATENCY: 0
  ME_THREADED: 0
  SUMM_CPU: 305.32456260632341
  SUMM_ME: 0
SystemInformation:
  OSName: Ubuntu 18.04.6 LTS
  Kernel: 4.9.337-tegra
  Device: quill
  Processor: ARM Cortex-A57 6 Core 2035 MHz
  NumSockets: 2
  Manufacturer: ARM
  NumCores: 6
  NumLogicals: 6
  CPUFrequency: 2035
  Memory: 7850
Checksum: 0B8ACC2F4B083D6D18789A257353EF39F7102DBF