BaselineInfo:
  WebDBID: -1
  TimeStamp: 20240828091409
Version:
  Major: 11
  Minor: 0
  Build: 1002
  SpecialBuildName: ""
  ptArchitecture: aarch64_linux
Results:
  Results Complete: true
  NumTestProcesses: 6
  CPU_INTEGER_MATH: 4928.0626666666667
  CPU_FLOATINGPOINT_MATH: 1095.8893522796018
  CPU_PRIME: 0.91650867062909502
  CPU_SORTING: 833.43217974013214
  CPU_ENCRYPTION: 127.07218900248733
  CPU_COMPRESSION: 2790.6598449463454
  CPU_SINGLETHREAD: 158.33307167972299
  CPU_PHYSICS: 16.469203502818914
  CPU_MATRIX_MULT_SSE: 297.19216200576932
  CPU_mm: 89.03888062986114
  CPU_sse: 205.71816231028996
  CPU_fma: 388.66616170124871
  CPU_avx: 0
  CPU_avx512: 0
  m_CPU_enc_SHA: 188115842.5752576
  m_CPU_enc_AES: 103731307.3118044
  m_CPU_enc_ECDSA: 107887393.07935451
  ME_ALLOC_S: 0
  ME_READ_S: 0
  ME_READ_L: 0
  ME_WRITE: 0
  ME_LARGE: 0
  ME_LATENCY: 0
  ME_THREADED: 0
  SUMM_CPU: 372.91441797297557
  SUMM_ME: 0
SystemInformation:
  OSName: Ubuntu 18.04.6 LTS
  Kernel: 4.9.337-tegra
  Device: quill
  Processor: ARM Cortex-A57 6 Core 2035 MHz
  NumSockets: 2
  Manufacturer: ARM
  NumCores: 6
  NumLogicals: 6
  CPUFrequency: 2035
  Memory: 7850
Checksum: 7D656EEEFA86DA4B8AAC5EC48A6C7A7018B20A69