BaselineInfo:
  WebDBID: -1
  TimeStamp: 20240828025050
Version:
  Major: 11
  Minor: 0
  Build: 1002
  SpecialBuildName: ""
  ptArchitecture: aarch64_linux
Results:
  Results Complete: true
  NumTestProcesses: 6
  CPU_INTEGER_MATH: 2861.820666666667
  CPU_FLOATINGPOINT_MATH: 425.45881277688034
  CPU_PRIME: 0
  CPU_SORTING: 69.165131223069295
  CPU_ENCRYPTION: 74.573924123936706
  CPU_COMPRESSION: 0
  CPU_SINGLETHREAD: 178.19474339973982
  CPU_PHYSICS: 0
  CPU_MATRIX_MULT_SSE: 67.520620184616362
  CPU_mm: 20.020380707411913
  CPU_sse: 53.772219767050935
  CPU_fma: 102.60951222335089
  CPU_avx: 0
  CPU_avx512: 0
  m_CPU_enc_SHA: 95554719.921355024
  m_CPU_enc_AES: 52605353.01433076
  m_CPU_enc_ECDSA: 44709186.595859416
  ME_ALLOC_S: 0
  ME_READ_S: 0
  ME_READ_L: 0
  ME_WRITE: 0
  ME_LARGE: 0
  ME_LATENCY: 0
  ME_THREADED: 0
  SUMM_CPU: 0
  SUMM_ME: 0
SystemInformation:
  OSName: Ubuntu 18.04.6 LTS
  Kernel: 4.9.337-tegra
  Device: quill
  Processor: ARM Cortex-A57 6 Core 2035 MHz
  NumSockets: 2
  Manufacturer: ARM
  NumCores: 6
  NumLogicals: 6
  CPUFrequency: 2035
  Memory: 7850
Checksum: 37F83B380A6984A0BCF206299AC0826FE9FF5A1B