BaselineInfo:
  WebDBID: -1
  TimeStamp: 20240828033359
Version:
  Major: 11
  Minor: 0
  Build: 1002
  SpecialBuildName: ""
  ptArchitecture: aarch64_linux
Results:
  Results Complete: true
  NumTestProcesses: 6
  CPU_INTEGER_MATH: 4133.6673333333329
  CPU_FLOATINGPOINT_MATH: 1125.6841516216314
  CPU_PRIME: 4.647503387177359
  CPU_SORTING: 1706.9581670348043
  CPU_ENCRYPTION: 113.5975986548235
  CPU_COMPRESSION: 2859.1730432329023
  CPU_SINGLETHREAD: 147.05049674717623
  CPU_PHYSICS: 77.72061171951178
  CPU_MATRIX_MULT_SSE: 246.16495326384768
  CPU_mm: 73.974999254600021
  CPU_sse: 174.00012966569847
  CPU_fma: 318.32977686199683
  CPU_avx: 0
  CPU_avx512: 0
  m_CPU_enc_SHA: 163663544.27262872
  m_CPU_enc_AES: 96144551.065958858
  m_CPU_enc_ECDSA: 97539051.482653037
  ME_ALLOC_S: 0
  ME_READ_S: 0
  ME_READ_L: 0
  ME_WRITE: 0
  ME_LARGE: 0
  ME_LATENCY: 0
  ME_THREADED: 0
  SUMM_CPU: 428.8982529629339
  SUMM_ME: 0
SystemInformation:
  OSName: Ubuntu 18.04.6 LTS
  Kernel: 4.9.337-tegra
  Device: quill
  Processor: ARM Cortex-A57 6 Core 2035 MHz
  NumSockets: 2
  Manufacturer: ARM
  NumCores: 6
  NumLogicals: 6
  CPUFrequency: 2035
  Memory: 7850
Checksum: 4E03618B1D45C61019E39FB7B40C268602F11DB8