BaselineInfo:
  WebDBID: -1
  TimeStamp: 20240827191329
Version:
  Major: 11
  Minor: 0
  Build: 1002
  SpecialBuildName: ""
  ptArchitecture: aarch64_linux
Results:
  Results Complete: true
  NumTestProcesses: 6
  CPU_INTEGER_MATH: 1831.0900000000001
  CPU_FLOATINGPOINT_MATH: 487.90200038760065
  CPU_PRIME: 2.1026937613249541
  CPU_SORTING: 825.99697810150053
  CPU_ENCRYPTION: 55.947257296078938
  CPU_COMPRESSION: 0
  CPU_SINGLETHREAD: 248.17453643640187
  CPU_PHYSICS: 38.797345338345458
  CPU_MATRIX_MULT_SSE: 112.64618737563644
  CPU_mm: 29.477399810518229
  CPU_sse: 79.112404235045943
  CPU_fma: 146.17997051622694
  CPU_avx: 0
  CPU_avx512: 0
  m_CPU_enc_SHA: 77957416.720986858
  m_CPU_enc_AES: 47944170.987540677
  m_CPU_enc_ECDSA: 50093266.090952262
  ME_ALLOC_S: 0
  ME_READ_S: 0
  ME_READ_L: 0
  ME_WRITE: 0
  ME_LARGE: 0
  ME_LATENCY: 0
  ME_THREADED: 0
  SUMM_CPU: 0
  SUMM_ME: 0
SystemInformation:
  OSName: Ubuntu 18.04.6 LTS
  Kernel: 4.9.337-tegra
  Device: quill
  Processor: ARM Cortex-A57 6 Core 2035 MHz
  NumSockets: 2
  Manufacturer: ARM
  NumCores: 6
  NumLogicals: 6
  CPUFrequency: 2035
  Memory: 7850
Checksum: E701CDC288A2B4307E5396C16FD065F241F19431