BaselineInfo:
  WebDBID: -1
  TimeStamp: 20240828153251
Version:
  Major: 11
  Minor: 0
  Build: 1002
  SpecialBuildName: ""
  ptArchitecture: aarch64_linux
Results:
  Results Complete: true
  NumTestProcesses: 6
  CPU_INTEGER_MATH: 7445.9593333333332
  CPU_FLOATINGPOINT_MATH: 1465.4548469531983
  CPU_PRIME: 0.5840942984096732
  CPU_SORTING: 516.16922573347733
  CPU_ENCRYPTION: 168.42202096150021
  CPU_COMPRESSION: 3502.2314458738724
  CPU_SINGLETHREAD: 206.51469705884708
  CPU_PHYSICS: 10.423119978435238
  CPU_MATRIX_MULT_SSE: 436.98469239506403
  CPU_mm: 135.54153865417263
  CPU_sse: 308.36360273142441
  CPU_fma: 565.60578205870365
  CPU_avx: 0
  CPU_avx512: 0
  m_CPU_enc_SHA: 254412080.38389581
  m_CPU_enc_AES: 142292110.62868953
  m_CPU_enc_ECDSA: 133105676.14259279
  ME_ALLOC_S: 0
  ME_READ_S: 0
  ME_READ_L: 0
  ME_WRITE: 0
  ME_LARGE: 0
  ME_LATENCY: 0
  ME_THREADED: 0
  SUMM_CPU: 386.10849688414737
  SUMM_ME: 0
SystemInformation:
  OSName: Ubuntu 18.04.6 LTS
  Kernel: 4.9.337-tegra
  Device: quill
  Processor: ARM Cortex-A57 6 Core 2035 MHz
  NumSockets: 2
  Manufacturer: ARM
  NumCores: 6
  NumLogicals: 6
  CPUFrequency: 2035
  Memory: 7850
Checksum: 603726EBBC1E75048F261A295A88452945E070D8