BaselineInfo:
  WebDBID: -1
  TimeStamp: 20240828132500
Version:
  Major: 11
  Minor: 0
  Build: 1002
  SpecialBuildName: ""
  ptArchitecture: aarch64_linux
Results:
  Results Complete: true
  NumTestProcesses: 6
  CPU_INTEGER_MATH: 6333.8626666666678
  CPU_FLOATINGPOINT_MATH: 875.42897989104881
  CPU_PRIME: 0
  CPU_SORTING: 24.69897051320871
  CPU_ENCRYPTION: 119.70787680521494
  CPU_COMPRESSION: 2048.2192616046477
  CPU_SINGLETHREAD: 163.08895378139658
  CPU_PHYSICS: 5.4680443607507243
  CPU_MATRIX_MULT_SSE: 369.25163166242771
  CPU_mm: 113.72138517317654
  CPU_sse: 260.88668824724181
  CPU_fma: 477.6165750776135
  CPU_avx: 0
  CPU_avx512: 0
  m_CPU_enc_SHA: 156366949.0897699
  m_CPU_enc_AES: 103565941.47967546
  m_CPU_enc_ECDSA: 80434603.165412754
  ME_ALLOC_S: 0
  ME_READ_S: 0
  ME_READ_L: 0
  ME_WRITE: 0
  ME_LARGE: 0
  ME_LATENCY: 0
  ME_THREADED: 0
  SUMM_CPU: 0
  SUMM_ME: 0
SystemInformation:
  OSName: Ubuntu 18.04.6 LTS
  Kernel: 4.9.337-tegra
  Device: quill
  Processor: ARM Cortex-A57 6 Core 2035 MHz
  NumSockets: 2
  Manufacturer: ARM
  NumCores: 6
  NumLogicals: 6
  CPUFrequency: 2035
  Memory: 7850
Checksum: 3893D5306A9ED999255A4E5C2DA36D5FA361CFE0