BaselineInfo:
  WebDBID: -1
  TimeStamp: 20240828145131
Version:
  Major: 11
  Minor: 0
  Build: 1002
  SpecialBuildName: ""
  ptArchitecture: aarch64_linux
Results:
  Results Complete: true
  NumTestProcesses: 6
  CPU_INTEGER_MATH: 7151.1673333333329
  CPU_FLOATINGPOINT_MATH: 1942.7025781528614
  CPU_PRIME: 7.2462778353746424
  CPU_SORTING: 3077.8261321470823
  CPU_ENCRYPTION: 189.4119936113928
  CPU_COMPRESSION: 5051.4003448153971
  CPU_SINGLETHREAD: 252.12277479699412
  CPU_PHYSICS: 119.86421572358468
  CPU_MATRIX_MULT_SSE: 425.40142348107622
  CPU_mm: 127.75330477873868
  CPU_sse: 298.5984720507854
  CPU_fma: 552.20437491136704
  CPU_avx: 0
  CPU_avx512: 0
  m_CPU_enc_SHA: 271524558.69371873
  m_CPU_enc_AES: 158205570.63353789
  m_CPU_enc_ECDSA: 166108482.51192287
  ME_ALLOC_S: 0
  ME_READ_S: 0
  ME_READ_L: 0
  ME_WRITE: 0
  ME_LARGE: 0
  ME_LATENCY: 0
  ME_THREADED: 0
  SUMM_CPU: 735.57049934955717
  SUMM_ME: 0
SystemInformation:
  OSName: Ubuntu 18.04.6 LTS
  Kernel: 4.9.337-tegra
  Device: quill
  Processor: ARM Cortex-A57 6 Core 2035 MHz
  NumSockets: 2
  Manufacturer: ARM
  NumCores: 6
  NumLogicals: 6
  CPUFrequency: 2035
  Memory: 7850
Checksum: 07CE4C25C459D6D386AF98E6EEE6F9C2A835AB5F