BaselineInfo:
  WebDBID: -1
  TimeStamp: 20240828083946
Version:
  Major: 11
  Minor: 0
  Build: 1002
  SpecialBuildName: ""
  ptArchitecture: aarch64_linux
Results:
  Results Complete: true
  NumTestProcesses: 6
  CPU_INTEGER_MATH: 5126.815333333333
  CPU_FLOATINGPOINT_MATH: 1398.6500143469907
  CPU_PRIME: 5.7781032944918191
  CPU_SORTING: 2154.3331858924016
  CPU_ENCRYPTION: 140.38462283895106
  CPU_COMPRESSION: 3644.1796120197332
  CPU_SINGLETHREAD: 183.01068930605354
  CPU_PHYSICS: 98.744589516363106
  CPU_MATRIX_MULT_SSE: 306.04782389917904
  CPU_mm: 92.101555279870183
  CPU_sse: 216.86205774799222
  CPU_fma: 395.23359005036582
  CPU_avx: 0
  CPU_avx512: 0
  m_CPU_enc_SHA: 201736647.21004039
  m_CPU_enc_AES: 115234409.00704585
  m_CPU_enc_ECDSA: 124640782.61684155
  ME_ALLOC_S: 0
  ME_READ_S: 0
  ME_READ_L: 0
  ME_WRITE: 0
  ME_LARGE: 0
  ME_LATENCY: 0
  ME_THREADED: 0
  SUMM_CPU: 536.61497714847701
  SUMM_ME: 0
SystemInformation:
  OSName: Ubuntu 18.04.6 LTS
  Kernel: 4.9.337-tegra
  Device: quill
  Processor: ARM Cortex-A57 6 Core 2035 MHz
  NumSockets: 2
  Manufacturer: ARM
  NumCores: 6
  NumLogicals: 6
  CPUFrequency: 2035
  Memory: 7850
Checksum: 65F556B6A984E28E66CC350E04C19FEA843CB083