BaselineInfo:
  WebDBID: -1
  TimeStamp: 20240828122336
Version:
  Major: 11
  Minor: 0
  Build: 1002
  SpecialBuildName: ""
  ptArchitecture: aarch64_linux
Results:
  Results Complete: true
  NumTestProcesses: 6
  CPU_INTEGER_MATH: 5909.4246666666668
  CPU_FLOATINGPOINT_MATH: 1263.2996017528039
  CPU_PRIME: 0.959080625826635
  CPU_SORTING: 866.0575942147301
  CPU_ENCRYPTION: 147.37393568856879
  CPU_COMPRESSION: 3360.0390889999185
  CPU_SINGLETHREAD: 184.89018803406586
  CPU_PHYSICS: 17.356023852865405
  CPU_MATRIX_MULT_SSE: 353.79237306401023
  CPU_mm: 106.43655474323329
  CPU_sse: 244.66770250233097
  CPU_fma: 462.91704362568942
  CPU_avx: 0
  CPU_avx512: 0
  m_CPU_enc_SHA: 223052549.85893577
  m_CPU_enc_AES: 125084916.62548554
  m_CPU_enc_ECDSA: 115460849.48130885
  ME_ALLOC_S: 0
  ME_READ_S: 0
  ME_READ_L: 0
  ME_WRITE: 0
  ME_LARGE: 0
  ME_LATENCY: 0
  ME_THREADED: 0
  SUMM_CPU: 426.36577992253075
  SUMM_ME: 0
SystemInformation:
  OSName: Ubuntu 18.04.6 LTS
  Kernel: 4.9.337-tegra
  Device: quill
  Processor: ARM Cortex-A57 6 Core 2035 MHz
  NumSockets: 2
  Manufacturer: ARM
  NumCores: 6
  NumLogicals: 6
  CPUFrequency: 2035
  Memory: 7850
Checksum: E8C5CBCDFE2C4A72688104A262E5F31C4B09BCBF