BaselineInfo:
  WebDBID: -1
  TimeStamp: 20240828050812
Version:
  Major: 11
  Minor: 0
  Build: 1002
  SpecialBuildName: ""
  ptArchitecture: aarch64_linux
Results:
  Results Complete: true
  NumTestProcesses: 6
  CPU_INTEGER_MATH: 4137.0753333333332
  CPU_FLOATINGPOINT_MATH: 1120.3891081165111
  CPU_PRIME: 4.5894897614330548
  CPU_SORTING: 1759.8598432102854
  CPU_ENCRYPTION: 116.27146904309166
  CPU_COMPRESSION: 2879.1918486177215
  CPU_SINGLETHREAD: 147.15250577540402
  CPU_PHYSICS: 78.557365674933692
  CPU_MATRIX_MULT_SSE: 246.61803993612671
  CPU_mm: 73.916652673687025
  CPU_sse: 173.53075268510807
  CPU_fma: 319.70532718714537
  CPU_avx: 0
  CPU_avx512: 0
  m_CPU_enc_SHA: 171788811.44903168
  m_CPU_enc_AES: 91727803.055002302
  m_CPU_enc_ECDSA: 102241801.26595262
  ME_ALLOC_S: 0
  ME_READ_S: 0
  ME_READ_L: 0
  ME_WRITE: 0
  ME_LARGE: 0
  ME_LATENCY: 0
  ME_THREADED: 0
  SUMM_CPU: 433.15829477091694
  SUMM_ME: 0
SystemInformation:
  OSName: Ubuntu 18.04.6 LTS
  Kernel: 4.9.337-tegra
  Device: quill
  Processor: ARM Cortex-A57 6 Core 2035 MHz
  NumSockets: 2
  Manufacturer: ARM
  NumCores: 6
  NumLogicals: 6
  CPUFrequency: 2035
  Memory: 7850
Checksum: 8B59E6A95D6DE546F99B82990FDEC20160C8AAD9