BaselineInfo:
  WebDBID: -1
  TimeStamp: 20240827194842
Version:
  Major: 11
  Minor: 0
  Build: 1002
  SpecialBuildName: ""
  ptArchitecture: aarch64_linux
Results:
  Results Complete: true
  NumTestProcesses: 6
  CPU_INTEGER_MATH: 1800.0866666666668
  CPU_FLOATINGPOINT_MATH: 444.80802698484536
  CPU_PRIME: 1.2455859071654578
  CPU_SORTING: 715.64100993213549
  CPU_ENCRYPTION: 59.820531338237593
  CPU_COMPRESSION: 0
  CPU_SINGLETHREAD: 228.91929123495683
  CPU_PHYSICS: 22.61707239596457
  CPU_MATRIX_MULT_SSE: 109.71715167192208
  CPU_mm: 32.981607799218949
  CPU_sse: 77.855438250761466
  CPU_fma: 141.5788650930827
  CPU_avx: 0
  CPU_avx512: 0
  m_CPU_enc_SHA: 82758102.070003867
  m_CPU_enc_AES: 45118747.318633214
  m_CPU_enc_ECDSA: 60302271.016934387
  ME_ALLOC_S: 0
  ME_READ_S: 0
  ME_READ_L: 0
  ME_WRITE: 0
  ME_LARGE: 0
  ME_LATENCY: 0
  ME_THREADED: 0
  SUMM_CPU: 0
  SUMM_ME: 0
SystemInformation:
  OSName: Ubuntu 18.04.6 LTS
  Kernel: 4.9.337-tegra
  Device: quill
  Processor: ARM Cortex-A57 6 Core 2035 MHz
  NumSockets: 2
  Manufacturer: ARM
  NumCores: 6
  NumLogicals: 6
  CPUFrequency: 2035
  Memory: 7850
Checksum: A332148219E432E5C35829B715F0682644853429