BaselineInfo:
  WebDBID: -1
  TimeStamp: 20240828153933
Version:
  Major: 11
  Minor: 0
  Build: 1002
  SpecialBuildName: ""
  ptArchitecture: aarch64_linux
Results:
  Results Complete: true
  NumTestProcesses: 6
  CPU_INTEGER_MATH: 7931.0313333333343
  CPU_FLOATINGPOINT_MATH: 2140.1087579779178
  CPU_PRIME: 7.0030735070629948
  CPU_SORTING: 3281.9956319743233
  CPU_ENCRYPTION: 217.3078464595516
  CPU_COMPRESSION: 5599.974575340475
  CPU_SINGLETHREAD: 278.1348732691086
  CPU_PHYSICS: 114.53015803145331
  CPU_MATRIX_MULT_SSE: 474.00427103933595
  CPU_mm: 141.91178869361281
  CPU_sse: 332.00091860079948
  CPU_fma: 616.00762347787247
  CPU_avx: 0
  CPU_avx512: 0
  m_CPU_enc_SHA: 319396052.79475796
  m_CPU_enc_AES: 175992934.98460758
  m_CPU_enc_ECDSA: 188202389.44814679
  ME_ALLOC_S: 0
  ME_READ_S: 0
  ME_READ_L: 0
  ME_WRITE: 0
  ME_LARGE: 0
  ME_LATENCY: 0
  ME_THREADED: 0
  SUMM_CPU: 816.53408412188537
  SUMM_ME: 0
SystemInformation:
  OSName: Ubuntu 18.04.6 LTS
  Kernel: 4.9.337-tegra
  Device: quill
  Processor: ARM Cortex-A57 6 Core 2035 MHz
  NumSockets: 2
  Manufacturer: ARM
  NumCores: 6
  NumLogicals: 6
  CPUFrequency: 2035
  Memory: 7850
Checksum: 8AC727BDC9F8C4A2054DA1775927AE3ACAE75DEC