BaselineInfo:
  WebDBID: -1
  TimeStamp: 20240828040854
Version:
  Major: 11
  Minor: 0
  Build: 1002
  SpecialBuildName: ""
  ptArchitecture: aarch64_linux
Results:
  Results Complete: true
  NumTestProcesses: 6
  CPU_INTEGER_MATH: 4141.0513333333338
  CPU_FLOATINGPOINT_MATH: 1127.5273157170627
  CPU_PRIME: 4.8517330502177822
  CPU_SORTING: 1790.1378508907817
  CPU_ENCRYPTION: 117.28287845246453
  CPU_COMPRESSION: 2971.6665015201002
  CPU_SINGLETHREAD: 149.04161661854701
  CPU_PHYSICS: 87.391140153640137
  CPU_MATRIX_MULT_SSE: 247.58631961166964
  CPU_mm: 74.097667584837524
  CPU_sse: 173.28127160692716
  CPU_fma: 321.89136761641203
  CPU_avx: 0
  CPU_avx512: 0
  m_CPU_enc_SHA: 165135341.71813393
  m_CPU_enc_AES: 91746780.031241164
  m_CPU_enc_ECDSA: 112057912.91913925
  ME_ALLOC_S: 0
  ME_READ_S: 0
  ME_READ_L: 0
  ME_WRITE: 0
  ME_LARGE: 0
  ME_LATENCY: 0
  ME_THREADED: 0
  SUMM_CPU: 440.7562057512456
  SUMM_ME: 0
SystemInformation:
  OSName: Ubuntu 18.04.6 LTS
  Kernel: 4.9.337-tegra
  Device: quill
  Processor: ARM Cortex-A57 6 Core 2035 MHz
  NumSockets: 2
  Manufacturer: ARM
  NumCores: 6
  NumLogicals: 6
  CPUFrequency: 2035
  Memory: 7850
Checksum: B95EC1D8A7F6453499896F21A54F000128BF5E20