BaselineInfo:
  WebDBID: -1
  TimeStamp: 20240828170450
Version:
  Major: 11
  Minor: 0
  Build: 1002
  SpecialBuildName: ""
  ptArchitecture: aarch64_linux
Results:
  Results Complete: true
  NumTestProcesses: 6
  CPU_INTEGER_MATH: 7906.891333333333
  CPU_FLOATINGPOINT_MATH: 2156.7477237507196
  CPU_PRIME: 6.5428837268342681
  CPU_SORTING: 3256.9484147042431
  CPU_ENCRYPTION: 218.28990639587678
  CPU_COMPRESSION: 5486.0494846301081
  CPU_SINGLETHREAD: 278.08377895707002
  CPU_PHYSICS: 106.46507799277651
  CPU_MATRIX_MULT_SSE: 473.25317640729207
  CPU_mm: 141.34832237397495
  CPU_sse: 332.70426788889745
  CPU_fma: 613.80208492568681
  CPU_avx: 0
  CPU_avx512: 0
  m_CPU_enc_SHA: 327555419.58175266
  m_CPU_enc_AES: 176556079.34941822
  m_CPU_enc_ECDSA: 182569171.73571786
  ME_ALLOC_S: 0
  ME_READ_S: 0
  ME_READ_L: 0
  ME_WRITE: 0
  ME_LARGE: 0
  ME_LATENCY: 0
  ME_THREADED: 0
  SUMM_CPU: 809.70997035854214
  SUMM_ME: 0
SystemInformation:
  OSName: Ubuntu 18.04.6 LTS
  Kernel: 4.9.337-tegra
  Device: quill
  Processor: ARM Cortex-A57 6 Core 2035 MHz
  NumSockets: 2
  Manufacturer: ARM
  NumCores: 6
  NumLogicals: 6
  CPUFrequency: 2035
  Memory: 7850
Checksum: C691E6E160D47ECA8A1296B47B867B5DFEB0FBB1