BaselineInfo:
  WebDBID: -1
  TimeStamp: 20240828102658
Version:
  Major: 11
  Minor: 0
  Build: 1002
  SpecialBuildName: ""
  ptArchitecture: aarch64_linux
Results:
  Results Complete: true
  NumTestProcesses: 6
  CPU_INTEGER_MATH: 6124.7440000000006
  CPU_FLOATINGPOINT_MATH: 1649.86577560401
  CPU_PRIME: 5.1708127009573301
  CPU_SORTING: 2412.3715338041584
  CPU_ENCRYPTION: 174.26032808532275
  CPU_COMPRESSION: 4293.7452218636217
  CPU_SINGLETHREAD: 215.27971549224796
  CPU_PHYSICS: 84.020652917118895
  CPU_MATRIX_MULT_SSE: 365.73412320077034
  CPU_mm: 109.37262519950227
  CPU_sse: 257.12064941205296
  CPU_fma: 474.34759698948778
  CPU_avx: 0
  CPU_avx512: 0
  m_CPU_enc_SHA: 266246823.13303605
  m_CPU_enc_AES: 136242328.33129728
  m_CPU_enc_ECDSA: 145686441.88285291
  ME_ALLOC_S: 0
  ME_READ_S: 0
  ME_READ_L: 0
  ME_WRITE: 0
  ME_LARGE: 0
  ME_LATENCY: 0
  ME_THREADED: 0
  SUMM_CPU: 632.88243590642162
  SUMM_ME: 0
SystemInformation:
  OSName: Ubuntu 18.04.6 LTS
  Kernel: 4.9.337-tegra
  Device: quill
  Processor: ARM Cortex-A57 6 Core 2035 MHz
  NumSockets: 2
  Manufacturer: ARM
  NumCores: 6
  NumLogicals: 6
  CPUFrequency: 2035
  Memory: 7850
Checksum: 40C28D118AE1893A2BFFA570E2374356A16B4E32