BaselineInfo:
  WebDBID: -1
  TimeStamp: 20240828065348
Version:
  Major: 11
  Minor: 0
  Build: 1002
  SpecialBuildName: ""
  ptArchitecture: aarch64_linux
Results:
  Results Complete: true
  NumTestProcesses: 6
  CPU_INTEGER_MATH: 5124.0226666666667
  CPU_FLOATINGPOINT_MATH: 1382.4598258349258
  CPU_PRIME: 4.520539534493877
  CPU_SORTING: 2058.1951769297093
  CPU_ENCRYPTION: 141.87150401475472
  CPU_COMPRESSION: 3389.1099134972528
  CPU_SINGLETHREAD: 180.98565117869367
  CPU_PHYSICS: 73.321128858389429
  CPU_MATRIX_MULT_SSE: 305.40429182902267
  CPU_mm: 92.041110853528295
  CPU_sse: 215.09378715282412
  CPU_fma: 395.71479650522127
  CPU_avx: 0
  CPU_avx512: 0
  m_CPU_enc_SHA: 210109824.04262751
  m_CPU_enc_AES: 113119270.58083138
  m_CPU_enc_ECDSA: 123060067.95786749
  ME_ALLOC_S: 0
  ME_READ_S: 0
  ME_READ_L: 0
  ME_WRITE: 0
  ME_LARGE: 0
  ME_LATENCY: 0
  ME_THREADED: 0
  SUMM_CPU: 518.38092407229101
  SUMM_ME: 0
SystemInformation:
  OSName: Ubuntu 18.04.6 LTS
  Kernel: 4.9.337-tegra
  Device: quill
  Processor: ARM Cortex-A57 6 Core 2035 MHz
  NumSockets: 2
  Manufacturer: ARM
  NumCores: 6
  NumLogicals: 6
  CPUFrequency: 2035
  Memory: 7850
Checksum: BAAF9A1AB1E0613D9A7712AD70DFA7B069946113