BaselineInfo:
  WebDBID: -1
  TimeStamp: 20240828192411
Version:
  Major: 11
  Minor: 0
  Build: 1002
  SpecialBuildName: ""
  ptArchitecture: aarch64_linux
Results:
  Results Complete: true
  NumTestProcesses: 6
  CPU_INTEGER_MATH: 9084.4026666666668
  CPU_FLOATINGPOINT_MATH: 2437.6849681299768
  CPU_PRIME: 7.557826548190814
  CPU_SORTING: 3713.4117488019338
  CPU_ENCRYPTION: 254.09724348709094
  CPU_COMPRESSION: 6488.1473396389429
  CPU_SINGLETHREAD: 317.01832917112148
  CPU_PHYSICS: 123.13042317433873
  CPU_MATRIX_MULT_SSE: 541.92023234622377
  CPU_mm: 162.55555147051538
  CPU_sse: 377.70687455673612
  CPU_fma: 706.13359013571153
  CPU_avx: 0
  CPU_avx512: 0
  m_CPU_enc_SHA: 358088846.11847305
  m_CPU_enc_AES: 203309361.42222244
  m_CPU_enc_ECDSA: 237922606.01946408
  ME_ALLOC_S: 0
  ME_READ_S: 0
  ME_READ_L: 0
  ME_WRITE: 0
  ME_LARGE: 0
  ME_LATENCY: 0
  ME_THREADED: 0
  SUMM_CPU: 939.17953515729494
  SUMM_ME: 0
SystemInformation:
  OSName: Ubuntu 18.04.6 LTS
  Kernel: 4.9.337-tegra
  Device: quill
  Processor: ARM Cortex-A57 6 Core 2035 MHz
  NumSockets: 2
  Manufacturer: ARM
  NumCores: 6
  NumLogicals: 6
  CPUFrequency: 2035
  Memory: 7850
Checksum: 65761A69F42BA98DE4429666C1007D445665D331