BaselineInfo:
  WebDBID: -1
  TimeStamp: 20240828153502
Version:
  Major: 11
  Minor: 0
  Build: 1002
  SpecialBuildName: ""
  ptArchitecture: aarch64_linux
Results:
  Results Complete: true
  NumTestProcesses: 6
  CPU_INTEGER_MATH: 7799.634
  CPU_FLOATINGPOINT_MATH: 1930.3581016106846
  CPU_PRIME: 2.0508089442712141
  CPU_SORTING: 1695.7149599222491
  CPU_ENCRYPTION: 209.86519776189695
  CPU_COMPRESSION: 4989.4013754323541
  CPU_SINGLETHREAD: 256.0572960501687
  CPU_PHYSICS: 37.741025208425938
  CPU_MATRIX_MULT_SSE: 459.60013177945655
  CPU_mm: 138.73947414280801
  CPU_sse: 323.34569704036107
  CPU_fma: 595.85456651855202
  CPU_avx: 0
  CPU_avx512: 0
  m_CPU_enc_SHA: 318953656.24883044
  m_CPU_enc_AES: 169003886.19361335
  m_CPU_enc_ECDSA: 172221286.38269287
  ME_ALLOC_S: 0
  ME_READ_S: 0
  ME_READ_L: 0
  ME_WRITE: 0
  ME_LARGE: 0
  ME_LATENCY: 0
  ME_THREADED: 0
  SUMM_CPU: 667.80190421485565
  SUMM_ME: 0
SystemInformation:
  OSName: Ubuntu 18.04.6 LTS
  Kernel: 4.9.337-tegra
  Device: quill
  Processor: ARM Cortex-A57 6 Core 2035 MHz
  NumSockets: 2
  Manufacturer: ARM
  NumCores: 6
  NumLogicals: 6
  CPUFrequency: 2035
  Memory: 7850
Checksum: 7F69C0B0B2238D63AB57A9DE1C2750C225A10AA5