BaselineInfo:
  WebDBID: -1
  TimeStamp: 20240828104418
Version:
  Major: 11
  Minor: 0
  Build: 1002
  SpecialBuildName: ""
  ptArchitecture: aarch64_linux
Results:
  Results Complete: true
  NumTestProcesses: 6
  CPU_INTEGER_MATH: 6119.4899999999998
  CPU_FLOATINGPOINT_MATH: 1671.7131846727284
  CPU_PRIME: 6.5199221257284252
  CPU_SORTING: 2607.1602311641595
  CPU_ENCRYPTION: 171.21621395170558
  CPU_COMPRESSION: 4237.7888880140135
  CPU_SINGLETHREAD: 217.53800560455224
  CPU_PHYSICS: 112.09163158115911
  CPU_MATRIX_MULT_SSE: 365.92564074643832
  CPU_mm: 109.51300861207199
  CPU_sse: 256.7688599638642
  CPU_fma: 475.08242152901255
  CPU_avx: 0
  CPU_avx512: 0
  m_CPU_enc_SHA: 250554104.71887273
  m_CPU_enc_AES: 139182702.5380913
  m_CPU_enc_ECDSA: 148862831.0249069
  ME_ALLOC_S: 0
  ME_READ_S: 0
  ME_READ_L: 0
  ME_WRITE: 0
  ME_LARGE: 0
  ME_LATENCY: 0
  ME_THREADED: 0
  SUMM_CPU: 638.78943986653508
  SUMM_ME: 0
SystemInformation:
  OSName: Ubuntu 18.04.6 LTS
  Kernel: 4.9.337-tegra
  Device: quill
  Processor: ARM Cortex-A57 6 Core 2035 MHz
  NumSockets: 2
  Manufacturer: ARM
  NumCores: 6
  NumLogicals: 6
  CPUFrequency: 2035
  Memory: 7850
Checksum: 35E24029EF4C47E435F0658ADB0791DF6F741709