BaselineInfo:
  WebDBID: -1
  TimeStamp: 20240828044625
Version:
  Major: 11
  Minor: 0
  Build: 1002
  SpecialBuildName: ""
  ptArchitecture: aarch64_linux
Results:
  Results Complete: true
  NumTestProcesses: 6
  CPU_INTEGER_MATH: 3958.7233333333329
  CPU_FLOATINGPOINT_MATH: 878.20753804510514
  CPU_PRIME: 0.91961184364204995
  CPU_SORTING: 806.58614611966073
  CPU_ENCRYPTION: 103.90138297632198
  CPU_COMPRESSION: 2333.7557555682074
  CPU_SINGLETHREAD: 131.39217670782091
  CPU_PHYSICS: 16.621737216568025
  CPU_MATRIX_MULT_SSE: 240.47227111117041
  CPU_mm: 71.380024768658387
  CPU_sse: 166.90512274242261
  CPU_fma: 314.03941947991825
  CPU_avx: 0
  CPU_avx512: 0
  m_CPU_enc_SHA: 145594821.0456146
  m_CPU_enc_AES: 85060290.769742444
  m_CPU_enc_ECDSA: 96190377.851982325
  ME_ALLOC_S: 0
  ME_READ_S: 0
  ME_READ_L: 0
  ME_WRITE: 0
  ME_LARGE: 0
  ME_LATENCY: 0
  ME_THREADED: 0
  SUMM_CPU: 320.28564193615784
  SUMM_ME: 0
SystemInformation:
  OSName: Ubuntu 18.04.6 LTS
  Kernel: 4.9.337-tegra
  Device: quill
  Processor: ARM Cortex-A57 6 Core 2035 MHz
  NumSockets: 2
  Manufacturer: ARM
  NumCores: 6
  NumLogicals: 6
  CPUFrequency: 2035
  Memory: 7850
Checksum: BBC200FCC389D15274C3D66E8D7D8F950B28A78F