BaselineInfo:
  WebDBID: -1
  TimeStamp: 20240828163643
Version:
  Major: 11
  Minor: 0
  Build: 1002
  SpecialBuildName: ""
  ptArchitecture: aarch64_linux
Results:
  Results Complete: true
  NumTestProcesses: 6
  CPU_INTEGER_MATH: 7793.9066666666677
  CPU_FLOATINGPOINT_MATH: 1944.3884589924646
  CPU_PRIME: 2.061691952244848
  CPU_SORTING: 1684.1230431868778
  CPU_ENCRYPTION: 208.64124683244702
  CPU_COMPRESSION: 4915.9594594590999
  CPU_SINGLETHREAD: 256.40054246017473
  CPU_PHYSICS: 36.564576918778783
  CPU_MATRIX_MULT_SSE: 466.30141485713568
  CPU_mm: 139.38410007145004
  CPU_sse: 329.00937636034837
  CPU_fma: 603.593453353923
  CPU_avx: 0
  CPU_avx512: 0
  m_CPU_enc_SHA: 308629483.10947049
  m_CPU_enc_AES: 169711591.56055799
  m_CPU_enc_ECDSA: 177987537.44571149
  ME_ALLOC_S: 0
  ME_READ_S: 0
  ME_READ_L: 0
  ME_WRITE: 0
  ME_LARGE: 0
  ME_LATENCY: 0
  ME_THREADED: 0
  SUMM_CPU: 664.46800451741115
  SUMM_ME: 0
SystemInformation:
  OSName: Ubuntu 18.04.6 LTS
  Kernel: 4.9.337-tegra
  Device: quill
  Processor: ARM Cortex-A57 6 Core 2035 MHz
  NumSockets: 2
  Manufacturer: ARM
  NumCores: 6
  NumLogicals: 6
  CPUFrequency: 2035
  Memory: 7850
Checksum: 0EAD47256705547B8AEC38C5C06D9624D172421E