BaselineInfo:
  WebDBID: -1
  TimeStamp: 20240827200813
Version:
  Major: 11
  Minor: 0
  Build: 1002
  SpecialBuildName: ""
  ptArchitecture: aarch64_linux
Results:
  Results Complete: true
  NumTestProcesses: 6
  CPU_INTEGER_MATH: 1797.0573333333334
  CPU_FLOATINGPOINT_MATH: 451.19902038221926
  CPU_PRIME: 1.2792416880526589
  CPU_SORTING: 674.5376304676405
  CPU_ENCRYPTION: 59.158416880913592
  CPU_COMPRESSION: 0
  CPU_SINGLETHREAD: 218.8779593995533
  CPU_PHYSICS: 22.696026856623856
  CPU_MATRIX_MULT_SSE: 103.22605962963445
  CPU_mm: 32.961457491539981
  CPU_sse: 71.104642328973767
  CPU_fma: 135.34747693029513
  CPU_avx: 0
  CPU_avx512: 0
  m_CPU_enc_SHA: 82344958.082932502
  m_CPU_enc_AES: 47685493.102330595
  m_CPU_enc_ECDSA: 56065837.232699454
  ME_ALLOC_S: 0
  ME_READ_S: 0
  ME_READ_L: 0
  ME_WRITE: 0
  ME_LARGE: 0
  ME_LATENCY: 0
  ME_THREADED: 0
  SUMM_CPU: 0
  SUMM_ME: 0
SystemInformation:
  OSName: Ubuntu 18.04.6 LTS
  Kernel: 4.9.337-tegra
  Device: quill
  Processor: ARM Cortex-A57 6 Core 2035 MHz
  NumSockets: 2
  Manufacturer: ARM
  NumCores: 6
  NumLogicals: 6
  CPUFrequency: 2035
  Memory: 7850
Checksum: 867B063EBC02726DAA2EF144A6F58FC54BB17DE9