BaselineInfo:
  WebDBID: -1
  TimeStamp: 20240828090622
Version:
  Major: 11
  Minor: 0
  Build: 1002
  SpecialBuildName: ""
  ptArchitecture: aarch64_linux
Results:
  Results Complete: true
  NumTestProcesses: 6
  CPU_INTEGER_MATH: 5140.116
  CPU_FLOATINGPOINT_MATH: 1396.8738559386175
  CPU_PRIME: 5.6720328822829433
  CPU_SORTING: 2155.8142606364609
  CPU_ENCRYPTION: 142.6158884868434
  CPU_COMPRESSION: 3560.6567786816049
  CPU_SINGLETHREAD: 182.51016047378408
  CPU_PHYSICS: 95.520683875940463
  CPU_MATRIX_MULT_SSE: 306.40624062998501
  CPU_mm: 91.933869622501362
  CPU_sse: 216.62245212158007
  CPU_fma: 396.19002913838995
  CPU_avx: 0
  CPU_avx512: 0
  m_CPU_enc_SHA: 210714768.4909102
  m_CPU_enc_AES: 111329401.03012836
  m_CPU_enc_ECDSA: 126586624.13690236
  ME_ALLOC_S: 0
  ME_READ_S: 0
  ME_READ_L: 0
  ME_WRITE: 0
  ME_LARGE: 0
  ME_LATENCY: 0
  ME_THREADED: 0
  SUMM_CPU: 534.98686745617056
  SUMM_ME: 0
SystemInformation:
  OSName: Ubuntu 18.04.6 LTS
  Kernel: 4.9.337-tegra
  Device: quill
  Processor: ARM Cortex-A57 6 Core 2035 MHz
  NumSockets: 2
  Manufacturer: ARM
  NumCores: 6
  NumLogicals: 6
  CPUFrequency: 2035
  Memory: 7850
Checksum: AE9875E80644699300E3BD2D0ACE466A8162A59E