BaselineInfo:
  WebDBID: -1
  TimeStamp: 20240828153121
Version:
  Major: 11
  Minor: 0
  Build: 1002
  SpecialBuildName: ""
  ptArchitecture: aarch64_linux
Results:
  Results Complete: true
  NumTestProcesses: 6
  CPU_INTEGER_MATH: 7081.8240000000005
  CPU_FLOATINGPOINT_MATH: 874.34980747090651
  CPU_PRIME: 0
  CPU_SORTING: 0.23291686759992308
  CPU_ENCRYPTION: 142.48325777773823
  CPU_COMPRESSION: 102.85156327633756
  CPU_SINGLETHREAD: 257.77603662288146
  CPU_PHYSICS: 4.1096203606842465
  CPU_MATRIX_MULT_SSE: 427.40437973613069
  CPU_mm: 126.54799986524471
  CPU_sse: 297.58876974245322
  CPU_fma: 557.21998972980816
  CPU_avx: 0
  CPU_avx512: 0
  m_CPU_enc_SHA: 106764222.73836207
  m_CPU_enc_AES: 98808054.369810686
  m_CPU_enc_ECDSA: 0
  ME_ALLOC_S: 0
  ME_READ_S: 0
  ME_READ_L: 0
  ME_WRITE: 0
  ME_LARGE: 0
  ME_LATENCY: 0
  ME_THREADED: 0
  SUMM_CPU: 0
  SUMM_ME: 0
SystemInformation:
  OSName: Ubuntu 18.04.6 LTS
  Kernel: 4.9.337-tegra
  Device: quill
  Processor: ARM Cortex-A57 6 Core 2035 MHz
  NumSockets: 2
  Manufacturer: ARM
  NumCores: 6
  NumLogicals: 6
  CPUFrequency: 2035
  Memory: 7850
Checksum: 3F83F3957DC22633E73F32D63E36665C909CEBC0