BaselineInfo:
  WebDBID: -1
  TimeStamp: 20240828052244
Version:
  Major: 11
  Minor: 0
  Build: 1002
  SpecialBuildName: ""
  ptArchitecture: aarch64_linux
Results:
  Results Complete: true
  NumTestProcesses: 6
  CPU_INTEGER_MATH: 3941.21
  CPU_FLOATINGPOINT_MATH: 1113.768643427903
  CPU_PRIME: 4.3759427109637334
  CPU_SORTING: 1766.2088908679716
  CPU_ENCRYPTION: 116.27138053415052
  CPU_COMPRESSION: 2789.2925340521419
  CPU_SINGLETHREAD: 146.53646937916261
  CPU_PHYSICS: 74.644079622120188
  CPU_MATRIX_MULT_SSE: 245.31598938747203
  CPU_mm: 74.103646952989322
  CPU_sse: 174.22815544496478
  CPU_fma: 316.40382332997933
  CPU_avx: 0
  CPU_avx512: 0
  m_CPU_enc_SHA: 177383180.64705259
  m_CPU_enc_AES: 92961496.536544532
  m_CPU_enc_ECDSA: 95413460.16133517
  ME_ALLOC_S: 0
  ME_READ_S: 0
  ME_READ_L: 0
  ME_WRITE: 0
  ME_LARGE: 0
  ME_LATENCY: 0
  ME_THREADED: 0
  SUMM_CPU: 426.65416470253223
  SUMM_ME: 0
SystemInformation:
  OSName: Ubuntu 18.04.6 LTS
  Kernel: 4.9.337-tegra
  Device: quill
  Processor: ARM Cortex-A57 6 Core 2035 MHz
  NumSockets: 2
  Manufacturer: ARM
  NumCores: 6
  NumLogicals: 6
  CPUFrequency: 2035
  Memory: 7850
Checksum: D16731A23038A6B0249EB68EC989DDFB86BF86FF