BaselineInfo:
  WebDBID: -1
  TimeStamp: 20240827210534
Version:
  Major: 11
  Minor: 0
  Build: 1002
  SpecialBuildName: ""
  ptArchitecture: aarch64_linux
Results:
  Results Complete: true
  NumTestProcesses: 6
  CPU_INTEGER_MATH: 1801.838
  CPU_FLOATINGPOINT_MATH: 406.5456640605446
  CPU_PRIME: 0.75661905408837027
  CPU_SORTING: 614.15953782420706
  CPU_ENCRYPTION: 55.069734651675063
  CPU_COMPRESSION: 0
  CPU_SINGLETHREAD: 205.27121457032572
  CPU_PHYSICS: 197.26480311955106
  CPU_MATRIX_MULT_SSE: 107.15121777539704
  CPU_mm: 31.251273938918615
  CPU_sse: 76.425189369198279
  CPU_fma: 137.87724618159581
  CPU_avx: 0
  CPU_avx512: 0
  m_CPU_enc_SHA: 83081494.576141924
  m_CPU_enc_AES: 45779679.732870877
  m_CPU_enc_ECDSA: 44373231.937331699
  ME_ALLOC_S: 0
  ME_READ_S: 0
  ME_READ_L: 0
  ME_WRITE: 0
  ME_LARGE: 0
  ME_LATENCY: 0
  ME_THREADED: 0
  SUMM_CPU: 0
  SUMM_ME: 0
SystemInformation:
  OSName: Ubuntu 18.04.6 LTS
  Kernel: 4.9.337-tegra
  Device: quill
  Processor: ARM Cortex-A57 6 Core 2035 MHz
  NumSockets: 2
  Manufacturer: ARM
  NumCores: 6
  NumLogicals: 6
  CPUFrequency: 2035
  Memory: 7850
Checksum: 32396AECD64694C1B5A2BAC1793A9AB9D15207FF