BaselineInfo:
  WebDBID: -1
  TimeStamp: 20240828134426
Version:
  Major: 11
  Minor: 0
  Build: 1002
  SpecialBuildName: ""
  ptArchitecture: aarch64_linux
Results:
  Results Complete: true
  NumTestProcesses: 6
  CPU_INTEGER_MATH: 7084.0486666666666
  CPU_FLOATINGPOINT_MATH: 1892.3350887029487
  CPU_PRIME: 5.5092973899645656
  CPU_SORTING: 2838.6857875999185
  CPU_ENCRYPTION: 195.98271817393811
  CPU_COMPRESSION: 4947.3972461207077
  CPU_SINGLETHREAD: 247.27114205395222
  CPU_PHYSICS: 93.283932285186012
  CPU_MATRIX_MULT_SSE: 421.61917631961842
  CPU_mm: 126.20332127842261
  CPU_sse: 296.96360673901961
  CPU_fma: 546.27474590021711
  CPU_avx: 0
  CPU_avx512: 0
  m_CPU_enc_SHA: 292227902.90562463
  m_CPU_enc_AES: 154745432.2327106
  m_CPU_enc_ECDSA: 169534988.93753067
  ME_ALLOC_S: 0
  ME_READ_S: 0
  ME_READ_L: 0
  ME_WRITE: 0
  ME_LARGE: 0
  ME_LATENCY: 0
  ME_THREADED: 0
  SUMM_CPU: 722.32417015785643
  SUMM_ME: 0
SystemInformation:
  OSName: Ubuntu 18.04.6 LTS
  Kernel: 4.9.337-tegra
  Device: quill
  Processor: ARM Cortex-A57 6 Core 2035 MHz
  NumSockets: 2
  Manufacturer: ARM
  NumCores: 6
  NumLogicals: 6
  CPUFrequency: 2035
  Memory: 7850
Checksum: 5C6959CF1CBF5119A37FB462B5AB3F994AFB9C39