BaselineInfo:
  WebDBID: -1
  TimeStamp: 20240828172742
Version:
  Major: 11
  Minor: 0
  Build: 1002
  SpecialBuildName: ""
  ptArchitecture: aarch64_linux
Results:
  Results Complete: true
  NumTestProcesses: 6
  CPU_INTEGER_MATH: 7830.3533333333344
  CPU_FLOATINGPOINT_MATH: 2125.6318668420627
  CPU_PRIME: 5.1798061218642042
  CPU_SORTING: 3043.0376665108411
  CPU_ENCRYPTION: 218.17549101396787
  CPU_COMPRESSION: 5486.7132011309959
  CPU_SINGLETHREAD: 275.15642586966436
  CPU_PHYSICS: 90.110410137986946
  CPU_MATRIX_MULT_SSE: 472.87938976756681
  CPU_mm: 141.53221046838237
  CPU_sse: 332.86095965110485
  CPU_fma: 612.89781988402876
  CPU_avx: 0
  CPU_avx512: 0
  m_CPU_enc_SHA: 314137369.81494612
  m_CPU_enc_AES: 177886583.13742158
  m_CPU_enc_ECDSA: 194296798.04401952
  ME_ALLOC_S: 0
  ME_READ_S: 0
  ME_READ_L: 0
  ME_WRITE: 0
  ME_LARGE: 0
  ME_LATENCY: 0
  ME_THREADED: 0
  SUMM_CPU: 795.31700634721994
  SUMM_ME: 0
SystemInformation:
  OSName: Ubuntu 18.04.6 LTS
  Kernel: 4.9.337-tegra
  Device: quill
  Processor: ARM Cortex-A57 6 Core 2035 MHz
  NumSockets: 2
  Manufacturer: ARM
  NumCores: 6
  NumLogicals: 6
  CPUFrequency: 2035
  Memory: 7850
Checksum: A0B6C144F886BF3EBFBEADCF95C2CC3D693D7186