BaselineInfo:
  WebDBID: -1
  TimeStamp: 20240828165901
Version:
  Major: 11
  Minor: 0
  Build: 1002
  SpecialBuildName: ""
  ptArchitecture: aarch64_linux
Results:
  Results Complete: true
  NumTestProcesses: 6
  CPU_INTEGER_MATH: 7485.4826666666668
  CPU_FLOATINGPOINT_MATH: 1424.864243178145
  CPU_PRIME: 0.58382434554992879
  CPU_SORTING: 520.49297397550129
  CPU_ENCRYPTION: 173.17370363688585
  CPU_COMPRESSION: 3454.6568077482953
  CPU_SINGLETHREAD: 210.29672035644904
  CPU_PHYSICS: 10.372648947898535
  CPU_MATRIX_MULT_SSE: 415.02533637398074
  CPU_mm: 133.61806937758615
  CPU_sse: 308.25740144264108
  CPU_fma: 521.79327130532033
  CPU_avx: 0
  CPU_avx512: 0
  m_CPU_enc_SHA: 253092994.89665562
  m_CPU_enc_AES: 147603371.90686968
  m_CPU_enc_ECDSA: 144061001.59072825
  ME_ALLOC_S: 0
  ME_READ_S: 0
  ME_READ_L: 0
  ME_WRITE: 0
  ME_LARGE: 0
  ME_LATENCY: 0
  ME_THREADED: 0
  SUMM_CPU: 384.87521610891054
  SUMM_ME: 0
SystemInformation:
  OSName: Ubuntu 18.04.6 LTS
  Kernel: 4.9.337-tegra
  Device: quill
  Processor: ARM Cortex-A57 6 Core 2035 MHz
  NumSockets: 2
  Manufacturer: ARM
  NumCores: 6
  NumLogicals: 6
  CPUFrequency: 2035
  Memory: 7850
Checksum: 74CC6175BDD71D7D1D352EB16C9F9A11E169A74B