BaselineInfo:
  WebDBID: -1
  TimeStamp: 20240828184341
Version:
  Major: 11
  Minor: 0
  Build: 1002
  SpecialBuildName: ""
  ptArchitecture: aarch64_linux
Results:
  Results Complete: true
  NumTestProcesses: 6
  CPU_INTEGER_MATH: 8724.5746666666655
  CPU_FLOATINGPOINT_MATH: 1861.0348896851588
  CPU_PRIME: 0.97005965606733446
  CPU_SORTING: 875.15834998071057
  CPU_ENCRYPTION: 217.1702862949189
  CPU_COMPRESSION: 4625.8532545178532
  CPU_SINGLETHREAD: 257.54561868734339
  CPU_PHYSICS: 18.129408258928368
  CPU_MATRIX_MULT_SSE: 518.89576885951647
  CPU_mm: 156.37626782307103
  CPU_sse: 368.68537287180004
  CPU_fma: 669.106164847233
  CPU_avx: 0
  CPU_avx512: 0
  m_CPU_enc_SHA: 320748394.24851567
  m_CPU_enc_AES: 180297288.69006571
  m_CPU_enc_ECDSA: 182112967.42736119
  ME_ALLOC_S: 0
  ME_READ_S: 0
  ME_READ_L: 0
  ME_WRITE: 0
  ME_LARGE: 0
  ME_LATENCY: 0
  ME_THREADED: 0
  SUMM_CPU: 549.91015820051143
  SUMM_ME: 0
SystemInformation:
  OSName: Ubuntu 18.04.6 LTS
  Kernel: 4.9.337-tegra
  Device: quill
  Processor: ARM Cortex-A57 6 Core 2035 MHz
  NumSockets: 2
  Manufacturer: ARM
  NumCores: 6
  NumLogicals: 6
  CPUFrequency: 2035
  Memory: 7850
Checksum: 155A709F8D17022A1EFFBE99C97D8684420AE63E