BaselineInfo:
  WebDBID: -1
  TimeStamp: 20240828180608
Version:
  Major: 11
  Minor: 0
  Build: 1002
  SpecialBuildName: ""
  ptArchitecture: aarch64_linux
Results:
  Results Complete: true
  NumTestProcesses: 6
  CPU_INTEGER_MATH: 8909.2693333333336
  CPU_FLOATINGPOINT_MATH: 2170.6616204220877
  CPU_PRIME: 2.0848237992525975
  CPU_SORTING: 1752.0586270218564
  CPU_ENCRYPTION: 237.47981804483976
  CPU_COMPRESSION: 5563.4467724298702
  CPU_SINGLETHREAD: 289.70649716494125
  CPU_PHYSICS: 35.983071499116392
  CPU_MATRIX_MULT_SSE: 532.50589184924286
  CPU_mm: 159.51262395595182
  CPU_sse: 376.90542994987192
  CPU_fma: 688.10635374861363
  CPU_avx: 0
  CPU_avx512: 0
  m_CPU_enc_SHA: 356133121.97557938
  m_CPU_enc_AES: 191858795.12627167
  m_CPU_enc_ECDSA: 199054995.9567067
  ME_ALLOC_S: 0
  ME_READ_S: 0
  ME_READ_L: 0
  ME_WRITE: 0
  ME_LARGE: 0
  ME_LATENCY: 0
  ME_THREADED: 0
  SUMM_CPU: 734.87577715938312
  SUMM_ME: 0
SystemInformation:
  OSName: Ubuntu 18.04.6 LTS
  Kernel: 4.9.337-tegra
  Device: quill
  Processor: ARM Cortex-A57 6 Core 2035 MHz
  NumSockets: 2
  Manufacturer: ARM
  NumCores: 6
  NumLogicals: 6
  CPUFrequency: 2035
  Memory: 7850
Checksum: D83A723792C46FB0FCB890544ABBC8BF795EEA24