BaselineInfo:
  WebDBID: -1
  TimeStamp: 20240828015248
Version:
  Major: 11
  Minor: 0
  Build: 1002
  SpecialBuildName: ""
  ptArchitecture: aarch64_linux
Results:
  Results Complete: true
  NumTestProcesses: 6
  CPU_INTEGER_MATH: 3142.507333333333
  CPU_FLOATINGPOINT_MATH: 856.78853403978758
  CPU_PRIME: 4.0065451743072087
  CPU_SORTING: 1340.0051434028242
  CPU_ENCRYPTION: 85.369926716965026
  CPU_COMPRESSION: 2153.8138823247282
  CPU_SINGLETHREAD: 113.22370666090467
  CPU_PHYSICS: 70.259345618972716
  CPU_MATRIX_MULT_SSE: 187.44065444370847
  CPU_mm: 56.217870987210432
  CPU_sse: 130.8078072508132
  CPU_fma: 244.07350163660377
  CPU_avx: 0
  CPU_avx512: 0
  m_CPU_enc_SHA: 123328133.02107236
  m_CPU_enc_AES: 64945636.487982258
  m_CPU_enc_ECDSA: 80276799.32245034
  ME_ALLOC_S: 0
  ME_READ_S: 0
  ME_READ_L: 0
  ME_WRITE: 0
  ME_LARGE: 0
  ME_LATENCY: 0
  ME_THREADED: 0
  SUMM_CPU: 326.71457197024279
  SUMM_ME: 0
SystemInformation:
  OSName: Ubuntu 18.04.6 LTS
  Kernel: 4.9.337-tegra
  Device: quill
  Processor: ARM Cortex-A57 6 Core 2035 MHz
  NumSockets: 2
  Manufacturer: ARM
  NumCores: 6
  NumLogicals: 6
  CPUFrequency: 2035
  Memory: 7850
Checksum: A1B64EE3B33209D48B1BEB4BDF63C234FF8AA4FD