BaselineInfo:
  WebDBID: -1
  TimeStamp: 20240827223057
Version:
  Major: 11
  Minor: 0
  Build: 1002
  SpecialBuildName: ""
  ptArchitecture: aarch64_linux
Results:
  Results Complete: true
  NumTestProcesses: 6
  CPU_INTEGER_MATH: 1828.4866666666667
  CPU_FLOATINGPOINT_MATH: 483.23111107099629
  CPU_PRIME: 2.3879001800066968
  CPU_SORTING: 856.99109583153916
  CPU_ENCRYPTION: 58.93459496277832
  CPU_COMPRESSION: 0
  CPU_SINGLETHREAD: 233.6881917869766
  CPU_PHYSICS: 44.475599322868533
  CPU_MATRIX_MULT_SSE: 111.02220425300285
  CPU_mm: 33.298008965072128
  CPU_sse: 78.41501450450977
  CPU_fma: 143.62939400149597
  CPU_avx: 0
  CPU_avx512: 0
  m_CPU_enc_SHA: 84954936.505173683
  m_CPU_enc_AES: 46894681.576128565
  m_CPU_enc_ECDSA: 53542587.461768471
  ME_ALLOC_S: 0
  ME_READ_S: 0
  ME_READ_L: 0
  ME_WRITE: 0
  ME_LARGE: 0
  ME_LATENCY: 0
  ME_THREADED: 0
  SUMM_CPU: 0
  SUMM_ME: 0
SystemInformation:
  OSName: Ubuntu 18.04.6 LTS
  Kernel: 4.9.337-tegra
  Device: quill
  Processor: ARM Cortex-A57 6 Core 2035 MHz
  NumSockets: 2
  Manufacturer: ARM
  NumCores: 6
  NumLogicals: 6
  CPUFrequency: 2035
  Memory: 7850
Checksum: 642CAEDD264D3703AF1A37F8F1F25D4BF1829E5E