BaselineInfo:
  WebDBID: -1
  TimeStamp: 20240828163432
Version:
  Major: 11
  Minor: 0
  Build: 1002
  SpecialBuildName: ""
  ptArchitecture: aarch64_linux
Results:
  Results Complete: true
  NumTestProcesses: 6
  CPU_INTEGER_MATH: 7499.6826666666657
  CPU_FLOATINGPOINT_MATH: 1309.6902379389728
  CPU_PRIME: 0.58868724075096124
  CPU_SORTING: 529.92602197650126
  CPU_ENCRYPTION: 170.62476031332596
  CPU_COMPRESSION: 3506.6467263069485
  CPU_SINGLETHREAD: 205.35511679702688
  CPU_PHYSICS: 10.508609474160313
  CPU_MATRIX_MULT_SSE: 431.78220220137626
  CPU_mm: 136.31730064707111
  CPU_sse: 312.27152518794753
  CPU_fma: 551.29287921480488
  CPU_avx: 0
  CPU_avx512: 0
  m_CPU_enc_SHA: 254213830.34984356
  m_CPU_enc_AES: 141361568.67029205
  m_CPU_enc_ECDSA: 141163686.99078274
  ME_ALLOC_S: 0
  ME_READ_S: 0
  ME_READ_L: 0
  ME_WRITE: 0
  ME_LARGE: 0
  ME_LATENCY: 0
  ME_THREADED: 0
  SUMM_CPU: 385.91001371086554
  SUMM_ME: 0
SystemInformation:
  OSName: Ubuntu 18.04.6 LTS
  Kernel: 4.9.337-tegra
  Device: quill
  Processor: ARM Cortex-A57 6 Core 2035 MHz
  NumSockets: 2
  Manufacturer: ARM
  NumCores: 6
  NumLogicals: 6
  CPUFrequency: 2035
  Memory: 7850
Checksum: 8C202F3D0E10571AF9F68B5B1B1AB7406F0C2491