BaselineInfo:
  WebDBID: -1
  TimeStamp: 20240828090412
Version:
  Major: 11
  Minor: 0
  Build: 1002
  SpecialBuildName: ""
  ptArchitecture: aarch64_linux
Results:
  Results Complete: true
  NumTestProcesses: 6
  CPU_INTEGER_MATH: 5130.7913333333327
  CPU_FLOATINGPOINT_MATH: 1386.302727384164
  CPU_PRIME: 4.8991462808177308
  CPU_SORTING: 2122.1810881399238
  CPU_ENCRYPTION: 143.19393114056652
  CPU_COMPRESSION: 3513.6639333350117
  CPU_SINGLETHREAD: 181.60875891365154
  CPU_PHYSICS: 80.267162823825529
  CPU_MATRIX_MULT_SSE: 306.03534215884389
  CPU_mm: 91.495336869817081
  CPU_sse: 215.10822766560025
  CPU_fma: 396.96245665208755
  CPU_avx: 0
  CPU_avx512: 0
  m_CPU_enc_SHA: 210799141.82447314
  m_CPU_enc_AES: 115269183.66300021
  m_CPU_enc_ECDSA: 124380833.13147874
  ME_ALLOC_S: 0
  ME_READ_S: 0
  ME_READ_L: 0
  ME_WRITE: 0
  ME_LARGE: 0
  ME_LATENCY: 0
  ME_THREADED: 0
  SUMM_CPU: 528.65113238756726
  SUMM_ME: 0
SystemInformation:
  OSName: Ubuntu 18.04.6 LTS
  Kernel: 4.9.337-tegra
  Device: quill
  Processor: ARM Cortex-A57 6 Core 2035 MHz
  NumSockets: 2
  Manufacturer: ARM
  NumCores: 6
  NumLogicals: 6
  CPUFrequency: 2035
  Memory: 7850
Checksum: E4B554C72AD4C41D5CFCB07946CC9C147FC3CF6C