BaselineInfo:
  WebDBID: -1
  TimeStamp: 20240828002905
Version:
  Major: 11
  Minor: 0
  Build: 1002
  SpecialBuildName: ""
  ptArchitecture: aarch64_linux
Results:
  Results Complete: true
  NumTestProcesses: 6
  CPU_INTEGER_MATH: 2460.1026666666662
  CPU_FLOATINGPOINT_MATH: 485.40596577018357
  CPU_PRIME: 0.50766961454937476
  CPU_SORTING: 491.35487107302095
  CPU_ENCRYPTION: 75.19609100814705
  CPU_COMPRESSION: 1599.3004819610321
  CPU_SINGLETHREAD: 96.8250311327877
  CPU_PHYSICS: 10.267735870827073
  CPU_MATRIX_MULT_SSE: 178.50124021357175
  CPU_mm: 54.201221920784221
  CPU_sse: 123.11928319476121
  CPU_fma: 233.88319723238232
  CPU_avx: 0
  CPU_avx512: 0
  m_CPU_enc_SHA: 103634393.89869152
  m_CPU_enc_AES: 62529149.797165103
  m_CPU_enc_ECDSA: 70382905.279019758
  ME_ALLOC_S: 0
  ME_READ_S: 0
  ME_READ_L: 0
  ME_WRITE: 0
  ME_LARGE: 0
  ME_LATENCY: 0
  ME_THREADED: 0
  SUMM_CPU: 211.6447280396213
  SUMM_ME: 0
SystemInformation:
  OSName: Ubuntu 18.04.6 LTS
  Kernel: 4.9.337-tegra
  Device: quill
  Processor: ARM Cortex-A57 6 Core 2035 MHz
  NumSockets: 2
  Manufacturer: ARM
  NumCores: 6
  NumLogicals: 6
  CPUFrequency: 2035
  Memory: 7850
Checksum: 9CC989D524F9A571ACAC8D4B366F5A20B8E4DC70