BaselineInfo:
  WebDBID: -1
  TimeStamp: 20240828015906
Version:
  Major: 11
  Minor: 0
  Build: 1002
  SpecialBuildName: ""
  ptArchitecture: aarch64_linux
Results:
  Results Complete: true
  NumTestProcesses: 6
  CPU_INTEGER_MATH: 2402.1666666666665
  CPU_FLOATINGPOINT_MATH: 480.9653083478637
  CPU_PRIME: 0.54322039183066761
  CPU_SORTING: 484.86670250732982
  CPU_ENCRYPTION: 76.770270677250707
  CPU_COMPRESSION: 1565.787916203335
  CPU_SINGLETHREAD: 96.900299024918411
  CPU_PHYSICS: 10.233212606455133
  CPU_MATRIX_MULT_SSE: 176.98433490322392
  CPU_mm: 53.582678321492686
  CPU_sse: 121.98279386775577
  CPU_fma: 231.98587593869206
  CPU_avx: 0
  CPU_avx512: 0
  m_CPU_enc_SHA: 113115007.85044354
  m_CPU_enc_AES: 57798528.069342464
  m_CPU_enc_ECDSA: 70584854.117220521
  ME_ALLOC_S: 0
  ME_READ_S: 0
  ME_READ_L: 0
  ME_WRITE: 0
  ME_LARGE: 0
  ME_LATENCY: 0
  ME_THREADED: 0
  SUMM_CPU: 211.88076533788433
  SUMM_ME: 0
SystemInformation:
  OSName: Ubuntu 18.04.6 LTS
  Kernel: 4.9.337-tegra
  Device: quill
  Processor: ARM Cortex-A57 6 Core 2035 MHz
  NumSockets: 2
  Manufacturer: ARM
  NumCores: 6
  NumLogicals: 6
  CPUFrequency: 2035
  Memory: 7850
Checksum: E162D3CC74D6EA797DA3F11FA4BE2F203813B6F8