BaselineInfo:
  WebDBID: -1
  TimeStamp: 20240828142517
Version:
  Major: 11
  Minor: 0
  Build: 1002
  SpecialBuildName: ""
  ptArchitecture: aarch64_linux
Results:
  Results Complete: true
  NumTestProcesses: 6
  CPU_INTEGER_MATH: 7142.6000000000004
  CPU_FLOATINGPOINT_MATH: 1943.9032672935568
  CPU_PRIME: 7.0845944324374024
  CPU_SORTING: 2986.037268403561
  CPU_ENCRYPTION: 194.89043538470588
  CPU_COMPRESSION: 5228.2241941837592
  CPU_SINGLETHREAD: 250.43499793812015
  CPU_PHYSICS: 117.31103659786871
  CPU_MATRIX_MULT_SSE: 424.18345421804753
  CPU_mm: 127.77974838504342
  CPU_sse: 298.87186971662857
  CPU_fma: 549.49503871946638
  CPU_avx: 0
  CPU_avx512: 0
  m_CPU_enc_SHA: 287381640.9351576
  m_CPU_enc_AES: 155932677.55678982
  m_CPU_enc_ECDSA: 169757981.02991265
  ME_ALLOC_S: 0
  ME_READ_S: 0
  ME_READ_L: 0
  ME_WRITE: 0
  ME_LARGE: 0
  ME_LATENCY: 0
  ME_THREADED: 0
  SUMM_CPU: 746.67212893260933
  SUMM_ME: 0
SystemInformation:
  OSName: Ubuntu 18.04.6 LTS
  Kernel: 4.9.337-tegra
  Device: quill
  Processor: ARM Cortex-A57 6 Core 2035 MHz
  NumSockets: 2
  Manufacturer: ARM
  NumCores: 6
  NumLogicals: 6
  CPUFrequency: 2035
  Memory: 7850
Checksum: D205C9E21EC97DCAEDC51C89A96D3AC50689E118