BaselineInfo:
  WebDBID: -1
  TimeStamp: 20240827210833
Version:
  Major: 11
  Minor: 0
  Build: 1002
  SpecialBuildName: ""
  ptArchitecture: aarch64_linux
Results:
  Results Complete: true
  NumTestProcesses: 6
  CPU_INTEGER_MATH: 1870.7079999999999
  CPU_FLOATINGPOINT_MATH: 479.56850124030734
  CPU_PRIME: 1.7765375461663386
  CPU_SORTING: 750.74730932088153
  CPU_ENCRYPTION: 59.073090053684581
  CPU_COMPRESSION: 0
  CPU_SINGLETHREAD: 228.85237831248006
  CPU_PHYSICS: 34.386224716481067
  CPU_MATRIX_MULT_SSE: 106.89622295420881
  CPU_mm: 33.386919763447814
  CPU_sse: 71.956380539402929
  CPU_fma: 141.8360653690147
  CPU_avx: 0
  CPU_avx512: 0
  m_CPU_enc_SHA: 87880605.02617453
  m_CPU_enc_AES: 45744135.085759118
  m_CPU_enc_ECDSA: 52203133.316463441
  ME_ALLOC_S: 0
  ME_READ_S: 0
  ME_READ_L: 0
  ME_WRITE: 0
  ME_LARGE: 0
  ME_LATENCY: 0
  ME_THREADED: 0
  SUMM_CPU: 0
  SUMM_ME: 0
SystemInformation:
  OSName: Ubuntu 18.04.6 LTS
  Kernel: 4.9.337-tegra
  Device: quill
  Processor: ARM Cortex-A57 6 Core 2035 MHz
  NumSockets: 2
  Manufacturer: ARM
  NumCores: 6
  NumLogicals: 6
  CPUFrequency: 2035
  Memory: 7850
Checksum: 9A22D8EA968D5103521E4DA4AF1B2F86E8472A3F