BaselineInfo:
  WebDBID: -1
  TimeStamp: 20240828121816
Version:
  Major: 11
  Minor: 0
  Build: 1002
  SpecialBuildName: ""
  ptArchitecture: aarch64_linux
Results:
  Results Complete: true
  NumTestProcesses: 6
  CPU_INTEGER_MATH: 6150.0199999999995
  CPU_FLOATINGPOINT_MATH: 1672.4934596539028
  CPU_PRIME: 6.4100446181783237
  CPU_SORTING: 2686.405287567105
  CPU_ENCRYPTION: 170.87188327816909
  CPU_COMPRESSION: 4374.4032193136654
  CPU_SINGLETHREAD: 219.32578560107109
  CPU_PHYSICS: 109.36108648780163
  CPU_MATRIX_MULT_SSE: 366.04952319844153
  CPU_mm: 109.68285572954056
  CPU_sse: 257.70106744555176
  CPU_fma: 474.39797895133131
  CPU_avx: 0
  CPU_avx512: 0
  m_CPU_enc_SHA: 257784474.61940169
  m_CPU_enc_AES: 137785511.50080243
  m_CPU_enc_ECDSA: 141946481.52066413
  ME_ALLOC_S: 0
  ME_READ_S: 0
  ME_READ_L: 0
  ME_WRITE: 0
  ME_LARGE: 0
  ME_LATENCY: 0
  ME_THREADED: 0
  SUMM_CPU: 644.89518780410174
  SUMM_ME: 0
SystemInformation:
  OSName: Ubuntu 18.04.6 LTS
  Kernel: 4.9.337-tegra
  Device: quill
  Processor: ARM Cortex-A57 6 Core 2035 MHz
  NumSockets: 2
  Manufacturer: ARM
  NumCores: 6
  NumLogicals: 6
  CPUFrequency: 2035
  Memory: 7850
Checksum: 7FB9D8C0E6C1ACE28A9ABD075E5EC447B4BD5153