BaselineInfo:
  WebDBID: -1
  TimeStamp: 20240828005317
Version:
  Major: 11
  Minor: 0
  Build: 1002
  SpecialBuildName: ""
  ptArchitecture: aarch64_linux
Results:
  Results Complete: true
  NumTestProcesses: 6
  CPU_INTEGER_MATH: 3131.4313333333334
  CPU_FLOATINGPOINT_MATH: 840.69433899112528
  CPU_PRIME: 3.4043160998660835
  CPU_SORTING: 1294.5785412633973
  CPU_ENCRYPTION: 85.121390898946686
  CPU_COMPRESSION: 2116.5335607420475
  CPU_SINGLETHREAD: 112.12308088248368
  CPU_PHYSICS: 56.222086978622009
  CPU_MATRIX_MULT_SSE: 186.71125255907236
  CPU_mm: 56.24408602715792
  CPU_sse: 130.74392440233242
  CPU_fma: 242.67858071581222
  CPU_avx: 0
  CPU_avx512: 0
  m_CPU_enc_SHA: 124113880.20125194
  m_CPU_enc_AES: 63969600.115847908
  m_CPU_enc_ECDSA: 79685262.432661906
  ME_ALLOC_S: 0
  ME_READ_S: 0
  ME_READ_L: 0
  ME_WRITE: 0
  ME_LARGE: 0
  ME_LATENCY: 0
  ME_THREADED: 0
  SUMM_CPU: 320.90281146750294
  SUMM_ME: 0
SystemInformation:
  OSName: Ubuntu 18.04.6 LTS
  Kernel: 4.9.337-tegra
  Device: quill
  Processor: ARM Cortex-A57 6 Core 2035 MHz
  NumSockets: 2
  Manufacturer: ARM
  NumCores: 6
  NumLogicals: 6
  CPUFrequency: 2035
  Memory: 7850
Checksum: 192FD0FC2B9716DCEC676E457A4158DEA2256949