BaselineInfo:
  WebDBID: -1
  TimeStamp: 20240828003758
Version:
  Major: 11
  Minor: 0
  Build: 1002
  SpecialBuildName: ""
  ptArchitecture: aarch64_linux
Results:
  Results Complete: true
  NumTestProcesses: 6
  CPU_INTEGER_MATH: 3138.9099999999999
  CPU_FLOATINGPOINT_MATH: 852.714018427734
  CPU_PRIME: 3.7588961224636366
  CPU_SORTING: 1332.8341678405363
  CPU_ENCRYPTION: 86.904673287849917
  CPU_COMPRESSION: 2150.3958062457154
  CPU_SINGLETHREAD: 112.62193314845042
  CPU_PHYSICS: 63.608743516196157
  CPU_MATRIX_MULT_SSE: 186.72743910958837
  CPU_mm: 56.281264565194121
  CPU_sse: 131.69923096354768
  CPU_fma: 241.7556472556291
  CPU_avx: 0
  CPU_avx512: 0
  m_CPU_enc_SHA: 124260990.9693763
  m_CPU_enc_AES: 68318578.257946074
  m_CPU_enc_ECDSA: 80798894.865119189
  ME_ALLOC_S: 0
  ME_READ_S: 0
  ME_READ_L: 0
  ME_WRITE: 0
  ME_LARGE: 0
  ME_LATENCY: 0
  ME_THREADED: 0
  SUMM_CPU: 326.75848519268908
  SUMM_ME: 0
SystemInformation:
  OSName: Ubuntu 18.04.6 LTS
  Kernel: 4.9.337-tegra
  Device: quill
  Processor: ARM Cortex-A57 6 Core 2035 MHz
  NumSockets: 2
  Manufacturer: ARM
  NumCores: 6
  NumLogicals: 6
  CPUFrequency: 2035
  Memory: 7850
Checksum: 5ED44559DDE4861A02E463AD33CB4704DF609D28