BaselineInfo:
  WebDBID: -1
  TimeStamp: 20240828043319
Version:
  Major: 11
  Minor: 0
  Build: 1002
  SpecialBuildName: ""
  ptArchitecture: aarch64_linux
Results:
  Results Complete: true
  NumTestProcesses: 6
  CPU_INTEGER_MATH: 4117.5266666666666
  CPU_FLOATINGPOINT_MATH: 1089.335946912749
  CPU_PRIME: 3.0658001886630561
  CPU_SORTING: 1643.5733797941373
  CPU_ENCRYPTION: 115.93916983468104
  CPU_COMPRESSION: 2792.8217264078357
  CPU_SINGLETHREAD: 144.37037823758405
  CPU_PHYSICS: 51.980451162303901
  CPU_MATRIX_MULT_SSE: 245.99901325539281
  CPU_mm: 73.675017206896399
  CPU_sse: 173.27288745277303
  CPU_fma: 318.72513905801259
  CPU_avx: 0
  CPU_avx512: 0
  m_CPU_enc_SHA: 169864174.87066808
  m_CPU_enc_AES: 92678828.900384873
  m_CPU_enc_ECDSA: 102170089.07465857
  ME_ALLOC_S: 0
  ME_READ_S: 0
  ME_READ_L: 0
  ME_WRITE: 0
  ME_LARGE: 0
  ME_LATENCY: 0
  ME_THREADED: 0
  SUMM_CPU: 417.213114196253
  SUMM_ME: 0
SystemInformation:
  OSName: Ubuntu 18.04.6 LTS
  Kernel: 4.9.337-tegra
  Device: quill
  Processor: ARM Cortex-A57 6 Core 2035 MHz
  NumSockets: 2
  Manufacturer: ARM
  NumCores: 6
  NumLogicals: 6
  CPUFrequency: 2035
  Memory: 7850
Checksum: 0005BFAFC46C55E7FA511EC651A8ECBFC938E807