BaselineInfo:
  WebDBID: -1
  TimeStamp: 20240828105040
Version:
  Major: 11
  Minor: 0
  Build: 1002
  SpecialBuildName: ""
  ptArchitecture: aarch64_linux
Results:
  Results Complete: true
  NumTestProcesses: 6
  CPU_INTEGER_MATH: 6058.572000000001
  CPU_FLOATINGPOINT_MATH: 1513.5497708049609
  CPU_PRIME: 1.9761998898963538
  CPU_SORTING: 1606.1073225154478
  CPU_ENCRYPTION: 161.301424079952
  CPU_COMPRESSION: 3887.4722961891266
  CPU_SINGLETHREAD: 203.61591557062616
  CPU_PHYSICS: 36.610375167442449
  CPU_MATRIX_MULT_SSE: 360.46779262856046
  CPU_mm: 108.32777069602673
  CPU_sse: 254.15507479724556
  CPU_fma: 466.7805104598753
  CPU_avx: 0
  CPU_avx512: 0
  m_CPU_enc_SHA: 243277327.01070324
  m_CPU_enc_AES: 129951260.25329447
  m_CPU_enc_ECDSA: 134181818.90418154
  ME_ALLOC_S: 0
  ME_READ_S: 0
  ME_READ_L: 0
  ME_WRITE: 0
  ME_LARGE: 0
  ME_LATENCY: 0
  ME_THREADED: 0
  SUMM_CPU: 540.84653904329184
  SUMM_ME: 0
SystemInformation:
  OSName: Ubuntu 18.04.6 LTS
  Kernel: 4.9.337-tegra
  Device: quill
  Processor: ARM Cortex-A57 6 Core 2035 MHz
  NumSockets: 2
  Manufacturer: ARM
  NumCores: 6
  NumLogicals: 6
  CPUFrequency: 2035
  Memory: 7850
Checksum: 457AE6CC0FBB3043CFC92899182618579125F570