BaselineInfo:
  WebDBID: -1
  TimeStamp: 20240828161110
Version:
  Major: 11
  Minor: 0
  Build: 1002
  SpecialBuildName: ""
  ptArchitecture: aarch64_linux
Results:
  Results Complete: true
  NumTestProcesses: 6
  CPU_INTEGER_MATH: 7637.2333333333336
  CPU_FLOATINGPOINT_MATH: 1652.0692525311385
  CPU_PRIME: 0.9492193851752706
  CPU_SORTING: 872.36744936295497
  CPU_ENCRYPTION: 184.38983993361305
  CPU_COMPRESSION: 4196.1728815490251
  CPU_SINGLETHREAD: 227.38801535344888
  CPU_PHYSICS: 16.989944247161958
  CPU_MATRIX_MULT_SSE: 452.320258409865
  CPU_mm: 137.25055930523354
  CPU_sse: 322.13769504554364
  CPU_fma: 582.50282177418637
  CPU_avx: 0
  CPU_avx512: 0
  m_CPU_enc_SHA: 280320896.286645
  m_CPU_enc_AES: 143290462.66250318
  m_CPU_enc_ECDSA: 156428923.4455367
  ME_ALLOC_S: 0
  ME_READ_S: 0
  ME_READ_L: 0
  ME_WRITE: 0
  ME_LARGE: 0
  ME_LATENCY: 0
  ME_THREADED: 0
  SUMM_CPU: 499.94227997227358
  SUMM_ME: 0
SystemInformation:
  OSName: Ubuntu 18.04.6 LTS
  Kernel: 4.9.337-tegra
  Device: quill
  Processor: ARM Cortex-A57 6 Core 2035 MHz
  NumSockets: 2
  Manufacturer: ARM
  NumCores: 6
  NumLogicals: 6
  CPUFrequency: 2035
  Memory: 7850
Checksum: 21631F10851E31BEE33A09A64DC9223B349D86EE