BaselineInfo:
  WebDBID: -1
  TimeStamp: 20240828095708
Version:
  Major: 11
  Minor: 0
  Build: 1002
  SpecialBuildName: ""
  ptArchitecture: aarch64_linux
Results:
  Results Complete: true
  NumTestProcesses: 6
  CPU_INTEGER_MATH: 6048.8213333333333
  CPU_FLOATINGPOINT_MATH: 1489.6576947358399
  CPU_PRIME: 1.9953507117316178
  CPU_SORTING: 1596.5642351469603
  CPU_ENCRYPTION: 162.49560995816179
  CPU_COMPRESSION: 3814.9219031821431
  CPU_SINGLETHREAD: 201.7099868079855
  CPU_PHYSICS: 35.278071889985206
  CPU_MATRIX_MULT_SSE: 359.54976026706311
  CPU_mm: 108.60305279165664
  CPU_sse: 251.83353131536938
  CPU_fma: 467.26598921875677
  CPU_avx: 0
  CPU_avx512: 0
  m_CPU_enc_SHA: 249523755.35718364
  m_CPU_enc_AES: 130004193.15464199
  m_CPU_enc_ECDSA: 131639041.61064281
  ME_ALLOC_S: 0
  ME_READ_S: 0
  ME_READ_L: 0
  ME_WRITE: 0
  ME_LARGE: 0
  ME_LATENCY: 0
  ME_THREADED: 0
  SUMM_CPU: 536.96381656911194
  SUMM_ME: 0
SystemInformation:
  OSName: Ubuntu 18.04.6 LTS
  Kernel: 4.9.337-tegra
  Device: quill
  Processor: ARM Cortex-A57 6 Core 2035 MHz
  NumSockets: 2
  Manufacturer: ARM
  NumCores: 6
  NumLogicals: 6
  CPUFrequency: 2035
  Memory: 7850
Checksum: 6B35C85EA63509EF0F2E3E555CFB41DD6660CEFA