BaselineInfo:
  WebDBID: -1
  TimeStamp: 20240827214334
Version:
  Major: 11
  Minor: 0
  Build: 1002
  SpecialBuildName: ""
  ptArchitecture: aarch64_linux
Results:
  Results Complete: true
  NumTestProcesses: 6
  CPU_INTEGER_MATH: 1751.8066666666666
  CPU_FLOATINGPOINT_MATH: 391.33567084482655
  CPU_PRIME: 0.7464437208468534
  CPU_SORTING: 639.12323205790233
  CPU_ENCRYPTION: 54.075071586346574
  CPU_COMPRESSION: 0
  CPU_SINGLETHREAD: 196.65096041915581
  CPU_PHYSICS: 12.504336785672184
  CPU_MATRIX_MULT_SSE: 108.42102439308384
  CPU_mm: 32.051716134752226
  CPU_sse: 76.183652634737712
  CPU_fma: 140.65839615142994
  CPU_avx: 0
  CPU_avx512: 0
  m_CPU_enc_SHA: 76313309.772512406
  m_CPU_enc_AES: 43627948.65527501
  m_CPU_enc_ECDSA: 50164208.363387428
  ME_ALLOC_S: 0
  ME_READ_S: 0
  ME_READ_L: 0
  ME_WRITE: 0
  ME_LARGE: 0
  ME_LATENCY: 0
  ME_THREADED: 0
  SUMM_CPU: 0
  SUMM_ME: 0
SystemInformation:
  OSName: Ubuntu 18.04.6 LTS
  Kernel: 4.9.337-tegra
  Device: quill
  Processor: ARM Cortex-A57 6 Core 2035 MHz
  NumSockets: 2
  Manufacturer: ARM
  NumCores: 6
  NumLogicals: 6
  CPUFrequency: 2035
  Memory: 7850
Checksum: 617648B5DBC818E63D35ABBE7A0C243F304BA902