BaselineInfo:
  WebDBID: -1
  TimeStamp: 20240828043654
Version:
  Major: 11
  Minor: 0
  Build: 1002
  SpecialBuildName: ""
  ptArchitecture: aarch64_linux
Results:
  Results Complete: true
  NumTestProcesses: 6
  CPU_INTEGER_MATH: 4139.5840000000007
  CPU_FLOATINGPOINT_MATH: 1116.8435473701513
  CPU_PRIME: 4.4883018641678749
  CPU_SORTING: 1798.2781964045794
  CPU_ENCRYPTION: 115.9954769208362
  CPU_COMPRESSION: 2869.142137650113
  CPU_SINGLETHREAD: 147.08365626759189
  CPU_PHYSICS: 77.683214669318176
  CPU_MATRIX_MULT_SSE: 246.1083061303359
  CPU_mm: 72.694737439042257
  CPU_sse: 173.69291272701176
  CPU_fma: 318.52369953366008
  CPU_avx: 0
  CPU_avx512: 0
  m_CPU_enc_SHA: 169699547.75723585
  m_CPU_enc_AES: 93750917.215658993
  m_CPU_enc_ECDSA: 101439754.65033339
  ME_ALLOC_S: 0
  ME_READ_S: 0
  ME_READ_L: 0
  ME_WRITE: 0
  ME_LARGE: 0
  ME_LATENCY: 0
  ME_THREADED: 0
  SUMM_CPU: 432.23802005369475
  SUMM_ME: 0
SystemInformation:
  OSName: Ubuntu 18.04.6 LTS
  Kernel: 4.9.337-tegra
  Device: quill
  Processor: ARM Cortex-A57 6 Core 2035 MHz
  NumSockets: 2
  Manufacturer: ARM
  NumCores: 6
  NumLogicals: 6
  CPUFrequency: 2035
  Memory: 7850
Checksum: CA260C58DE9EB9403DEC0B1888B5691575BACCCF