BaselineInfo:
  WebDBID: -1
  TimeStamp: 20240828162427
Version:
  Major: 11
  Minor: 0
  Build: 1002
  SpecialBuildName: ""
  ptArchitecture: aarch64_linux
Results:
  Results Complete: true
  NumTestProcesses: 6
  CPU_INTEGER_MATH: 7798.7346666666672
  CPU_FLOATINGPOINT_MATH: 1916.680250910716
  CPU_PRIME: 2.0385145171093617
  CPU_SORTING: 1709.8154732769094
  CPU_ENCRYPTION: 206.08165188690711
  CPU_COMPRESSION: 4966.8820487237372
  CPU_SINGLETHREAD: 256.2321991252436
  CPU_PHYSICS: 36.554330956440772
  CPU_MATRIX_MULT_SSE: 465.99060043803399
  CPU_mm: 140.20236252372044
  CPU_sse: 328.13050744528198
  CPU_fma: 603.8506934307859
  CPU_avx: 0
  CPU_avx512: 0
  m_CPU_enc_SHA: 297637059.05102301
  m_CPU_enc_AES: 167309837.90697274
  m_CPU_enc_ECDSA: 183329925.66890091
  ME_ALLOC_S: 0
  ME_READ_S: 0
  ME_READ_L: 0
  ME_WRITE: 0
  ME_LARGE: 0
  ME_LATENCY: 0
  ME_THREADED: 0
  SUMM_CPU: 663.46308636578135
  SUMM_ME: 0
SystemInformation:
  OSName: Ubuntu 18.04.6 LTS
  Kernel: 4.9.337-tegra
  Device: quill
  Processor: ARM Cortex-A57 6 Core 2035 MHz
  NumSockets: 2
  Manufacturer: ARM
  NumCores: 6
  NumLogicals: 6
  CPUFrequency: 2035
  Memory: 7850
Checksum: B694D8A0FA654BBDCE25E32BCC7B1EC9C4A8DB3B