BaselineInfo:
  WebDBID: -1
  TimeStamp: 20240828134522
Version:
  Major: 11
  Minor: 0
  Build: 1002
  SpecialBuildName: ""
  ptArchitecture: aarch64_linux
Results:
  Results Complete: true
  NumTestProcesses: 6
  CPU_INTEGER_MATH: 7090.5806666666667
  CPU_FLOATINGPOINT_MATH: 1911.6581133973948
  CPU_PRIME: 6.4073483024094529
  CPU_SORTING: 2859.7223937288213
  CPU_ENCRYPTION: 195.12847142397109
  CPU_COMPRESSION: 4985.7318260470074
  CPU_SINGLETHREAD: 248.07354821307285
  CPU_PHYSICS: 103.81358925959756
  CPU_MATRIX_MULT_SSE: 420.88010824312425
  CPU_mm: 126.77120713308631
  CPU_sse: 296.57026686671895
  CPU_fma: 545.18994961952956
  CPU_avx: 0
  CPU_avx512: 0
  m_CPU_enc_SHA: 290123795.57684177
  m_CPU_enc_AES: 152112889.61829239
  m_CPU_enc_ECDSA: 171584410.96045154
  ME_ALLOC_S: 0
  ME_READ_S: 0
  ME_READ_L: 0
  ME_WRITE: 0
  ME_LARGE: 0
  ME_LATENCY: 0
  ME_THREADED: 0
  SUMM_CPU: 729.0698102559578
  SUMM_ME: 0
SystemInformation:
  OSName: Ubuntu 18.04.6 LTS
  Kernel: 4.9.337-tegra
  Device: quill
  Processor: ARM Cortex-A57 6 Core 2035 MHz
  NumSockets: 2
  Manufacturer: ARM
  NumCores: 6
  NumLogicals: 6
  CPUFrequency: 2035
  Memory: 7850
Checksum: F93E23AFA053E684FB43528D9870B664BE54ED62