BaselineInfo:
  WebDBID: -1
  TimeStamp: 20240828101131
Version:
  Major: 11
  Minor: 0
  Build: 1002
  SpecialBuildName: ""
  ptArchitecture: aarch64_linux
Results:
  Results Complete: true
  NumTestProcesses: 6
  CPU_INTEGER_MATH: 6099.8940000000002
  CPU_FLOATINGPOINT_MATH: 1608.9900935940705
  CPU_PRIME: 3.6429257667275046
  CPU_SORTING: 2177.1806053730002
  CPU_ENCRYPTION: 167.55667096048785
  CPU_COMPRESSION: 4150.1214429363981
  CPU_SINGLETHREAD: 211.69960056623012
  CPU_PHYSICS: 62.530561781068585
  CPU_MATRIX_MULT_SSE: 363.2532363168101
  CPU_mm: 109.78071896953325
  CPU_sse: 255.39245655798669
  CPU_fma: 471.11401607563346
  CPU_avx: 0
  CPU_avx512: 0
  m_CPU_enc_SHA: 251862991.8292726
  m_CPU_enc_AES: 130803556.74548444
  m_CPU_enc_ECDSA: 144421162.85243654
  ME_ALLOC_S: 0
  ME_READ_S: 0
  ME_READ_L: 0
  ME_WRITE: 0
  ME_LARGE: 0
  ME_LATENCY: 0
  ME_THREADED: 0
  SUMM_CPU: 601.80338300648907
  SUMM_ME: 0
SystemInformation:
  OSName: Ubuntu 18.04.6 LTS
  Kernel: 4.9.337-tegra
  Device: quill
  Processor: ARM Cortex-A57 6 Core 2035 MHz
  NumSockets: 2
  Manufacturer: ARM
  NumCores: 6
  NumLogicals: 6
  CPUFrequency: 2035
  Memory: 7850
Checksum: A0DC790F02D41665F4C58181CB52BBAF03065D22