BaselineInfo:
  WebDBID: -1
  TimeStamp: 20240828063611
Version:
  Major: 11
  Minor: 0
  Build: 1002
  SpecialBuildName: ""
  ptArchitecture: aarch64_linux
Results:
  Results Complete: true
  NumTestProcesses: 6
  CPU_INTEGER_MATH: 4908.7980000000007
  CPU_FLOATINGPOINT_MATH: 1096.63039239762
  CPU_PRIME: 0.91281712817781913
  CPU_SORTING: 859.61077264266851
  CPU_ENCRYPTION: 129.94004540912596
  CPU_COMPRESSION: 2903.1463670272647
  CPU_SINGLETHREAD: 158.49384080799948
  CPU_PHYSICS: 15.837482351337718
  CPU_MATRIX_MULT_SSE: 296.14635157216458
  CPU_mm: 89.558221894489463
  CPU_sse: 208.2175395347659
  CPU_fma: 384.07516360956322
  CPU_avx: 0
  CPU_avx512: 0
  m_CPU_enc_SHA: 197368552.22274029
  m_CPU_enc_AES: 105700316.71020062
  m_CPU_enc_ECDSA: 105687170.23181798
  ME_ALLOC_S: 0
  ME_READ_S: 0
  ME_READ_L: 0
  ME_WRITE: 0
  ME_LARGE: 0
  ME_LATENCY: 0
  ME_THREADED: 0
  SUMM_CPU: 377.8487978368978
  SUMM_ME: 0
SystemInformation:
  OSName: Ubuntu 18.04.6 LTS
  Kernel: 4.9.337-tegra
  Device: quill
  Processor: ARM Cortex-A57 6 Core 2035 MHz
  NumSockets: 2
  Manufacturer: ARM
  NumCores: 6
  NumLogicals: 6
  CPUFrequency: 2035
  Memory: 7850
Checksum: A983C4AE70479F3A5DC4873EB826A625B75E511C