BaselineInfo:
  WebDBID: -1
  TimeStamp: 20240827195916
Version:
  Major: 11
  Minor: 0
  Build: 1002
  SpecialBuildName: ""
  ptArchitecture: aarch64_linux
Results:
  Results Complete: true
  NumTestProcesses: 6
  CPU_INTEGER_MATH: 1869.2406666666666
  CPU_FLOATINGPOINT_MATH: 459.0199787867503
  CPU_PRIME: 2.4760067449404839
  CPU_SORTING: 790.47972268049239
  CPU_ENCRYPTION: 57.975874038862088
  CPU_COMPRESSION: 0
  CPU_SINGLETHREAD: 247.79149352279413
  CPU_PHYSICS: 46.342564802643636
  CPU_MATRIX_MULT_SSE: 110.63633470532615
  CPU_mm: 30.544691647283152
  CPU_sse: 77.31952965359514
  CPU_fma: 143.95313975705716
  CPU_avx: 0
  CPU_avx512: 0
  m_CPU_enc_SHA: 85122877.966928542
  m_CPU_enc_AES: 47161743.339423105
  m_CPU_enc_ECDSA: 50091708.982169911
  ME_ALLOC_S: 0
  ME_READ_S: 0
  ME_READ_L: 0
  ME_WRITE: 0
  ME_LARGE: 0
  ME_LATENCY: 0
  ME_THREADED: 0
  SUMM_CPU: 0
  SUMM_ME: 0
SystemInformation:
  OSName: Ubuntu 18.04.6 LTS
  Kernel: 4.9.337-tegra
  Device: quill
  Processor: ARM Cortex-A57 6 Core 2035 MHz
  NumSockets: 2
  Manufacturer: ARM
  NumCores: 6
  NumLogicals: 6
  CPUFrequency: 2035
  Memory: 7850
Checksum: 5EF583B5B77DE6F33FD15F29CCA859794F4BE362