BaselineInfo:
  WebDBID: -1
  TimeStamp: 20240828171618
Version:
  Major: 11
  Minor: 0
  Build: 1002
  SpecialBuildName: ""
  ptArchitecture: aarch64_linux
Results:
  Results Complete: true
  NumTestProcesses: 6
  CPU_INTEGER_MATH: 7924.1679999999997
  CPU_FLOATINGPOINT_MATH: 2118.9394958803809
  CPU_PRIME: 5.4647553466902412
  CPU_SORTING: 3090.6656963120972
  CPU_ENCRYPTION: 217.36631704405934
  CPU_COMPRESSION: 5508.4585405050102
  CPU_SINGLETHREAD: 274.93244982920334
  CPU_PHYSICS: 96.326908717657659
  CPU_MATRIX_MULT_SSE: 473.45103126735722
  CPU_mm: 141.93708805088374
  CPU_sse: 332.02787024990693
  CPU_fma: 614.87419228480735
  CPU_avx: 0
  CPU_avx512: 0
  m_CPU_enc_SHA: 337117274.97528744
  m_CPU_enc_AES: 167176523.90726733
  m_CPU_enc_ECDSA: 179481510.89982003
  ME_ALLOC_S: 0
  ME_READ_S: 0
  ME_READ_L: 0
  ME_WRITE: 0
  ME_LARGE: 0
  ME_LATENCY: 0
  ME_THREADED: 0
  SUMM_CPU: 799.41150490589553
  SUMM_ME: 0
SystemInformation:
  OSName: Ubuntu 18.04.6 LTS
  Kernel: 4.9.337-tegra
  Device: quill
  Processor: ARM Cortex-A57 6 Core 2035 MHz
  NumSockets: 2
  Manufacturer: ARM
  NumCores: 6
  NumLogicals: 6
  CPUFrequency: 2035
  Memory: 7850
Checksum: 5113D10BD5505F9ABA817A4F99E3139F270F2CB7