BaselineInfo:
  WebDBID: -1
  TimeStamp: 20240828141142
Version:
  Major: 11
  Minor: 0
  Build: 1002
  SpecialBuildName: ""
  ptArchitecture: aarch64_linux
Results:
  Results Complete: true
  NumTestProcesses: 6
  CPU_INTEGER_MATH: 6968.9813333333332
  CPU_FLOATINGPOINT_MATH: 1928.5814226814828
  CPU_PRIME: 6.7057713020451981
  CPU_SORTING: 3018.6251953448186
  CPU_ENCRYPTION: 193.9982915470074
  CPU_COMPRESSION: 5155.3769209491375
  CPU_SINGLETHREAD: 251.30489747410979
  CPU_PHYSICS: 111.72979841349827
  CPU_MATRIX_MULT_SSE: 424.99898434121872
  CPU_mm: 127.50542600388576
  CPU_sse: 298.99459208995677
  CPU_fma: 551.00337659248066
  CPU_avx: 0
  CPU_avx512: 0
  m_CPU_enc_SHA: 291339839.30769753
  m_CPU_enc_AES: 153739675.83152893
  m_CPU_enc_ECDSA: 165186342.53235805
  ME_ALLOC_S: 0
  ME_READ_S: 0
  ME_READ_L: 0
  ME_WRITE: 0
  ME_LARGE: 0
  ME_LATENCY: 0
  ME_THREADED: 0
  SUMM_CPU: 740.14096905580607
  SUMM_ME: 0
SystemInformation:
  OSName: Ubuntu 18.04.6 LTS
  Kernel: 4.9.337-tegra
  Device: quill
  Processor: ARM Cortex-A57 6 Core 2035 MHz
  NumSockets: 2
  Manufacturer: ARM
  NumCores: 6
  NumLogicals: 6
  CPUFrequency: 2035
  Memory: 7850
Checksum: A38DC6B400B15386AF7E29325194EDC7100653EC