BaselineInfo:
  WebDBID: -1
  TimeStamp: 20240828034713
Version:
  Major: 11
  Minor: 0
  Build: 1002
  SpecialBuildName: ""
  ptArchitecture: aarch64_linux
Results:
  Results Complete: true
  NumTestProcesses: 6
  CPU_INTEGER_MATH: 4133.4306666666662
  CPU_FLOATINGPOINT_MATH: 1104.6104748507746
  CPU_PRIME: 3.8609807975954089
  CPU_SORTING: 1752.0151438210266
  CPU_ENCRYPTION: 116.47957524160014
  CPU_COMPRESSION: 2827.6613724572162
  CPU_SINGLETHREAD: 146.21649828994404
  CPU_PHYSICS: 69.221892270915731
  CPU_MATRIX_MULT_SSE: 247.32206290180642
  CPU_mm: 73.586007795152568
  CPU_sse: 173.70458376320323
  CPU_fma: 320.93954204040966
  CPU_avx: 0
  CPU_avx512: 0
  m_CPU_enc_SHA: 173522315.3610422
  m_CPU_enc_AES: 92264458.265175611
  m_CPU_enc_ECDSA: 100626287.63939056
  ME_ALLOC_S: 0
  ME_READ_S: 0
  ME_READ_L: 0
  ME_WRITE: 0
  ME_LARGE: 0
  ME_LATENCY: 0
  ME_THREADED: 0
  SUMM_CPU: 427.58112252094827
  SUMM_ME: 0
SystemInformation:
  OSName: Ubuntu 18.04.6 LTS
  Kernel: 4.9.337-tegra
  Device: quill
  Processor: ARM Cortex-A57 6 Core 2035 MHz
  NumSockets: 2
  Manufacturer: ARM
  NumCores: 6
  NumLogicals: 6
  CPUFrequency: 2035
  Memory: 7850
Checksum: 4629C96374C1AA0499A6133B8AF2EA8CE2227E9B