BaselineInfo:
  WebDBID: -1
  TimeStamp: 20240828024231
Version:
  Major: 11
  Minor: 0
  Build: 1002
  SpecialBuildName: ""
  ptArchitecture: aarch64_linux
Results:
  Results Complete: true
  NumTestProcesses: 6
  CPU_INTEGER_MATH: 3134.7920000000004
  CPU_FLOATINGPOINT_MATH: 842.40797394696324
  CPU_PRIME: 3.57397542284947
  CPU_SORTING: 1345.0273894657839
  CPU_ENCRYPTION: 83.797060726065197
  CPU_COMPRESSION: 2105.9833603378706
  CPU_SINGLETHREAD: 112.32331899816312
  CPU_PHYSICS: 58.589048721015885
  CPU_MATRIX_MULT_SSE: 186.82640087116337
  CPU_mm: 56.119535872554877
  CPU_sse: 131.91353960623604
  CPU_fma: 241.73926213609073
  CPU_avx: 0
  CPU_avx512: 0
  m_CPU_enc_SHA: 124500071.10795727
  m_CPU_enc_AES: 68246430.105503455
  m_CPU_enc_ECDSA: 70856259.030222893
  ME_ALLOC_S: 0
  ME_READ_S: 0
  ME_READ_L: 0
  ME_WRITE: 0
  ME_LARGE: 0
  ME_LATENCY: 0
  ME_THREADED: 0
  SUMM_CPU: 320.21499881950791
  SUMM_ME: 0
SystemInformation:
  OSName: Ubuntu 18.04.6 LTS
  Kernel: 4.9.337-tegra
  Device: quill
  Processor: ARM Cortex-A57 6 Core 2035 MHz
  NumSockets: 2
  Manufacturer: ARM
  NumCores: 6
  NumLogicals: 6
  CPUFrequency: 2035
  Memory: 7850
Checksum: B1D87CAFBF68527B4AEF6FEDDFA1F1E50BFD8B1A