BaselineInfo:
  WebDBID: -1
  TimeStamp: 20240828092942
Version:
  Major: 11
  Minor: 0
  Build: 1002
  SpecialBuildName: ""
  ptArchitecture: aarch64_linux
Results:
  Results Complete: true
  NumTestProcesses: 6
  CPU_INTEGER_MATH: 5065.2346666666672
  CPU_FLOATINGPOINT_MATH: 1279.3367067750785
  CPU_PRIME: 1.9157006820070679
  CPU_SORTING: 1462.7133113206548
  CPU_ENCRYPTION: 132.87299153205794
  CPU_COMPRESSION: 3241.4995005738997
  CPU_SINGLETHREAD: 171.07520865779404
  CPU_PHYSICS: 33.692723678463423
  CPU_MATRIX_MULT_SSE: 300.99337773326369
  CPU_mm: 90.561237764152352
  CPU_sse: 212.39880455069414
  CPU_fma: 389.58795091583329
  CPU_avx: 0
  CPU_avx512: 0
  m_CPU_enc_SHA: 199911059.1058518
  m_CPU_enc_AES: 107650945.29292201
  m_CPU_enc_ECDSA: 110420285.50738373
  ME_ALLOC_S: 0
  ME_READ_S: 0
  ME_READ_L: 0
  ME_WRITE: 0
  ME_LARGE: 0
  ME_LATENCY: 0
  ME_THREADED: 0
  SUMM_CPU: 458.98215392921946
  SUMM_ME: 0
SystemInformation:
  OSName: Ubuntu 18.04.6 LTS
  Kernel: 4.9.337-tegra
  Device: quill
  Processor: ARM Cortex-A57 6 Core 2035 MHz
  NumSockets: 2
  Manufacturer: ARM
  NumCores: 6
  NumLogicals: 6
  CPUFrequency: 2035
  Memory: 7850
Checksum: 568D1D9EDB2335903A39137D25AA4655FCAF48DA