BaselineInfo:
  WebDBID: -1
  TimeStamp: 20240828064901
Version:
  Major: 11
  Minor: 0
  Build: 1002
  SpecialBuildName: ""
  ptArchitecture: aarch64_linux
Results:
  Results Complete: true
  NumTestProcesses: 6
  CPU_INTEGER_MATH: 4848.9686666666666
  CPU_FLOATINGPOINT_MATH: 943.13845928020964
  CPU_PRIME: 0.57026126608852956
  CPU_SORTING: 512.55464140703305
  CPU_ENCRYPTION: 118.90552360718532
  CPU_COMPRESSION: 2461.6519361532519
  CPU_SINGLETHREAD: 146.80603751873545
  CPU_PHYSICS: 10.418930466438754
  CPU_MATRIX_MULT_SSE: 277.85638218962873
  CPU_mm: 87.773019827441033
  CPU_sse: 194.04758682202254
  CPU_fma: 361.66517755723498
  CPU_avx: 0
  CPU_avx512: 0
  m_CPU_enc_SHA: 172266908.30377531
  m_CPU_enc_AES: 101744575.72984114
  m_CPU_enc_ECDSA: 100032950.9321674
  ME_ALLOC_S: 0
  ME_READ_S: 0
  ME_READ_L: 0
  ME_WRITE: 0
  ME_LARGE: 0
  ME_LATENCY: 0
  ME_THREADED: 0
  SUMM_CPU: 303.59114839493765
  SUMM_ME: 0
SystemInformation:
  OSName: Ubuntu 18.04.6 LTS
  Kernel: 4.9.337-tegra
  Device: quill
  Processor: ARM Cortex-A57 6 Core 2035 MHz
  NumSockets: 2
  Manufacturer: ARM
  NumCores: 6
  NumLogicals: 6
  CPUFrequency: 2035
  Memory: 7850
Checksum: 8EEBE78A5DAF27B3EB1BA78B9D4E9B689A7DEC98