BaselineInfo:
  WebDBID: -1
  TimeStamp: 20240827192806
Version:
  Major: 11
  Minor: 0
  Build: 1002
  SpecialBuildName: ""
  ptArchitecture: aarch64_linux
Results:
  Results Complete: true
  NumTestProcesses: 6
  CPU_INTEGER_MATH: 1808.086
  CPU_FLOATINGPOINT_MATH: 413.24601651017622
  CPU_PRIME: 0.74706530171997543
  CPU_SORTING: 597.26938661497695
  CPU_ENCRYPTION: 52.70395815045979
  CPU_COMPRESSION: 0
  CPU_SINGLETHREAD: 204.51036803515399
  CPU_PHYSICS: 575.62335389225234
  CPU_MATRIX_MULT_SSE: 105.33998683838419
  CPU_mm: 26.384339701425588
  CPU_sse: 70.817560847615709
  CPU_fma: 139.86241282915267
  CPU_avx: 0
  CPU_avx512: 0
  m_CPU_enc_SHA: 75769070.286194801
  m_CPU_enc_AES: 44070433.648753069
  m_CPU_enc_ECDSA: 45952812.929781727
  ME_ALLOC_S: 0
  ME_READ_S: 0
  ME_READ_L: 0
  ME_WRITE: 0
  ME_LARGE: 0
  ME_LATENCY: 0
  ME_THREADED: 0
  SUMM_CPU: 0
  SUMM_ME: 0
SystemInformation:
  OSName: Ubuntu 18.04.6 LTS
  Kernel: 4.9.337-tegra
  Device: quill
  Processor: ARM Cortex-A57 6 Core 2035 MHz
  NumSockets: 2
  Manufacturer: ARM
  NumCores: 6
  NumLogicals: 6
  CPUFrequency: 2035
  Memory: 7850
Checksum: 584AC46088CB4AC97AF570B6EEDE953917A8799F