BaselineInfo:
  WebDBID: -1
  TimeStamp: 20240828000044
Version:
  Major: 11
  Minor: 0
  Build: 1002
  SpecialBuildName: ""
  ptArchitecture: aarch64_linux
Results:
  Results Complete: true
  NumTestProcesses: 6
  CPU_INTEGER_MATH: 3138.3893333333331
  CPU_FLOATINGPOINT_MATH: 841.87628455678271
  CPU_PRIME: 3.4900983716408485
  CPU_SORTING: 1309.5479143042201
  CPU_ENCRYPTION: 85.718463506928444
  CPU_COMPRESSION: 2110.0944780532213
  CPU_SINGLETHREAD: 112.69779118848794
  CPU_PHYSICS: 62.395820846467835
  CPU_MATRIX_MULT_SSE: 187.39787801678622
  CPU_mm: 56.241158750921059
  CPU_sse: 130.79952095415106
  CPU_fma: 243.99623507942135
  CPU_avx: 0
  CPU_avx512: 0
  m_CPU_enc_SHA: 129549469.38606407
  m_CPU_enc_AES: 67500387.755899221
  m_CPU_enc_ECDSA: 72597113.628759682
  ME_ALLOC_S: 0
  ME_READ_S: 0
  ME_READ_L: 0
  ME_WRITE: 0
  ME_LARGE: 0
  ME_LATENCY: 0
  ME_THREADED: 0
  SUMM_CPU: 322.60249024959904
  SUMM_ME: 0
SystemInformation:
  OSName: Ubuntu 18.04.6 LTS
  Kernel: 4.9.337-tegra
  Device: quill
  Processor: ARM Cortex-A57 6 Core 2035 MHz
  NumSockets: 2
  Manufacturer: ARM
  NumCores: 6
  NumLogicals: 6
  CPUFrequency: 2035
  Memory: 7850
Checksum: 1C60F7238D7D348C01C7D1D3378F2AD5E2972A4A