BaselineInfo:
  WebDBID: -1
  TimeStamp: 20240828063722
Version:
  Major: 11
  Minor: 0
  Build: 1002
  SpecialBuildName: ""
  ptArchitecture: aarch64_linux
Results:
  Results Complete: true
  NumTestProcesses: 6
  CPU_INTEGER_MATH: 5056.4306666666671
  CPU_FLOATINGPOINT_MATH: 1262.0772524057547
  CPU_PRIME: 1.9011049032475651
  CPU_SORTING: 1488.6747481989582
  CPU_ENCRYPTION: 136.04823929976851
  CPU_COMPRESSION: 3200.2657925436774
  CPU_SINGLETHREAD: 171.05764483619507
  CPU_PHYSICS: 33.45233767157746
  CPU_MATRIX_MULT_SSE: 302.50161226189829
  CPU_mm: 90.519892784886096
  CPU_sse: 213.26519818836366
  CPU_fma: 391.73802633543289
  CPU_avx: 0
  CPU_avx512: 0
  m_CPU_enc_SHA: 198576201.81442335
  m_CPU_enc_AES: 110369578.1930684
  m_CPU_enc_ECDSA: 119024975.70849051
  ME_ALLOC_S: 0
  ME_READ_S: 0
  ME_READ_L: 0
  ME_WRITE: 0
  ME_LARGE: 0
  ME_LATENCY: 0
  ME_THREADED: 0
  SUMM_CPU: 460.00007908127759
  SUMM_ME: 0
SystemInformation:
  OSName: Ubuntu 18.04.6 LTS
  Kernel: 4.9.337-tegra
  Device: quill
  Processor: ARM Cortex-A57 6 Core 2035 MHz
  NumSockets: 2
  Manufacturer: ARM
  NumCores: 6
  NumLogicals: 6
  CPUFrequency: 2035
  Memory: 7850
Checksum: 8265B170A5D31D1BEAA2EF53D8057F8A3037F604