BaselineInfo:
  WebDBID: -1
  TimeStamp: 20240828192045
Version:
  Major: 11
  Minor: 0
  Build: 1002
  SpecialBuildName: ""
  ptArchitecture: aarch64_linux
Results:
  Results Complete: true
  NumTestProcesses: 6
  CPU_INTEGER_MATH: 9031.1526666666668
  CPU_FLOATINGPOINT_MATH: 2367.5986177437994
  CPU_PRIME: 4.1193591592279235
  CPU_SORTING: 2857.9393930446113
  CPU_ENCRYPTION: 243.17160892439466
  CPU_COMPRESSION: 6238.9966699441775
  CPU_SINGLETHREAD: 306.37168155503997
  CPU_PHYSICS: 66.512237490768911
  CPU_MATRIX_MULT_SSE: 537.7620593707486
  CPU_mm: 161.63055010459718
  CPU_sse: 379.05111877429368
  CPU_fma: 696.47299996720335
  CPU_avx: 0
  CPU_avx512: 0
  m_CPU_enc_SHA: 362470486.55861968
  m_CPU_enc_AES: 196192505.29976177
  m_CPU_enc_ECDSA: 206288747.14013669
  ME_ALLOC_S: 0
  ME_READ_S: 0
  ME_READ_L: 0
  ME_WRITE: 0
  ME_LARGE: 0
  ME_LATENCY: 0
  ME_THREADED: 0
  SUMM_CPU: 861.07028994967311
  SUMM_ME: 0
SystemInformation:
  OSName: Ubuntu 18.04.6 LTS
  Kernel: 4.9.337-tegra
  Device: quill
  Processor: ARM Cortex-A57 6 Core 2035 MHz
  NumSockets: 2
  Manufacturer: ARM
  NumCores: 6
  NumLogicals: 6
  CPUFrequency: 2035
  Memory: 7850
Checksum: 09C15A61D3D6A12A7402491D6FE69C8E3F9D1DCB