BaselineInfo:
  WebDBID: -1
  TimeStamp: 20240828155745
Version:
  Major: 11
  Minor: 0
  Build: 1002
  SpecialBuildName: ""
  ptArchitecture: aarch64_linux
Results:
  Results Complete: true
  NumTestProcesses: 6
  CPU_INTEGER_MATH: 7470.6673333333329
  CPU_FLOATINGPOINT_MATH: 1443.4234795266916
  CPU_PRIME: 0.59129340015163845
  CPU_SORTING: 519.14566388850335
  CPU_ENCRYPTION: 166.71004331406485
  CPU_COMPRESSION: 3551.5446655489914
  CPU_SINGLETHREAD: 205.86480508511445
  CPU_PHYSICS: 10.321679556111611
  CPU_MATRIX_MULT_SSE: 444.23339743574991
  CPU_mm: 133.92745421419659
  CPU_sse: 317.19157190793135
  CPU_fma: 571.27522296356847
  CPU_avx: 0
  CPU_avx512: 0
  m_CPU_enc_SHA: 241989137.73287469
  m_CPU_enc_AES: 140546839.84240037
  m_CPU_enc_ECDSA: 141888473.55899155
  ME_ALLOC_S: 0
  ME_READ_S: 0
  ME_READ_L: 0
  ME_WRITE: 0
  ME_LARGE: 0
  ME_LATENCY: 0
  ME_THREADED: 0
  SUMM_CPU: 387.11805756636033
  SUMM_ME: 0
SystemInformation:
  OSName: Ubuntu 18.04.6 LTS
  Kernel: 4.9.337-tegra
  Device: quill
  Processor: ARM Cortex-A57 6 Core 2035 MHz
  NumSockets: 2
  Manufacturer: ARM
  NumCores: 6
  NumLogicals: 6
  CPUFrequency: 2035
  Memory: 7850
Checksum: A5A0B1AC82345E00488A67787594DE2A6F8BC91C