BaselineInfo:
  WebDBID: -1
  TimeStamp: 20240828155614
Version:
  Major: 11
  Minor: 0
  Build: 1002
  SpecialBuildName: ""
  ptArchitecture: aarch64_linux
Results:
  Results Complete: true
  NumTestProcesses: 6
  CPU_INTEGER_MATH: 6831.3833333333332
  CPU_FLOATINGPOINT_MATH: 921.18501938730321
  CPU_PRIME: 0
  CPU_SORTING: 24.336015540906569
  CPU_ENCRYPTION: 115.72737713905191
  CPU_COMPRESSION: 2167.5669715137246
  CPU_SINGLETHREAD: 179.02375821833024
  CPU_PHYSICS: 5.1591016726342902
  CPU_MATRIX_MULT_SSE: 299.27256114775628
  CPU_mm: 124.15706030300309
  CPU_sse: 251.89633888799935
  CPU_fma: 346.64878340751306
  CPU_avx: 0
  CPU_avx512: 0
  m_CPU_enc_SHA: 155310475.37317777
  m_CPU_enc_AES: 109105737.57093489
  m_CPU_enc_ECDSA: 99630637.688762844
  ME_ALLOC_S: 0
  ME_READ_S: 0
  ME_READ_L: 0
  ME_WRITE: 0
  ME_LARGE: 0
  ME_LATENCY: 0
  ME_THREADED: 0
  SUMM_CPU: 0
  SUMM_ME: 0
SystemInformation:
  OSName: Ubuntu 18.04.6 LTS
  Kernel: 4.9.337-tegra
  Device: quill
  Processor: ARM Cortex-A57 6 Core 2035 MHz
  NumSockets: 2
  Manufacturer: ARM
  NumCores: 6
  NumLogicals: 6
  CPUFrequency: 2035
  Memory: 7850
Checksum: 583ED16A954FCE7B540305DBFD7BBF3BD539CBA5