BaselineInfo:
  WebDBID: -1
  TimeStamp: 20240828141047
Version:
  Major: 11
  Minor: 0
  Build: 1002
  SpecialBuildName: ""
  ptArchitecture: aarch64_linux
Results:
  Results Complete: true
  NumTestProcesses: 6
  CPU_INTEGER_MATH: 7124.1873333333333
  CPU_FLOATINGPOINT_MATH: 1928.9022047065341
  CPU_PRIME: 6.0982402006152885
  CPU_SORTING: 2943.9158032110981
  CPU_ENCRYPTION: 197.87919945927626
  CPU_COMPRESSION: 5121.3742196074863
  CPU_SINGLETHREAD: 252.15963597474021
  CPU_PHYSICS: 106.69611806168126
  CPU_MATRIX_MULT_SSE: 425.13122136655818
  CPU_mm: 127.78151258721108
  CPU_sse: 298.23177662444192
  CPU_fma: 552.03066610867427
  CPU_avx: 0
  CPU_avx512: 0
  m_CPU_enc_SHA: 287634312.45877546
  m_CPU_enc_AES: 158797030.81822696
  m_CPU_enc_ECDSA: 176042795.07962787
  ME_ALLOC_S: 0
  ME_READ_S: 0
  ME_READ_L: 0
  ME_WRITE: 0
  ME_LARGE: 0
  ME_LATENCY: 0
  ME_THREADED: 0
  SUMM_CPU: 740.44415001460266
  SUMM_ME: 0
SystemInformation:
  OSName: Ubuntu 18.04.6 LTS
  Kernel: 4.9.337-tegra
  Device: quill
  Processor: ARM Cortex-A57 6 Core 2035 MHz
  NumSockets: 2
  Manufacturer: ARM
  NumCores: 6
  NumLogicals: 6
  CPUFrequency: 2035
  Memory: 7850
Checksum: DE787B45075178D06521BE5CB126EA2715D2CF71