BaselineInfo:
  WebDBID: -1
  TimeStamp: 20240828191746
Version:
  Major: 11
  Minor: 0
  Build: 1002
  SpecialBuildName: ""
  ptArchitecture: aarch64_linux
Results:
  Results Complete: true
  NumTestProcesses: 6
  CPU_INTEGER_MATH: 8571.6880000000001
  CPU_FLOATINGPOINT_MATH: 1599.5357702322299
  CPU_PRIME: 0.58208653264795651
  CPU_SORTING: 460.82032300040964
  CPU_ENCRYPTION: 191.51744032091432
  CPU_COMPRESSION: 3909.588505454652
  CPU_SINGLETHREAD: 232.34993859957547
  CPU_PHYSICS: 10.628392536561817
  CPU_MATRIX_MULT_SSE: 507.1709289827736
  CPU_mm: 153.65384809035177
  CPU_sse: 361.5495463574141
  CPU_fma: 652.7923116081331
  CPU_avx: 0
  CPU_avx512: 0
  m_CPU_enc_SHA: 281371893.23798281
  m_CPU_enc_AES: 163643895.39752603
  m_CPU_enc_ECDSA: 157445985.87032029
  ME_ALLOC_S: 0
  ME_READ_S: 0
  ME_READ_L: 0
  ME_WRITE: 0
  ME_LARGE: 0
  ME_LATENCY: 0
  ME_THREADED: 0
  SUMM_CPU: 407.45341770443906
  SUMM_ME: 0
SystemInformation:
  OSName: Ubuntu 18.04.6 LTS
  Kernel: 4.9.337-tegra
  Device: quill
  Processor: ARM Cortex-A57 6 Core 2035 MHz
  NumSockets: 2
  Manufacturer: ARM
  NumCores: 6
  NumLogicals: 6
  CPUFrequency: 2035
  Memory: 7850
Checksum: A5582C209F8126549C567A292048B9792DB12045