BaselineInfo:
  WebDBID: -1
  TimeStamp: 20240828114834
Version:
  Major: 11
  Minor: 0
  Build: 1002
  SpecialBuildName: ""
  ptArchitecture: aarch64_linux
Results:
  Results Complete: true
  NumTestProcesses: 6
  CPU_INTEGER_MATH: 6140.6480000000001
  CPU_FLOATINGPOINT_MATH: 1652.0985798852471
  CPU_PRIME: 5.7137689910155274
  CPU_SORTING: 2591.9420818142266
  CPU_ENCRYPTION: 172.47955449900559
  CPU_COMPRESSION: 4252.6953067359573
  CPU_SINGLETHREAD: 216.39332849436795
  CPU_PHYSICS: 98.604079853663265
  CPU_MATRIX_MULT_SSE: 366.62375855574345
  CPU_mm: 109.73170470552446
  CPU_sse: 258.2945361188315
  CPU_fma: 474.9529809926554
  CPU_avx: 0
  CPU_avx512: 0
  m_CPU_enc_SHA: 260474258.02912703
  m_CPU_enc_AES: 136205495.32634991
  m_CPU_enc_ECDSA: 145894010.65957096
  ME_ALLOC_S: 0
  ME_READ_S: 0
  ME_READ_L: 0
  ME_WRITE: 0
  ME_LARGE: 0
  ME_LATENCY: 0
  ME_THREADED: 0
  SUMM_CPU: 636.18067485201311
  SUMM_ME: 0
SystemInformation:
  OSName: Ubuntu 18.04.6 LTS
  Kernel: 4.9.337-tegra
  Device: quill
  Processor: ARM Cortex-A57 6 Core 2035 MHz
  NumSockets: 2
  Manufacturer: ARM
  NumCores: 6
  NumLogicals: 6
  CPUFrequency: 2035
  Memory: 7850
Checksum: 6B8DDD824992A2CFFBA1E27E375AB8ACC6926F20