BaselineInfo:
  WebDBID: -1
  TimeStamp: 20240828103318
Version:
  Major: 11
  Minor: 0
  Build: 1002
  SpecialBuildName: ""
  ptArchitecture: aarch64_linux
Results:
  Results Complete: true
  NumTestProcesses: 6
  CPU_INTEGER_MATH: 5339.1526666666668
  CPU_FLOATINGPOINT_MATH: 749.75671491095488
  CPU_PRIME: 0
  CPU_SORTING: 0.23810969585925024
  CPU_ENCRYPTION: 85.712894081763466
  CPU_COMPRESSION: 1925.642923220739
  CPU_SINGLETHREAD: 145.10513928376278
  CPU_PHYSICS: 5.2559270838536465
  CPU_MATRIX_MULT_SSE: 324.66800604214023
  CPU_mm: 100.11569105518251
  CPU_sse: 222.97350012139083
  CPU_fma: 426.36251196288964
  CPU_avx: 0
  CPU_avx512: 0
  m_CPU_enc_SHA: 119108446.87909405
  m_CPU_enc_AES: 73532724.885039538
  m_CPU_enc_ECDSA: 76988279.109904021
  ME_ALLOC_S: 0
  ME_READ_S: 0
  ME_READ_L: 0
  ME_WRITE: 0
  ME_LARGE: 0
  ME_LATENCY: 0
  ME_THREADED: 0
  SUMM_CPU: 0
  SUMM_ME: 0
SystemInformation:
  OSName: Ubuntu 18.04.6 LTS
  Kernel: 4.9.337-tegra
  Device: quill
  Processor: ARM Cortex-A57 6 Core 2035 MHz
  NumSockets: 2
  Manufacturer: ARM
  NumCores: 6
  NumLogicals: 6
  CPUFrequency: 2035
  Memory: 7850
Checksum: 39143E535DDBE18B5D5F975012AA78D0AAE3111D