BaselineInfo:
  WebDBID: -1
  TimeStamp: 20240828194741
Version:
  Major: 11
  Minor: 0
  Build: 1002
  SpecialBuildName: ""
  ptArchitecture: aarch64_linux
Results:
  Results Complete: true
  NumTestProcesses: 6
  CPU_INTEGER_MATH: 9100.8746666666666
  CPU_FLOATINGPOINT_MATH: 2462.2282402103478
  CPU_PRIME: 7.5723000947911672
  CPU_SORTING: 3735.5293143840445
  CPU_ENCRYPTION: 251.18034516648615
  CPU_COMPRESSION: 6469.0093403307956
  CPU_SINGLETHREAD: 316.71539604798386
  CPU_PHYSICS: 122.97465470492489
  CPU_MATRIX_MULT_SSE: 540.85054001525293
  CPU_mm: 162.30622902857411
  CPU_sse: 380.28297756227073
  CPU_fma: 701.41810246823536
  CPU_avx: 0
  CPU_avx512: 0
  m_CPU_enc_SHA: 374182893.39263111
  m_CPU_enc_AES: 201012599.75458813
  m_CPU_enc_ECDSA: 214949551.69266099
  ME_ALLOC_S: 0
  ME_READ_S: 0
  ME_READ_L: 0
  ME_WRITE: 0
  ME_LARGE: 0
  ME_LATENCY: 0
  ME_THREADED: 0
  SUMM_CPU: 936.22805410657907
  SUMM_ME: 0
SystemInformation:
  OSName: Ubuntu 18.04.6 LTS
  Kernel: 4.9.337-tegra
  Device: quill
  Processor: ARM Cortex-A57 6 Core 2035 MHz
  NumSockets: 2
  Manufacturer: ARM
  NumCores: 6
  NumLogicals: 6
  CPUFrequency: 2035
  Memory: 7850
Checksum: B9A51975DFD31F87BA4B2A8C34F6EAB9E0A2DBD0