BaselineInfo:
  WebDBID: -1
  TimeStamp: 20240828074213
Version:
  Major: 11
  Minor: 0
  Build: 1002
  SpecialBuildName: ""
  ptArchitecture: aarch64_linux
Results:
  Results Complete: true
  NumTestProcesses: 6
  CPU_INTEGER_MATH: 5119.5259999999998
  CPU_FLOATINGPOINT_MATH: 1375.2366984313651
  CPU_PRIME: 5.9890677563916084
  CPU_SORTING: 2105.8141408441998
  CPU_ENCRYPTION: 142.79588811407507
  CPU_COMPRESSION: 3570.9497017027425
  CPU_SINGLETHREAD: 182.92367360540703
  CPU_PHYSICS: 99.476865634927336
  CPU_MATRIX_MULT_SSE: 306.55044827179705
  CPU_mm: 91.743208974093221
  CPU_sse: 216.09708293736833
  CPU_fma: 397.00381360622578
  CPU_avx: 0
  CPU_avx512: 0
  m_CPU_enc_SHA: 219546399.66424969
  m_CPU_enc_AES: 112490502.5734265
  m_CPU_enc_ECDSA: 117160121.28763691
  ME_ALLOC_S: 0
  ME_READ_S: 0
  ME_READ_L: 0
  ME_WRITE: 0
  ME_LARGE: 0
  ME_LATENCY: 0
  ME_THREADED: 0
  SUMM_CPU: 535.33043244906025
  SUMM_ME: 0
SystemInformation:
  OSName: Ubuntu 18.04.6 LTS
  Kernel: 4.9.337-tegra
  Device: quill
  Processor: ARM Cortex-A57 6 Core 2035 MHz
  NumSockets: 2
  Manufacturer: ARM
  NumCores: 6
  NumLogicals: 6
  CPUFrequency: 2035
  Memory: 7850
Checksum: 56EE8BC644D7F932C40C4CAA97D67E19BC5620A1