BaselineInfo:
  WebDBID: -1
  TimeStamp: 20240828184945
Version:
  Major: 11
  Minor: 0
  Build: 1002
  SpecialBuildName: ""
  ptArchitecture: aarch64_linux
Results:
  Results Complete: true
  NumTestProcesses: 6
  CPU_INTEGER_MATH: 9101.8686666666654
  CPU_FLOATINGPOINT_MATH: 2449.1109304557694
  CPU_PRIME: 8.1025973376719627
  CPU_SORTING: 3686.2723017985281
  CPU_ENCRYPTION: 254.05013640214617
  CPU_COMPRESSION: 6380.5076628776569
  CPU_SINGLETHREAD: 317.41659604064705
  CPU_PHYSICS: 129.06298094781295
  CPU_MATRIX_MULT_SSE: 541.90105945343112
  CPU_mm: 162.1046779004281
  CPU_sse: 380.96975661023583
  CPU_fma: 702.83236229662657
  CPU_avx: 0
  CPU_avx512: 0
  m_CPU_enc_SHA: 377460113.79006273
  m_CPU_enc_AES: 195208172.44691515
  m_CPU_enc_ECDSA: 226504341.24707252
  ME_ALLOC_S: 0
  ME_READ_S: 0
  ME_READ_L: 0
  ME_WRITE: 0
  ME_LARGE: 0
  ME_LATENCY: 0
  ME_THREADED: 0
  SUMM_CPU: 937.98948638424076
  SUMM_ME: 0
SystemInformation:
  OSName: Ubuntu 18.04.6 LTS
  Kernel: 4.9.337-tegra
  Device: quill
  Processor: ARM Cortex-A57 6 Core 2035 MHz
  NumSockets: 2
  Manufacturer: ARM
  NumCores: 6
  NumLogicals: 6
  CPUFrequency: 2035
  Memory: 7850
Checksum: 49C29CD8BC5E282B5B6E576141FE49725B25373F