BaselineInfo:
  WebDBID: -1
  TimeStamp: 20240828152440
Version:
  Major: 11
  Minor: 0
  Build: 1002
  SpecialBuildName: ""
  ptArchitecture: aarch64_linux
Results:
  Results Complete: true
  NumTestProcesses: 6
  CPU_INTEGER_MATH: 7912.9026666666668
  CPU_FLOATINGPOINT_MATH: 2121.4645461276396
  CPU_PRIME: 5.2881567201259267
  CPU_SORTING: 2991.6216712152677
  CPU_ENCRYPTION: 216.23205242061613
  CPU_COMPRESSION: 5574.9853326503098
  CPU_SINGLETHREAD: 274.09901510388056
  CPU_PHYSICS: 88.757052722162612
  CPU_MATRIX_MULT_SSE: 470.32039964200271
  CPU_mm: 141.42523059112781
  CPU_sse: 332.07392458684404
  CPU_fma: 608.56687469716132
  CPU_avx: 0
  CPU_avx512: 0
  m_CPU_enc_SHA: 318461876.92632604
  m_CPU_enc_AES: 167970452.55942774
  m_CPU_enc_ECDSA: 193774892.31124619
  ME_ALLOC_S: 0
  ME_READ_S: 0
  ME_READ_L: 0
  ME_WRITE: 0
  ME_LARGE: 0
  ME_LATENCY: 0
  ME_THREADED: 0
  SUMM_CPU: 795.84992658159695
  SUMM_ME: 0
SystemInformation:
  OSName: Ubuntu 18.04.6 LTS
  Kernel: 4.9.337-tegra
  Device: quill
  Processor: ARM Cortex-A57 6 Core 2035 MHz
  NumSockets: 2
  Manufacturer: ARM
  NumCores: 6
  NumLogicals: 6
  CPUFrequency: 2035
  Memory: 7850
Checksum: 8E7FF1531107E0CFC799F80E309EC69EB71EE4BA