BaselineInfo:
  WebDBID: -1
  TimeStamp: 20240828185527
Version:
  Major: 11
  Minor: 0
  Build: 1002
  SpecialBuildName: ""
  ptArchitecture: aarch64_linux
Results:
  Results Complete: true
  NumTestProcesses: 6
  CPU_INTEGER_MATH: 8737.0706666666665
  CPU_FLOATINGPOINT_MATH: 1897.689477436285
  CPU_PRIME: 0.98944181742347204
  CPU_SORTING: 878.73156510466458
  CPU_ENCRYPTION: 215.70839905113124
  CPU_COMPRESSION: 4657.645950684162
  CPU_SINGLETHREAD: 257.87840443815128
  CPU_PHYSICS: 17.639956612358894
  CPU_MATRIX_MULT_SSE: 521.28297628218866
  CPU_mm: 156.16823664062537
  CPU_sse: 371.09406119128084
  CPU_fma: 671.47189137309647
  CPU_avx: 0
  CPU_avx512: 0
  m_CPU_enc_SHA: 321398547.48226309
  m_CPU_enc_AES: 177458063.0088422
  m_CPU_enc_ECDSA: 179703340.23921165
  ME_ALLOC_S: 0
  ME_READ_S: 0
  ME_READ_L: 0
  ME_WRITE: 0
  ME_LARGE: 0
  ME_LATENCY: 0
  ME_THREADED: 0
  SUMM_CPU: 550.98619871383221
  SUMM_ME: 0
SystemInformation:
  OSName: Ubuntu 18.04.6 LTS
  Kernel: 4.9.337-tegra
  Device: quill
  Processor: ARM Cortex-A57 6 Core 2035 MHz
  NumSockets: 2
  Manufacturer: ARM
  NumCores: 6
  NumLogicals: 6
  CPUFrequency: 2035
  Memory: 7850
Checksum: 2B23746AEA3282517FA43313FA40828F10486594