BaselineInfo:
  WebDBID: -1
  TimeStamp: 20240828000455
Version:
  Major: 11
  Minor: 0
  Build: 1002
  SpecialBuildName: ""
  ptArchitecture: aarch64_linux
Results:
  Results Complete: true
  NumTestProcesses: 6
  CPU_INTEGER_MATH: 3134.7919999999999
  CPU_FLOATINGPOINT_MATH: 853.20827773191741
  CPU_PRIME: 4.0370891892329341
  CPU_SORTING: 1353.3097752971084
  CPU_ENCRYPTION: 88.525283907869976
  CPU_COMPRESSION: 2127.4982025114596
  CPU_SINGLETHREAD: 113.00021743889485
  CPU_PHYSICS: 69.728442358217919
  CPU_MATRIX_MULT_SSE: 187.8089075663699
  CPU_mm: 56.194811229113455
  CPU_sse: 131.84277088793257
  CPU_fma: 243.77504424480722
  CPU_avx: 0
  CPU_avx512: 0
  m_CPU_enc_SHA: 129239105.21624875
  m_CPU_enc_AES: 67885843.779278666
  m_CPU_enc_ECDSA: 81351515.301408589
  ME_ALLOC_S: 0
  ME_READ_S: 0
  ME_READ_L: 0
  ME_WRITE: 0
  ME_LARGE: 0
  ME_LATENCY: 0
  ME_THREADED: 0
  SUMM_CPU: 329.01608993172465
  SUMM_ME: 0
SystemInformation:
  OSName: Ubuntu 18.04.6 LTS
  Kernel: 4.9.337-tegra
  Device: quill
  Processor: ARM Cortex-A57 6 Core 2035 MHz
  NumSockets: 2
  Manufacturer: ARM
  NumCores: 6
  NumLogicals: 6
  CPUFrequency: 2035
  Memory: 7850
Checksum: AB7FB5BEBC1B21A48EE2CE8141B26F674CBD92E8