BaselineInfo:
  WebDBID: -1
  TimeStamp: 20240828080430
Version:
  Major: 11
  Minor: 0
  Build: 1002
  SpecialBuildName: ""
  ptArchitecture: aarch64_linux
Results:
  Results Complete: true
  NumTestProcesses: 6
  CPU_INTEGER_MATH: 5108.7813333333334
  CPU_FLOATINGPOINT_MATH: 1339.0163018651813
  CPU_PRIME: 3.4914158824341373
  CPU_SORTING: 1935.2650084018578
  CPU_ENCRYPTION: 139.61223560586163
  CPU_COMPRESSION: 3480.4649747387862
  CPU_SINGLETHREAD: 178.47966387934983
  CPU_PHYSICS: 58.283540121725267
  CPU_MATRIX_MULT_SSE: 304.59499240076889
  CPU_mm: 91.056111186807001
  CPU_sse: 216.34665559868159
  CPU_fma: 392.84332920285618
  CPU_avx: 0
  CPU_avx512: 0
  m_CPU_enc_SHA: 200643822.57025993
  m_CPU_enc_AES: 114749817.38807224
  m_CPU_enc_ECDSA: 123788478.72962369
  ME_ALLOC_S: 0
  ME_READ_S: 0
  ME_READ_L: 0
  ME_WRITE: 0
  ME_LARGE: 0
  ME_LATENCY: 0
  ME_THREADED: 0
  SUMM_CPU: 509.09317281599209
  SUMM_ME: 0
SystemInformation:
  OSName: Ubuntu 18.04.6 LTS
  Kernel: 4.9.337-tegra
  Device: quill
  Processor: ARM Cortex-A57 6 Core 2035 MHz
  NumSockets: 2
  Manufacturer: ARM
  NumCores: 6
  NumLogicals: 6
  CPUFrequency: 2035
  Memory: 7850
Checksum: 6C27A66BB8A95B078510A1977FEA6C4608955E0F