BaselineInfo:
  WebDBID: -1
  TimeStamp: 20240828191856
Version:
  Major: 11
  Minor: 0
  Build: 1002
  SpecialBuildName: ""
  ptArchitecture: aarch64_linux
Results:
  Results Complete: true
  NumTestProcesses: 6
  CPU_INTEGER_MATH: 8741.1886666666669
  CPU_FLOATINGPOINT_MATH: 1857.6308983306587
  CPU_PRIME: 0.95067889562181285
  CPU_SORTING: 907.79512924521487
  CPU_ENCRYPTION: 212.5987749539683
  CPU_COMPRESSION: 4801.2185708446714
  CPU_SINGLETHREAD: 256.98598075518686
  CPU_PHYSICS: 17.532561037620564
  CPU_MATRIX_MULT_SSE: 523.03730736777618
  CPU_mm: 155.66582543567483
  CPU_sse: 372.12364254470094
  CPU_fma: 673.95097219085164
  CPU_avx: 0
  CPU_avx512: 0
  m_CPU_enc_SHA: 315386317.21226841
  m_CPU_enc_AES: 179707642.2922554
  m_CPU_enc_ECDSA: 173683959.63387293
  ME_ALLOC_S: 0
  ME_READ_S: 0
  ME_READ_L: 0
  ME_WRITE: 0
  ME_LARGE: 0
  ME_LATENCY: 0
  ME_THREADED: 0
  SUMM_CPU: 551.08257651845884
  SUMM_ME: 0
SystemInformation:
  OSName: Ubuntu 18.04.6 LTS
  Kernel: 4.9.337-tegra
  Device: quill
  Processor: ARM Cortex-A57 6 Core 2035 MHz
  NumSockets: 2
  Manufacturer: ARM
  NumCores: 6
  NumLogicals: 6
  CPUFrequency: 2035
  Memory: 7850
Checksum: 62A1562D28CD11C0BCB69C97AFFD87BCFD2311C8