BaselineInfo:
  WebDBID: -1
  TimeStamp: 20240828193648
Version:
  Major: 11
  Minor: 0
  Build: 1002
  SpecialBuildName: ""
  ptArchitecture: aarch64_linux
Results:
  Results Complete: true
  NumTestProcesses: 6
  CPU_INTEGER_MATH: 9082.130666666666
  CPU_FLOATINGPOINT_MATH: 2467.2218255671446
  CPU_PRIME: 8.0298226491468032
  CPU_SORTING: 3729.659455566702
  CPU_ENCRYPTION: 251.91598194823771
  CPU_COMPRESSION: 6738.4231224403293
  CPU_SINGLETHREAD: 320.35056422910384
  CPU_PHYSICS: 130.35059937329603
  CPU_MATRIX_MULT_SSE: 543.4933858728325
  CPU_mm: 162.77408567216207
  CPU_sse: 381.54510228202389
  CPU_fma: 705.44166946364101
  CPU_avx: 0
  CPU_avx512: 0
  m_CPU_enc_SHA: 372152467.18768924
  m_CPU_enc_AES: 200340121.98293847
  m_CPU_enc_ECDSA: 219966568.89143822
  ME_ALLOC_S: 0
  ME_READ_S: 0
  ME_READ_L: 0
  ME_WRITE: 0
  ME_LARGE: 0
  ME_LATENCY: 0
  ME_THREADED: 0
  SUMM_CPU: 951.87987360786383
  SUMM_ME: 0
SystemInformation:
  OSName: Ubuntu 18.04.6 LTS
  Kernel: 4.9.337-tegra
  Device: quill
  Processor: ARM Cortex-A57 6 Core 2035 MHz
  NumSockets: 2
  Manufacturer: ARM
  NumCores: 6
  NumLogicals: 6
  CPUFrequency: 2035
  Memory: 7850
Checksum: FCABF415B491784AA5C106CA7BF544580CD7A976