BaselineInfo:
  WebDBID: -1
  TimeStamp: 20240828085406
Version:
  Major: 11
  Minor: 0
  Build: 1002
  SpecialBuildName: ""
  ptArchitecture: aarch64_linux
Results:
  Results Complete: true
  NumTestProcesses: 6
  CPU_INTEGER_MATH: 5146.1746666666659
  CPU_FLOATINGPOINT_MATH: 1398.2671944206875
  CPU_PRIME: 5.814387896017843
  CPU_SORTING: 2179.3167754059095
  CPU_ENCRYPTION: 140.85782480928674
  CPU_COMPRESSION: 3560.2016852410256
  CPU_SINGLETHREAD: 182.8282262059499
  CPU_PHYSICS: 99.351186747008185
  CPU_MATRIX_MULT_SSE: 305.50541095595167
  CPU_mm: 92.068990311743974
  CPU_sse: 215.3291162351253
  CPU_fma: 395.68170567677805
  CPU_avx: 0
  CPU_avx512: 0
  m_CPU_enc_SHA: 211452911.80988276
  m_CPU_enc_AES: 116583595.53532231
  m_CPU_enc_ECDSA: 115063896.17646284
  ME_ALLOC_S: 0
  ME_READ_S: 0
  ME_READ_L: 0
  ME_WRITE: 0
  ME_LARGE: 0
  ME_LATENCY: 0
  ME_THREADED: 0
  SUMM_CPU: 533.8818023794654
  SUMM_ME: 0
SystemInformation:
  OSName: Ubuntu 18.04.6 LTS
  Kernel: 4.9.337-tegra
  Device: quill
  Processor: ARM Cortex-A57 6 Core 2035 MHz
  NumSockets: 2
  Manufacturer: ARM
  NumCores: 6
  NumLogicals: 6
  CPUFrequency: 2035
  Memory: 7850
Checksum: 1851E49C65209FDB71D2ADA0160925F6EFCF6C72