BaselineInfo:
  WebDBID: -1
  TimeStamp: 20240828080851
Version:
  Major: 11
  Minor: 0
  Build: 1002
  SpecialBuildName: ""
  ptArchitecture: aarch64_linux
Results:
  Results Complete: true
  NumTestProcesses: 6
  CPU_INTEGER_MATH: 5143.9499999999998
  CPU_FLOATINGPOINT_MATH: 1393.2654044861647
  CPU_PRIME: 5.5576604032566319
  CPU_SORTING: 2185.4721345823414
  CPU_ENCRYPTION: 144.75858115782844
  CPU_COMPRESSION: 3669.207701091218
  CPU_SINGLETHREAD: 182.36805608559698
  CPU_PHYSICS: 95.60965812728999
  CPU_MATRIX_MULT_SSE: 307.06518047070983
  CPU_mm: 91.629896041902029
  CPU_sse: 215.7315367962874
  CPU_fma: 398.39882414513221
  CPU_avx: 0
  CPU_avx512: 0
  m_CPU_enc_SHA: 204818676.53453258
  m_CPU_enc_AES: 116089572.60506949
  m_CPU_enc_ECDSA: 134462872.84885132
  ME_ALLOC_S: 0
  ME_READ_S: 0
  ME_READ_L: 0
  ME_WRITE: 0
  ME_LARGE: 0
  ME_LATENCY: 0
  ME_THREADED: 0
  SUMM_CPU: 542.07238886716561
  SUMM_ME: 0
SystemInformation:
  OSName: Ubuntu 18.04.6 LTS
  Kernel: 4.9.337-tegra
  Device: quill
  Processor: ARM Cortex-A57 6 Core 2035 MHz
  NumSockets: 2
  Manufacturer: ARM
  NumCores: 6
  NumLogicals: 6
  CPUFrequency: 2035
  Memory: 7850
Checksum: 59818D36C6292A2CA9D91BCE8D76DF475FD6FA36