BaselineInfo:
  WebDBID: -1
  TimeStamp: 20240827235109
Version:
  Major: 11
  Minor: 0
  Build: 1002
  SpecialBuildName: ""
  ptArchitecture: aarch64_linux
Results:
  Results Complete: true
  NumTestProcesses: 6
  CPU_INTEGER_MATH: 2819.5993333333336
  CPU_FLOATINGPOINT_MATH: 448.87516726538433
  CPU_PRIME: 0
  CPU_SORTING: 22.71387285791754
  CPU_ENCRYPTION: 88.233017790045906
  CPU_COMPRESSION: 0
  CPU_SINGLETHREAD: 172.79149691923215
  CPU_PHYSICS: 0
  CPU_MATRIX_MULT_SSE: 77.970434818053306
  CPU_mm: 25.359419212083278
  CPU_sse: 69.818049711650986
  CPU_fma: 113.44165835831191
  CPU_avx: 0
  CPU_avx512: 0
  m_CPU_enc_SHA: 98741961.289365485
  m_CPU_enc_AES: 54820403.69304885
  m_CPU_enc_ECDSA: 36530601.490391254
  ME_ALLOC_S: 0
  ME_READ_S: 0
  ME_READ_L: 0
  ME_WRITE: 0
  ME_LARGE: 0
  ME_LATENCY: 0
  ME_THREADED: 0
  SUMM_CPU: 0
  SUMM_ME: 0
SystemInformation:
  OSName: Ubuntu 18.04.6 LTS
  Kernel: 4.9.337-tegra
  Device: quill
  Processor: ARM Cortex-A57 6 Core 2035 MHz
  NumSockets: 2
  Manufacturer: ARM
  NumCores: 6
  NumLogicals: 6
  CPUFrequency: 2035
  Memory: 7850
Checksum: 725E81F1B14068CE60BD80A68B9AA7F202390856