BaselineInfo:
  WebDBID: -1
  TimeStamp: 20240828060338
Version:
  Major: 11
  Minor: 0
  Build: 1002
  SpecialBuildName: ""
  ptArchitecture: aarch64_linux
Results:
  Results Complete: true
  NumTestProcesses: 6
  CPU_INTEGER_MATH: 3892.5039999999999
  CPU_FLOATINGPOINT_MATH: 796.19908845903046
  CPU_PRIME: 0.5731127013819054
  CPU_SORTING: 500.08424870474158
  CPU_ENCRYPTION: 95.987435254056493
  CPU_COMPRESSION: 2022.1165028313928
  CPU_SINGLETHREAD: 121.92436916154608
  CPU_PHYSICS: 10.487066531761249
  CPU_MATRIX_MULT_SSE: 234.39225708825882
  CPU_mm: 70.768415542299635
  CPU_sse: 161.12527597392494
  CPU_fma: 307.65923820259269
  CPU_avx: 0
  CPU_avx512: 0
  m_CPU_enc_SHA: 144181829.19103819
  m_CPU_enc_AES: 78328672.759946808
  m_CPU_enc_ECDSA: 79439860.775887668
  ME_ALLOC_S: 0
  ME_READ_S: 0
  ME_READ_L: 0
  ME_WRITE: 0
  ME_LARGE: 0
  ME_LATENCY: 0
  ME_THREADED: 0
  SUMM_CPU: 265.11293355347738
  SUMM_ME: 0
SystemInformation:
  OSName: Ubuntu 18.04.6 LTS
  Kernel: 4.9.337-tegra
  Device: quill
  Processor: ARM Cortex-A57 6 Core 2035 MHz
  NumSockets: 2
  Manufacturer: ARM
  NumCores: 6
  NumLogicals: 6
  CPUFrequency: 2035
  Memory: 7850
Checksum: E2DDC867DA1875C25E05E51F1F8E41FF0B1CEE82