BaselineInfo:
  WebDBID: -1
  TimeStamp: 20240828025737
Version:
  Major: 11
  Minor: 0
  Build: 1002
  SpecialBuildName: ""
  ptArchitecture: aarch64_linux
Results:
  Results Complete: true
  NumTestProcesses: 6
  CPU_INTEGER_MATH: 3125.6566666666668
  CPU_FLOATINGPOINT_MATH: 821.69607467750473
  CPU_PRIME: 2.663952154713356
  CPU_SORTING: 1241.4215167478105
  CPU_ENCRYPTION: 84.690964347902764
  CPU_COMPRESSION: 2074.07794650508
  CPU_SINGLETHREAD: 112.66185267880212
  CPU_PHYSICS: 48.037579291707679
  CPU_MATRIX_MULT_SSE: 185.92182508103002
  CPU_mm: 55.817530783076471
  CPU_sse: 131.57691138329579
  CPU_fma: 240.26673877876425
  CPU_avx: 0
  CPU_avx512: 0
  m_CPU_enc_SHA: 125268004.09730278
  m_CPU_enc_AES: 70667100.109494999
  m_CPU_enc_ECDSA: 70479633.689401641
  ME_ALLOC_S: 0
  ME_READ_S: 0
  ME_READ_L: 0
  ME_WRITE: 0
  ME_LARGE: 0
  ME_LATENCY: 0
  ME_THREADED: 0
  SUMM_CPU: 314.10629490720868
  SUMM_ME: 0
SystemInformation:
  OSName: Ubuntu 18.04.6 LTS
  Kernel: 4.9.337-tegra
  Device: quill
  Processor: ARM Cortex-A57 6 Core 2035 MHz
  NumSockets: 2
  Manufacturer: ARM
  NumCores: 6
  NumLogicals: 6
  CPUFrequency: 2035
  Memory: 7850
Checksum: 40C77513B18AD35217C610C33239824ACFCAC583