BaselineInfo:
  WebDBID: -1
  TimeStamp: 20240828012318
Version:
  Major: 11
  Minor: 0
  Build: 1002
  SpecialBuildName: ""
  ptArchitecture: aarch64_linux
Results:
  Results Complete: true
  NumTestProcesses: 6
  CPU_INTEGER_MATH: 892.70666666666671
  CPU_FLOATINGPOINT_MATH: 225.43226985815369
  CPU_PRIME: 0.50855148092041991
  CPU_SORTING: 493.55112540343589
  CPU_ENCRYPTION: 74.524674740687772
  CPU_COMPRESSION: 1624.8051503103438
  CPU_SINGLETHREAD: 96.501872915157065
  CPU_PHYSICS: 10.207657060603699
  CPU_MATRIX_MULT_SSE: 177.75921486754834
  CPU_mm: 53.156385877713753
  CPU_sse: 127.51224439155888
  CPU_fma: 228.00618534353779
  CPU_avx: 0
  CPU_avx512: 0
  m_CPU_enc_SHA: 111687681.83179906
  m_CPU_enc_AES: 60485136.518744566
  m_CPU_enc_ECDSA: 62261537.672130622
  ME_ALLOC_S: 0
  ME_READ_S: 0
  ME_READ_L: 0
  ME_WRITE: 0
  ME_LARGE: 0
  ME_LATENCY: 0
  ME_THREADED: 0
  SUMM_CPU: 177.62576161895893
  SUMM_ME: 0
SystemInformation:
  OSName: Ubuntu 18.04.6 LTS
  Kernel: 4.9.337-tegra
  Device: quill
  Processor: ARM Cortex-A57 6 Core 2035 MHz
  NumSockets: 2
  Manufacturer: ARM
  NumCores: 6
  NumLogicals: 6
  CPUFrequency: 2035
  Memory: 7850
Checksum: 7C3CA407EDCD9AF8D04A40EA079EC12A4E71641D