BaselineInfo:
  WebDBID: -1
  TimeStamp: 20240828072649
Version:
  Major: 11
  Minor: 0
  Build: 1002
  SpecialBuildName: ""
  ptArchitecture: aarch64_linux
Results:
  Results Complete: true
  NumTestProcesses: 6
  CPU_INTEGER_MATH: 5142.8140000000003
  CPU_FLOATINGPOINT_MATH: 1387.3989866255397
  CPU_PRIME: 5.6406809864631553
  CPU_SORTING: 2194.1130537754329
  CPU_ENCRYPTION: 140.54504877236698
  CPU_COMPRESSION: 3516.821088925517
  CPU_SINGLETHREAD: 182.90089543296762
  CPU_PHYSICS: 97.620671369211777
  CPU_MATRIX_MULT_SSE: 306.42104536739373
  CPU_mm: 92.011997231751053
  CPU_sse: 216.24749753044946
  CPU_fma: 396.59459320433803
  CPU_avx: 0
  CPU_avx512: 0
  m_CPU_enc_SHA: 210894308.1662955
  m_CPU_enc_AES: 113992966.21591915
  m_CPU_enc_ECDSA: 117229220.80238585
  ME_ALLOC_S: 0
  ME_READ_S: 0
  ME_READ_L: 0
  ME_WRITE: 0
  ME_LARGE: 0
  ME_LATENCY: 0
  ME_THREADED: 0
  SUMM_CPU: 531.10799903551708
  SUMM_ME: 0
SystemInformation:
  OSName: Ubuntu 18.04.6 LTS
  Kernel: 4.9.337-tegra
  Device: quill
  Processor: ARM Cortex-A57 6 Core 2035 MHz
  NumSockets: 2
  Manufacturer: ARM
  NumCores: 6
  NumLogicals: 6
  CPUFrequency: 2035
  Memory: 7850
Checksum: 6C9BBF237346D44F48BC001B23AB648DE204605C