BaselineInfo:
  WebDBID: -1
  TimeStamp: 20240828111945
Version:
  Major: 11
  Minor: 0
  Build: 1002
  SpecialBuildName: ""
  ptArchitecture: aarch64_linux
Results:
  Results Complete: true
  NumTestProcesses: 6
  CPU_INTEGER_MATH: 6133.5953333333337
  CPU_FLOATINGPOINT_MATH: 1642.7251592942757
  CPU_PRIME: 4.8344605549112352
  CPU_SORTING: 2414.8217491843525
  CPU_ENCRYPTION: 167.68687090400613
  CPU_COMPRESSION: 4273.3702002223663
  CPU_SINGLETHREAD: 215.86109655441979
  CPU_PHYSICS: 81.479917079121762
  CPU_MATRIX_MULT_SSE: 365.25143470973137
  CPU_mm: 109.70513344490178
  CPU_sse: 257.32330867634795
  CPU_fma: 473.17956074311479
  CPU_avx: 0
  CPU_avx512: 0
  m_CPU_enc_SHA: 251795775.90932569
  m_CPU_enc_AES: 135889670.57781017
  m_CPU_enc_ECDSA: 139811838.5479815
  ME_ALLOC_S: 0
  ME_READ_S: 0
  ME_READ_L: 0
  ME_WRITE: 0
  ME_LARGE: 0
  ME_LATENCY: 0
  ME_THREADED: 0
  SUMM_CPU: 623.2175440042522
  SUMM_ME: 0
SystemInformation:
  OSName: Ubuntu 18.04.6 LTS
  Kernel: 4.9.337-tegra
  Device: quill
  Processor: ARM Cortex-A57 6 Core 2035 MHz
  NumSockets: 2
  Manufacturer: ARM
  NumCores: 6
  NumLogicals: 6
  CPUFrequency: 2035
  Memory: 7850
Checksum: B46C4826EF32AFF7E1974CF07B76FFD28B1564C9