BaselineInfo:
  WebDBID: -1
  TimeStamp: 20240828130221
Version:
  Major: 11
  Minor: 0
  Build: 1002
  SpecialBuildName: ""
  ptArchitecture: aarch64_linux
Results:
  Results Complete: true
  NumTestProcesses: 6
  CPU_INTEGER_MATH: 6821.8693333333331
  CPU_FLOATINGPOINT_MATH: 1540.5860422977269
  CPU_PRIME: 0.94773673309290452
  CPU_SORTING: 928.51528997066816
  CPU_ENCRYPTION: 171.277139928396
  CPU_COMPRESSION: 3749.272122160216
  CPU_SINGLETHREAD: 206.68629405958296
  CPU_PHYSICS: 17.021023472000916
  CPU_MATRIX_MULT_SSE: 395.84139709054102
  CPU_mm: 123.15100110912203
  CPU_sse: 268.83093403096279
  CPU_fma: 522.85186015011902
  CPU_avx: 0
  CPU_avx512: 0
  m_CPU_enc_SHA: 254680513.08494419
  m_CPU_enc_AES: 141481031.40488291
  m_CPU_enc_ECDSA: 142629750.34284618
  ME_ALLOC_S: 0
  ME_READ_S: 0
  ME_READ_L: 0
  ME_WRITE: 0
  ME_LARGE: 0
  ME_LATENCY: 0
  ME_THREADED: 0
  SUMM_CPU: 470.17091166425246
  SUMM_ME: 0
SystemInformation:
  OSName: Ubuntu 18.04.6 LTS
  Kernel: 4.9.337-tegra
  Device: quill
  Processor: ARM Cortex-A57 6 Core 2035 MHz
  NumSockets: 2
  Manufacturer: ARM
  NumCores: 6
  NumLogicals: 6
  CPUFrequency: 2035
  Memory: 7850
Checksum: D1327C45125144165DC4C340890112EBF99F7CE0