BaselineInfo:
  WebDBID: -1
  TimeStamp: 20240827222933
Version:
  Major: 11
  Minor: 0
  Build: 1002
  SpecialBuildName: ""
  ptArchitecture: aarch64_linux
Results:
  Results Complete: true
  NumTestProcesses: 6
  CPU_INTEGER_MATH: 1836.8646666666666
  CPU_FLOATINGPOINT_MATH: 482.98568624327299
  CPU_PRIME: 2.3229195380763725
  CPU_SORTING: 779.81903390813147
  CPU_ENCRYPTION: 60.756055005199002
  CPU_COMPRESSION: 0
  CPU_SINGLETHREAD: 240.39764152521221
  CPU_PHYSICS: 41.148059071346196
  CPU_MATRIX_MULT_SSE: 111.4843517378585
  CPU_mm: 33.349440304225027
  CPU_sse: 77.729537051306451
  CPU_fma: 145.23916642441051
  CPU_avx: 0
  CPU_avx512: 0
  m_CPU_enc_SHA: 84701525.838684112
  m_CPU_enc_AES: 48684133.464533389
  m_CPU_enc_ECDSA: 57736364.096177138
  ME_ALLOC_S: 0
  ME_READ_S: 0
  ME_READ_L: 0
  ME_WRITE: 0
  ME_LARGE: 0
  ME_LATENCY: 0
  ME_THREADED: 0
  SUMM_CPU: 0
  SUMM_ME: 0
SystemInformation:
  OSName: Ubuntu 18.04.6 LTS
  Kernel: 4.9.337-tegra
  Device: quill
  Processor: ARM Cortex-A57 6 Core 2035 MHz
  NumSockets: 2
  Manufacturer: ARM
  NumCores: 6
  NumLogicals: 6
  CPUFrequency: 2035
  Memory: 7850
Checksum: 5043976C267CD6BC0E06752793D240E87B7E07DF