BaselineInfo:
  WebDBID: -1
  TimeStamp: 20240827192938
Version:
  Major: 11
  Minor: 0
  Build: 1002
  SpecialBuildName: ""
  ptArchitecture: aarch64_linux
Results:
  Results Complete: true
  NumTestProcesses: 6
  CPU_INTEGER_MATH: 1847.4673333333335
  CPU_FLOATINGPOINT_MATH: 434.69801556538113
  CPU_PRIME: 1.2492767559871907
  CPU_SORTING: 754.6652204280972
  CPU_ENCRYPTION: 56.945214761572522
  CPU_COMPRESSION: 0
  CPU_SINGLETHREAD: 220.93758528340473
  CPU_PHYSICS: 21.949672831078839
  CPU_MATRIX_MULT_SSE: 110.05228577245222
  CPU_mm: 33.151206570313171
  CPU_sse: 77.683721754758182
  CPU_fma: 142.42084979014626
  CPU_avx: 0
  CPU_avx512: 0
  m_CPU_enc_SHA: 82134934.762628794
  m_CPU_enc_AES: 49596329.637971491
  m_CPU_enc_ECDSA: 47402892.140891723
  ME_ALLOC_S: 0
  ME_READ_S: 0
  ME_READ_L: 0
  ME_WRITE: 0
  ME_LARGE: 0
  ME_LATENCY: 0
  ME_THREADED: 0
  SUMM_CPU: 0
  SUMM_ME: 0
SystemInformation:
  OSName: Ubuntu 18.04.6 LTS
  Kernel: 4.9.337-tegra
  Device: quill
  Processor: ARM Cortex-A57 6 Core 2035 MHz
  NumSockets: 2
  Manufacturer: ARM
  NumCores: 6
  NumLogicals: 6
  CPUFrequency: 2035
  Memory: 7850
Checksum: A18EAA9A893CB49924361229D2D4A55204E60E20