BaselineInfo:
  WebDBID: -1
  TimeStamp: 20240828121014
Version:
  Major: 11
  Minor: 0
  Build: 1002
  SpecialBuildName: ""
  ptArchitecture: aarch64_linux
Results:
  Results Complete: true
  NumTestProcesses: 6
  CPU_INTEGER_MATH: 5751.71
  CPU_FLOATINGPOINT_MATH: 1342.6081112325426
  CPU_PRIME: 0.9350096518454889
  CPU_SORTING: 903.75743051505924
  CPU_ENCRYPTION: 149.57522975811162
  CPU_COMPRESSION: 3297.4164405693004
  CPU_SINGLETHREAD: 184.4867673924638
  CPU_PHYSICS: 17.37245723360703
  CPU_MATRIX_MULT_SSE: 351.73461502859584
  CPU_mm: 106.41659028054485
  CPU_sse: 252.7134675499525
  CPU_fma: 450.75576250723918
  CPU_avx: 0
  CPU_avx512: 0
  m_CPU_enc_SHA: 220088160.77867556
  m_CPU_enc_AES: 125955928.71115601
  m_CPU_enc_ECDSA: 124478898.86669335
  ME_ALLOC_S: 0
  ME_READ_S: 0
  ME_READ_L: 0
  ME_WRITE: 0
  ME_LARGE: 0
  ME_LATENCY: 0
  ME_THREADED: 0
  SUMM_CPU: 427.64864020776929
  SUMM_ME: 0
SystemInformation:
  OSName: Ubuntu 18.04.6 LTS
  Kernel: 4.9.337-tegra
  Device: quill
  Processor: ARM Cortex-A57 6 Core 2035 MHz
  NumSockets: 2
  Manufacturer: ARM
  NumCores: 6
  NumLogicals: 6
  CPUFrequency: 2035
  Memory: 7850
Checksum: 7FC4968C470E663C46DC626DCFFF2FEC3C85E555