BaselineInfo:
  WebDBID: -1
  TimeStamp: 20240828022138
Version:
  Major: 11
  Minor: 0
  Build: 1002
  SpecialBuildName: ""
  ptArchitecture: aarch64_linux
Results:
  Results Complete: true
  NumTestProcesses: 6
  CPU_INTEGER_MATH: 3117.5626666666667
  CPU_FLOATINGPOINT_MATH: 819.56665078195385
  CPU_PRIME: 2.6535255711485712
  CPU_SORTING: 1235.8153395463255
  CPU_ENCRYPTION: 83.765978945832614
  CPU_COMPRESSION: 2104.1572781486598
  CPU_SINGLETHREAD: 111.05133484942559
  CPU_PHYSICS: 44.688477513117803
  CPU_MATRIX_MULT_SSE: 186.24233012036115
  CPU_mm: 55.934086984410108
  CPU_sse: 131.89204955203422
  CPU_fma: 240.59261068868807
  CPU_avx: 0
  CPU_avx512: 0
  m_CPU_enc_SHA: 124310002.83576772
  m_CPU_enc_AES: 69430498.769593477
  m_CPU_enc_ECDSA: 69764483.811954945
  ME_ALLOC_S: 0
  ME_READ_S: 0
  ME_READ_L: 0
  ME_WRITE: 0
  ME_LARGE: 0
  ME_LATENCY: 0
  ME_THREADED: 0
  SUMM_CPU: 313.5443110869528
  SUMM_ME: 0
SystemInformation:
  OSName: Ubuntu 18.04.6 LTS
  Kernel: 4.9.337-tegra
  Device: quill
  Processor: ARM Cortex-A57 6 Core 2035 MHz
  NumSockets: 2
  Manufacturer: ARM
  NumCores: 6
  NumLogicals: 6
  CPUFrequency: 2035
  Memory: 7850
Checksum: 5F42A73FA8A7C2F9D476E2C26EBD11326737D662