BaselineInfo:
  WebDBID: -1
  TimeStamp: 20240828060853
Version:
  Major: 11
  Minor: 0
  Build: 1002
  SpecialBuildName: ""
  ptArchitecture: aarch64_linux
Results:
  Results Complete: true
  NumTestProcesses: 6
  CPU_INTEGER_MATH: 4134.4246666666668
  CPU_FLOATINGPOINT_MATH: 1103.5724483681215
  CPU_PRIME: 4.1185248742097302
  CPU_SORTING: 1693.4454781442748
  CPU_ENCRYPTION: 115.96292042335094
  CPU_COMPRESSION: 2859.3813242032957
  CPU_SINGLETHREAD: 145.77721960803567
  CPU_PHYSICS: 69.140138524822191
  CPU_MATRIX_MULT_SSE: 246.29580892550811
  CPU_mm: 74.087614059094435
  CPU_sse: 172.78874387134573
  CPU_fma: 319.80287397967055
  CPU_avx: 0
  CPU_avx512: 0
  m_CPU_enc_SHA: 170796751.38238177
  m_CPU_enc_AES: 92529146.832404897
  m_CPU_enc_ECDSA: 101461907.52272023
  ME_ALLOC_S: 0
  ME_READ_S: 0
  ME_READ_L: 0
  ME_WRITE: 0
  ME_LARGE: 0
  ME_LATENCY: 0
  ME_THREADED: 0
  SUMM_CPU: 428.10870141076344
  SUMM_ME: 0
SystemInformation:
  OSName: Ubuntu 18.04.6 LTS
  Kernel: 4.9.337-tegra
  Device: quill
  Processor: ARM Cortex-A57 6 Core 2035 MHz
  NumSockets: 2
  Manufacturer: ARM
  NumCores: 6
  NumLogicals: 6
  CPUFrequency: 2035
  Memory: 7850
Checksum: 50F8EDCEAEBDE3A9C8A8E96C85658D1CE64903E8