BaselineInfo:
  WebDBID: -1
  TimeStamp: 20240828101231
Version:
  Major: 11
  Minor: 0
  Build: 1002
  SpecialBuildName: ""
  ptArchitecture: aarch64_linux
Results:
  Results Complete: true
  NumTestProcesses: 6
  CPU_INTEGER_MATH: 6125.7380000000003
  CPU_FLOATINGPOINT_MATH: 1645.1723726314199
  CPU_PRIME: 4.9412116458728308
  CPU_SORTING: 2451.1531063300845
  CPU_ENCRYPTION: 163.98168748223858
  CPU_COMPRESSION: 4208.6433605967759
  CPU_SINGLETHREAD: 215.40725766148654
  CPU_PHYSICS: 79.428576117619627
  CPU_MATRIX_MULT_SSE: 363.96606630612666
  CPU_mm: 109.88252905364159
  CPU_sse: 256.46931221562477
  CPU_fma: 471.46282039662856
  CPU_avx: 0
  CPU_avx512: 0
  m_CPU_enc_SHA: 240639805.87756935
  m_CPU_enc_AES: 135672306.62190637
  m_CPU_enc_ECDSA: 139529673.30065167
  ME_ALLOC_S: 0
  ME_READ_S: 0
  ME_READ_L: 0
  ME_WRITE: 0
  ME_LARGE: 0
  ME_LATENCY: 0
  ME_THREADED: 0
  SUMM_CPU: 616.58100209113741
  SUMM_ME: 0
SystemInformation:
  OSName: Ubuntu 18.04.6 LTS
  Kernel: 4.9.337-tegra
  Device: quill
  Processor: ARM Cortex-A57 6 Core 2035 MHz
  NumSockets: 2
  Manufacturer: ARM
  NumCores: 6
  NumLogicals: 6
  CPUFrequency: 2035
  Memory: 7850
Checksum: B68A4861ED209AD5EEB87863A922F989B8E0F276