BaselineInfo:
  WebDBID: -1
  TimeStamp: 20240828163737
Version:
  Major: 11
  Minor: 0
  Build: 1002
  SpecialBuildName: ""
  ptArchitecture: aarch64_linux
Results:
  Results Complete: true
  NumTestProcesses: 6
  CPU_INTEGER_MATH: 7877.6393333333326
  CPU_FLOATINGPOINT_MATH: 1987.8468136422575
  CPU_PRIME: 3.817662063975046
  CPU_SORTING: 2653.4458726965927
  CPU_ENCRYPTION: 209.09822287794859
  CPU_COMPRESSION: 5450.1067642391872
  CPU_SINGLETHREAD: 269.09588090450012
  CPU_PHYSICS: 63.957925614495345
  CPU_MATRIX_MULT_SSE: 469.65428441937388
  CPU_mm: 140.81192043772245
  CPU_sse: 330.95042743941457
  CPU_fma: 608.35814139933314
  CPU_avx: 0
  CPU_avx512: 0
  m_CPU_enc_SHA: 312329509.30160981
  m_CPU_enc_AES: 173504041.20891041
  m_CPU_enc_ECDSA: 171932583.94688326
  ME_ALLOC_S: 0
  ME_READ_S: 0
  ME_READ_L: 0
  ME_WRITE: 0
  ME_LARGE: 0
  ME_LATENCY: 0
  ME_THREADED: 0
  SUMM_CPU: 754.00386064862732
  SUMM_ME: 0
SystemInformation:
  OSName: Ubuntu 18.04.6 LTS
  Kernel: 4.9.337-tegra
  Device: quill
  Processor: ARM Cortex-A57 6 Core 2035 MHz
  NumSockets: 2
  Manufacturer: ARM
  NumCores: 6
  NumLogicals: 6
  CPUFrequency: 2035
  Memory: 7850
Checksum: 2313D6779C55457886F5B34DAF6F1409342A60FE