BaselineInfo:
  WebDBID: -1
  TimeStamp: 20240828133142
Version:
  Major: 11
  Minor: 0
  Build: 1002
  SpecialBuildName: ""
  ptArchitecture: aarch64_linux
Results:
  Results Complete: true
  NumTestProcesses: 6
  CPU_INTEGER_MATH: 7091.9059999999999
  CPU_FLOATINGPOINT_MATH: 1900.6951733809719
  CPU_PRIME: 5.3416900347785266
  CPU_SORTING: 2825.3935577686379
  CPU_ENCRYPTION: 194.82988164665466
  CPU_COMPRESSION: 5040.8843846718764
  CPU_SINGLETHREAD: 246.96105076820697
  CPU_PHYSICS: 95.032939271017881
  CPU_MATRIX_MULT_SSE: 421.74350788280134
  CPU_mm: 126.63840851169586
  CPU_sse: 294.78945562575819
  CPU_fma: 548.69756013984443
  CPU_avx: 0
  CPU_avx512: 0
  m_CPU_enc_SHA: 296584591.82044983
  m_CPU_enc_AES: 151704892.36224729
  m_CPU_enc_ECDSA: 164592329.74987057
  ME_ALLOC_S: 0
  ME_READ_S: 0
  ME_READ_L: 0
  ME_WRITE: 0
  ME_LARGE: 0
  ME_LATENCY: 0
  ME_THREADED: 0
  SUMM_CPU: 724.78768089240918
  SUMM_ME: 0
SystemInformation:
  OSName: Ubuntu 18.04.6 LTS
  Kernel: 4.9.337-tegra
  Device: quill
  Processor: ARM Cortex-A57 6 Core 2035 MHz
  NumSockets: 2
  Manufacturer: ARM
  NumCores: 6
  NumLogicals: 6
  CPUFrequency: 2035
  Memory: 7850
Checksum: 31AB93FF5B790FDFA6F9169312915BC68D521716