BaselineInfo:
  WebDBID: -1
  TimeStamp: 20240828025901
Version:
  Major: 11
  Minor: 0
  Build: 1002
  SpecialBuildName: ""
  ptArchitecture: aarch64_linux
Results:
  Results Complete: true
  NumTestProcesses: 6
  CPU_INTEGER_MATH: 3136.8273333333332
  CPU_FLOATINGPOINT_MATH: 839.67694075716281
  CPU_PRIME: 3.3137152101693168
  CPU_SORTING: 1271.958560777359
  CPU_ENCRYPTION: 87.243461764051688
  CPU_COMPRESSION: 2133.2675134293895
  CPU_SINGLETHREAD: 112.12143565021857
  CPU_PHYSICS: 59.738085745884632
  CPU_MATRIX_MULT_SSE: 185.22403528768524
  CPU_mm: 55.881860772072777
  CPU_sse: 131.51301639339954
  CPU_fma: 238.93505418197094
  CPU_avx: 0
  CPU_avx512: 0
  m_CPU_enc_SHA: 126999495.14382464
  m_CPU_enc_AES: 67236186.469767869
  m_CPU_enc_ECDSA: 80208518.874514267
  ME_ALLOC_S: 0
  ME_READ_S: 0
  ME_READ_L: 0
  ME_WRITE: 0
  ME_LARGE: 0
  ME_LATENCY: 0
  ME_THREADED: 0
  SUMM_CPU: 323.49070772049618
  SUMM_ME: 0
SystemInformation:
  OSName: Ubuntu 18.04.6 LTS
  Kernel: 4.9.337-tegra
  Device: quill
  Processor: ARM Cortex-A57 6 Core 2035 MHz
  NumSockets: 2
  Manufacturer: ARM
  NumCores: 6
  NumLogicals: 6
  CPUFrequency: 2035
  Memory: 7850
Checksum: 7CAF2A1254E874A7FCE57E01C5C722B1A07D3AA5