BaselineInfo:
  WebDBID: -1
  TimeStamp: 20240828055756
Version:
  Major: 11
  Minor: 0
  Build: 1002
  SpecialBuildName: ""
  ptArchitecture: aarch64_linux
Results:
  Results Complete: true
  NumTestProcesses: 6
  CPU_INTEGER_MATH: 4144.0806666666667
  CPU_FLOATINGPOINT_MATH: 1117.8305914870848
  CPU_PRIME: 4.7530916929483853
  CPU_SORTING: 1825.6851609009439
  CPU_ENCRYPTION: 113.95673008302052
  CPU_COMPRESSION: 2851.237442415118
  CPU_SINGLETHREAD: 147.60074912962102
  CPU_PHYSICS: 85.745415737019826
  CPU_MATRIX_MULT_SSE: 246.49577609577904
  CPU_mm: 73.887609260973434
  CPU_sse: 174.58617422884066
  CPU_fma: 318.40537796271741
  CPU_avx: 0
  CPU_avx512: 0
  m_CPU_enc_SHA: 176902652.54821938
  m_CPU_enc_AES: 92989350.864247039
  m_CPU_enc_ECDSA: 88584873.198133558
  ME_ALLOC_S: 0
  ME_READ_S: 0
  ME_READ_L: 0
  ME_WRITE: 0
  ME_LARGE: 0
  ME_LATENCY: 0
  ME_THREADED: 0
  SUMM_CPU: 431.11546299650632
  SUMM_ME: 0
SystemInformation:
  OSName: Ubuntu 18.04.6 LTS
  Kernel: 4.9.337-tegra
  Device: quill
  Processor: ARM Cortex-A57 6 Core 2035 MHz
  NumSockets: 2
  Manufacturer: ARM
  NumCores: 6
  NumLogicals: 6
  CPUFrequency: 2035
  Memory: 7850
Checksum: C176AB764B0445D82C55D3B6EF2B99AEACA1721E