BaselineInfo:
  WebDBID: -1
  TimeStamp: 20240828161827
Version:
  Major: 11
  Minor: 0
  Build: 1002
  SpecialBuildName: ""
  ptArchitecture: aarch64_linux
Results:
  Results Complete: true
  NumTestProcesses: 6
  CPU_INTEGER_MATH: 7941.728666666666
  CPU_FLOATINGPOINT_MATH: 2146.7073966983903
  CPU_PRIME: 7.7144133567509243
  CPU_SORTING: 3365.6471158932595
  CPU_ENCRYPTION: 220.47244905052725
  CPU_COMPRESSION: 5547.8902241291007
  CPU_SINGLETHREAD: 280.87156133331081
  CPU_PHYSICS: 125.84438437063575
  CPU_MATRIX_MULT_SSE: 471.48418615690406
  CPU_mm: 141.67666886362645
  CPU_sse: 333.2332241627783
  CPU_fma: 609.73514815102976
  CPU_avx: 0
  CPU_avx512: 0
  m_CPU_enc_SHA: 328810123.94528455
  m_CPU_enc_AES: 172630130.1133939
  m_CPU_enc_ECDSA: 192106102.14813846
  ME_ALLOC_S: 0
  ME_READ_S: 0
  ME_READ_L: 0
  ME_WRITE: 0
  ME_LARGE: 0
  ME_LATENCY: 0
  ME_THREADED: 0
  SUMM_CPU: 822.59148702266464
  SUMM_ME: 0
SystemInformation:
  OSName: Ubuntu 18.04.6 LTS
  Kernel: 4.9.337-tegra
  Device: quill
  Processor: ARM Cortex-A57 6 Core 2035 MHz
  NumSockets: 2
  Manufacturer: ARM
  NumCores: 6
  NumLogicals: 6
  CPUFrequency: 2035
  Memory: 7850
Checksum: 3619FB1440FFA23649261A9C9E42821142BB6D6F