BaselineInfo:
  WebDBID: -1
  TimeStamp: 20240828132240
Version:
  Major: 11
  Minor: 0
  Build: 1002
  SpecialBuildName: ""
  ptArchitecture: aarch64_linux
Results:
  Results Complete: true
  NumTestProcesses: 6
  CPU_INTEGER_MATH: 7101.0413333333336
  CPU_FLOATINGPOINT_MATH: 1902.0015836699577
  CPU_PRIME: 7.1482049951864344
  CPU_SORTING: 2975.4142868194622
  CPU_ENCRYPTION: 195.38527831989978
  CPU_COMPRESSION: 5132.4641668423137
  CPU_SINGLETHREAD: 249.94090580708391
  CPU_PHYSICS: 119.30717961042961
  CPU_MATRIX_MULT_SSE: 422.8171886134017
  CPU_mm: 126.77204369798177
  CPU_sse: 296.59420650192698
  CPU_fma: 549.04017072487648
  CPU_avx: 0
  CPU_avx512: 0
  m_CPU_enc_SHA: 286619371.84705609
  m_CPU_enc_AES: 154425086.90266714
  m_CPU_enc_ECDSA: 173584482.04897842
  ME_ALLOC_S: 0
  ME_READ_S: 0
  ME_READ_L: 0
  ME_WRITE: 0
  ME_LARGE: 0
  ME_LATENCY: 0
  ME_THREADED: 0
  SUMM_CPU: 741.56576046670114
  SUMM_ME: 0
SystemInformation:
  OSName: Ubuntu 18.04.6 LTS
  Kernel: 4.9.337-tegra
  Device: quill
  Processor: ARM Cortex-A57 6 Core 2035 MHz
  NumSockets: 2
  Manufacturer: ARM
  NumCores: 6
  NumLogicals: 6
  CPUFrequency: 2035
  Memory: 7850
Checksum: 488DA1BD1E39137F6F04544D6EFE9C4F43D3CB52