BaselineInfo:
  WebDBID: -1
  TimeStamp: 20240828175951
Version:
  Major: 11
  Minor: 0
  Build: 1002
  SpecialBuildName: ""
  ptArchitecture: aarch64_linux
Results:
  Results Complete: true
  NumTestProcesses: 6
  CPU_INTEGER_MATH: 8028.6799999999994
  CPU_FLOATINGPOINT_MATH: 1241.6335450004844
  CPU_PRIME: 0
  CPU_SORTING: 0
  CPU_ENCRYPTION: 11.792657029064511
  CPU_COMPRESSION: 0
  CPU_SINGLETHREAD: 5.1054115593871989
  CPU_PHYSICS: 0
  CPU_MATRIX_MULT_SSE: 86.521466397937274
  CPU_mm: 26.762512172114516
  CPU_sse: 63.054442306658032
  CPU_fma: 109.98849048921653
  CPU_avx: 0
  CPU_avx512: 0
  m_CPU_enc_SHA: 14449662.357068153
  m_CPU_enc_AES: 11725652.921616731
  m_CPU_enc_ECDSA: 10921176.132040165
  ME_ALLOC_S: 0
  ME_READ_S: 0
  ME_READ_L: 0
  ME_WRITE: 0
  ME_LARGE: 0
  ME_LATENCY: 0
  ME_THREADED: 0
  SUMM_CPU: 0
  SUMM_ME: 0
SystemInformation:
  OSName: Ubuntu 18.04.6 LTS
  Kernel: 4.9.337-tegra
  Device: quill
  Processor: ARM Cortex-A57 6 Core 2035 MHz
  NumSockets: 2
  Manufacturer: ARM
  NumCores: 6
  NumLogicals: 6
  CPUFrequency: 2035
  Memory: 7850
Checksum: 1D45281F3AE397AF23109D417CEF1758FC5A7E2E