BaselineInfo:
  WebDBID: -1
  TimeStamp: 20240827235630
Version:
  Major: 11
  Minor: 0
  Build: 1002
  SpecialBuildName: ""
  ptArchitecture: aarch64_linux
Results:
  Results Complete: true
  NumTestProcesses: 6
  CPU_INTEGER_MATH: 3105.0193333333336
  CPU_FLOATINGPOINT_MATH: 786.43514529365575
  CPU_PRIME: 1.6827085710418201
  CPU_SORTING: 1128.5226820341659
  CPU_ENCRYPTION: 86.330933401973894
  CPU_COMPRESSION: 1982.2001798285075
  CPU_SINGLETHREAD: 108.4422841274811
  CPU_PHYSICS: 29.390791752543155
  CPU_MATRIX_MULT_SSE: 184.61071765617942
  CPU_mm: 55.724691796159618
  CPU_sse: 129.27451307562194
  CPU_fma: 239.94692223673692
  CPU_avx: 0
  CPU_avx512: 0
  m_CPU_enc_SHA: 122675630.09120792
  m_CPU_enc_AES: 67716519.006392851
  m_CPU_enc_ECDSA: 81181485.371123806
  ME_ALLOC_S: 0
  ME_READ_S: 0
  ME_READ_L: 0
  ME_WRITE: 0
  ME_LARGE: 0
  ME_LATENCY: 0
  ME_THREADED: 0
  SUMM_CPU: 298.90107820040782
  SUMM_ME: 0
SystemInformation:
  OSName: Ubuntu 18.04.6 LTS
  Kernel: 4.9.337-tegra
  Device: quill
  Processor: ARM Cortex-A57 6 Core 2035 MHz
  NumSockets: 2
  Manufacturer: ARM
  NumCores: 6
  NumLogicals: 6
  CPUFrequency: 2035
  Memory: 7850
Checksum: 6F476CCEE9D3B16EB722FE9332CA11C2D01E58AE