BaselineInfo:
  WebDBID: -1
  TimeStamp: 20240828020222
Version:
  Major: 11
  Minor: 0
  Build: 1002
  SpecialBuildName: ""
  ptArchitecture: aarch64_linux
Results:
  Results Complete: true
  NumTestProcesses: 6
  CPU_INTEGER_MATH: 3105.161333333333
  CPU_FLOATINGPOINT_MATH: 772.02726998640549
  CPU_PRIME: 1.7033337780115476
  CPU_SORTING: 1120.6819591914486
  CPU_ENCRYPTION: 83.349459419740455
  CPU_COMPRESSION: 1997.9633286341129
  CPU_SINGLETHREAD: 107.73599341526855
  CPU_PHYSICS: 29.294009619074966
  CPU_MATRIX_MULT_SSE: 185.00913449491858
  CPU_mm: 55.329324150062845
  CPU_sse: 129.91830253536557
  CPU_fma: 240.0999664544716
  CPU_avx: 0
  CPU_avx512: 0
  m_CPU_enc_SHA: 127781316.02925257
  m_CPU_enc_AES: 63790105.381333388
  m_CPU_enc_ECDSA: 70623306.870955348
  ME_ALLOC_S: 0
  ME_READ_S: 0
  ME_READ_L: 0
  ME_WRITE: 0
  ME_LARGE: 0
  ME_LATENCY: 0
  ME_THREADED: 0
  SUMM_CPU: 296.27164283556715
  SUMM_ME: 0
SystemInformation:
  OSName: Ubuntu 18.04.6 LTS
  Kernel: 4.9.337-tegra
  Device: quill
  Processor: ARM Cortex-A57 6 Core 2035 MHz
  NumSockets: 2
  Manufacturer: ARM
  NumCores: 6
  NumLogicals: 6
  CPUFrequency: 2035
  Memory: 7850
Checksum: 1D4F5E0A934F9297E63ADBA19EABFEAAA71D3DC7