BaselineInfo:
  WebDBID: -1
  TimeStamp: 20240827224707
Version:
  Major: 11
  Minor: 0
  Build: 1002
  SpecialBuildName: ""
  ptArchitecture: aarch64_linux
Results:
  Results Complete: true
  NumTestProcesses: 6
  CPU_INTEGER_MATH: 1833.8826666666666
  CPU_FLOATINGPOINT_MATH: 501.07733914782125
  CPU_PRIME: 2.1307336009839166
  CPU_SORTING: 903.68724789226894
  CPU_ENCRYPTION: 58.815946556712461
  CPU_COMPRESSION: 0
  CPU_SINGLETHREAD: 229.6066192137942
  CPU_PHYSICS: 40.652382551461557
  CPU_MATRIX_MULT_SSE: 107.70015743474488
  CPU_mm: 32.139767148357123
  CPU_sse: 75.346235987638835
  CPU_fma: 140.05407888185093
  CPU_avx: 0
  CPU_avx512: 0
  m_CPU_enc_SHA: 83160853.732012019
  m_CPU_enc_AES: 46343720.186357647
  m_CPU_enc_ECDSA: 55514396.011584327
  ME_ALLOC_S: 0
  ME_READ_S: 0
  ME_READ_L: 0
  ME_WRITE: 0
  ME_LARGE: 0
  ME_LATENCY: 0
  ME_THREADED: 0
  SUMM_CPU: 0
  SUMM_ME: 0
SystemInformation:
  OSName: Ubuntu 18.04.6 LTS
  Kernel: 4.9.337-tegra
  Device: quill
  Processor: ARM Cortex-A57 6 Core 2035 MHz
  NumSockets: 2
  Manufacturer: ARM
  NumCores: 6
  NumLogicals: 6
  CPUFrequency: 2035
  Memory: 7850
Checksum: 9D67A1B5478796D94FEA92E96A78DE15682DAA77