BaselineInfo:
  WebDBID: -1
  TimeStamp: 20240828160052
Version:
  Major: 11
  Minor: 0
  Build: 1002
  SpecialBuildName: ""
  ptArchitecture: aarch64_linux
Results:
  Results Complete: true
  NumTestProcesses: 6
  CPU_INTEGER_MATH: 7847.5353333333342
  CPU_FLOATINGPOINT_MATH: 2091.5831370041869
  CPU_PRIME: 3.8550722363051904
  CPU_SORTING: 2602.6903870636042
  CPU_ENCRYPTION: 215.42547514543958
  CPU_COMPRESSION: 5339.8678472079391
  CPU_SINGLETHREAD: 269.21113232481287
  CPU_PHYSICS: 64.708799970614564
  CPU_MATRIX_MULT_SSE: 471.29252629024529
  CPU_mm: 140.77133765369464
  CPU_sse: 331.96813517414319
  CPU_fma: 610.61691740634728
  CPU_avx: 0
  CPU_avx512: 0
  m_CPU_enc_SHA: 316516523.41838211
  m_CPU_enc_AES: 173628690.11767393
  m_CPU_enc_ECDSA: 187524735.54225737
  ME_ALLOC_S: 0
  ME_READ_S: 0
  ME_READ_L: 0
  ME_WRITE: 0
  ME_LARGE: 0
  ME_LATENCY: 0
  ME_THREADED: 0
  SUMM_CPU: 759.8182632755238
  SUMM_ME: 0
SystemInformation:
  OSName: Ubuntu 18.04.6 LTS
  Kernel: 4.9.337-tegra
  Device: quill
  Processor: ARM Cortex-A57 6 Core 2035 MHz
  NumSockets: 2
  Manufacturer: ARM
  NumCores: 6
  NumLogicals: 6
  CPUFrequency: 2035
  Memory: 7850
Checksum: C2AF9E108C69AF24DCA566CA7D87E181ACC90695