BaselineInfo:
  WebDBID: -1
  TimeStamp: 20240828170303
Version:
  Major: 11
  Minor: 0
  Build: 1002
  SpecialBuildName: ""
  ptArchitecture: aarch64_linux
Results:
  Results Complete: true
  NumTestProcesses: 6
  CPU_INTEGER_MATH: 7904.6666666666679
  CPU_FLOATINGPOINT_MATH: 2106.3491313331378
  CPU_PRIME: 5.3711231790170331
  CPU_SORTING: 3069.4034885781557
  CPU_ENCRYPTION: 219.40811788869831
  CPU_COMPRESSION: 5586.9153330148365
  CPU_SINGLETHREAD: 274.54568728165287
  CPU_PHYSICS: 89.382360988040205
  CPU_MATRIX_MULT_SSE: 472.7527403600435
  CPU_mm: 141.43827241125047
  CPU_sse: 332.13160287953212
  CPU_fma: 613.37387784055466
  CPU_avx: 0
  CPU_avx512: 0
  m_CPU_enc_SHA: 318653609.19450122
  m_CPU_enc_AES: 172540347.49465233
  m_CPU_enc_ECDSA: 199004303.18062559
  ME_ALLOC_S: 0
  ME_READ_S: 0
  ME_READ_L: 0
  ME_WRITE: 0
  ME_LARGE: 0
  ME_LATENCY: 0
  ME_THREADED: 0
  SUMM_CPU: 801.23777433971429
  SUMM_ME: 0
SystemInformation:
  OSName: Ubuntu 18.04.6 LTS
  Kernel: 4.9.337-tegra
  Device: quill
  Processor: ARM Cortex-A57 6 Core 2035 MHz
  NumSockets: 2
  Manufacturer: ARM
  NumCores: 6
  NumLogicals: 6
  CPUFrequency: 2035
  Memory: 7850
Checksum: 2D56844EA8F3F499EA5CA2CDFFABA3BA77E7EEB7