BaselineInfo:
  WebDBID: -1
  TimeStamp: 20240828155355
Version:
  Major: 11
  Minor: 0
  Build: 1002
  SpecialBuildName: ""
  ptArchitecture: aarch64_linux
Results:
  Results Complete: true
  NumTestProcesses: 6
  CPU_INTEGER_MATH: 7937.2793333333329
  CPU_FLOATINGPOINT_MATH: 2158.3746588825284
  CPU_PRIME: 7.6098753083205475
  CPU_SORTING: 3354.3293538784437
  CPU_ENCRYPTION: 218.0549554546744
  CPU_COMPRESSION: 5794.4762866974534
  CPU_SINGLETHREAD: 280.97722606344877
  CPU_PHYSICS: 126.02198358448571
  CPU_MATRIX_MULT_SSE: 472.20886873995261
  CPU_mm: 141.71786509075045
  CPU_sse: 332.45948198846781
  CPU_fma: 611.95825549143751
  CPU_avx: 0
  CPU_avx512: 0
  m_CPU_enc_SHA: 326112116.51372802
  m_CPU_enc_AES: 169675049.00281382
  m_CPU_enc_ECDSA: 190154413.39598018
  ME_ALLOC_S: 0
  ME_READ_S: 0
  ME_READ_L: 0
  ME_WRITE: 0
  ME_LARGE: 0
  ME_LATENCY: 0
  ME_THREADED: 0
  SUMM_CPU: 830.29146360398352
  SUMM_ME: 0
SystemInformation:
  OSName: Ubuntu 18.04.6 LTS
  Kernel: 4.9.337-tegra
  Device: quill
  Processor: ARM Cortex-A57 6 Core 2035 MHz
  NumSockets: 2
  Manufacturer: ARM
  NumCores: 6
  NumLogicals: 6
  CPUFrequency: 2035
  Memory: 7850
Checksum: 0AEA8BC3F3C285A9D3564BEC7ECADF581890F686