BaselineInfo:
  WebDBID: -1
  TimeStamp: 20240828051035
Version:
  Major: 11
  Minor: 0
  Build: 1002
  SpecialBuildName: ""
  ptArchitecture: aarch64_linux
Results:
  Results Complete: true
  NumTestProcesses: 6
  CPU_INTEGER_MATH: 4143.6073333333334
  CPU_FLOATINGPOINT_MATH: 1125.3468429599627
  CPU_PRIME: 5.0616728279430667
  CPU_SORTING: 1787.8234287091263
  CPU_ENCRYPTION: 115.44600236989446
  CPU_COMPRESSION: 2842.1287379339797
  CPU_SINGLETHREAD: 147.60077449521646
  CPU_PHYSICS: 84.234003685650322
  CPU_MATRIX_MULT_SSE: 247.58534950931372
  CPU_mm: 74.471677686628695
  CPU_sse: 173.09158937273406
  CPU_fma: 322.07910964589337
  CPU_avx: 0
  CPU_avx512: 0
  m_CPU_enc_SHA: 175526755.65211213
  m_CPU_enc_AES: 89307637.433114916
  m_CPU_enc_ECDSA: 98327329.057816297
  ME_ALLOC_S: 0
  ME_READ_S: 0
  ME_READ_L: 0
  ME_WRITE: 0
  ME_LARGE: 0
  ME_LATENCY: 0
  ME_THREADED: 0
  SUMM_CPU: 432.92976407654396
  SUMM_ME: 0
SystemInformation:
  OSName: Ubuntu 18.04.6 LTS
  Kernel: 4.9.337-tegra
  Device: quill
  Processor: ARM Cortex-A57 6 Core 2035 MHz
  NumSockets: 2
  Manufacturer: ARM
  NumCores: 6
  NumLogicals: 6
  CPUFrequency: 2035
  Memory: 7850
Checksum: 3D822B7A4802816C73A29CA2DDE3D08488B1B856