BaselineInfo:
  WebDBID: -1
  TimeStamp: 20240828080747
Version:
  Major: 11
  Minor: 0
  Build: 1002
  SpecialBuildName: ""
  ptArchitecture: aarch64_linux
Results:
  Results Complete: true
  NumTestProcesses: 6
  CPU_INTEGER_MATH: 5140.2106666666668
  CPU_FLOATINGPOINT_MATH: 1392.0276926736619
  CPU_PRIME: 4.9336588401843127
  CPU_SORTING: 2130.7598140476516
  CPU_ENCRYPTION: 142.56948446717348
  CPU_COMPRESSION: 3604.3646213533116
  CPU_SINGLETHREAD: 182.15783842727157
  CPU_PHYSICS: 88.027141526702366
  CPU_MATRIX_MULT_SSE: 305.48201532988901
  CPU_mm: 91.899411856938471
  CPU_sse: 216.75014121613069
  CPU_fma: 394.21388944364719
  CPU_avx: 0
  CPU_avx512: 0
  m_CPU_enc_SHA: 212416000.84309363
  m_CPU_enc_AES: 115495603.50128882
  m_CPU_enc_ECDSA: 120573214.88957034
  ME_ALLOC_S: 0
  ME_READ_S: 0
  ME_READ_L: 0
  ME_WRITE: 0
  ME_LARGE: 0
  ME_LATENCY: 0
  ME_THREADED: 0
  SUMM_CPU: 533.40039026676016
  SUMM_ME: 0
SystemInformation:
  OSName: Ubuntu 18.04.6 LTS
  Kernel: 4.9.337-tegra
  Device: quill
  Processor: ARM Cortex-A57 6 Core 2035 MHz
  NumSockets: 2
  Manufacturer: ARM
  NumCores: 6
  NumLogicals: 6
  CPUFrequency: 2035
  Memory: 7850
Checksum: 519B54D73296B1B75406A73698B39535BBF2802C