BaselineInfo:
  WebDBID: -1
  TimeStamp: 20240828183035
Version:
  Major: 11
  Minor: 0
  Build: 1002
  SpecialBuildName: ""
  ptArchitecture: aarch64_linux
Results:
  Results Complete: true
  NumTestProcesses: 6
  CPU_INTEGER_MATH: 9035.7440000000006
  CPU_FLOATINGPOINT_MATH: 2300.2156777157816
  CPU_PRIME: 4.1229575208050848
  CPU_SORTING: 2804.4660162025066
  CPU_ENCRYPTION: 246.80876039733337
  CPU_COMPRESSION: 6217.0053056381512
  CPU_SINGLETHREAD: 305.47469828608098
  CPU_PHYSICS: 66.321651387175834
  CPU_MATRIX_MULT_SSE: 534.8652581640988
  CPU_mm: 161.65321951147629
  CPU_sse: 379.44176196152569
  CPU_fma: 690.28875436667204
  CPU_avx: 0
  CPU_avx512: 0
  m_CPU_enc_SHA: 367212318.76070625
  m_CPU_enc_AES: 195803496.39656267
  m_CPU_enc_ECDSA: 213377413.06991383
  ME_ALLOC_S: 0
  ME_READ_S: 0
  ME_READ_L: 0
  ME_WRITE: 0
  ME_LARGE: 0
  ME_LATENCY: 0
  ME_THREADED: 0
  SUMM_CPU: 859.76123340741481
  SUMM_ME: 0
SystemInformation:
  OSName: Ubuntu 18.04.6 LTS
  Kernel: 4.9.337-tegra
  Device: quill
  Processor: ARM Cortex-A57 6 Core 2035 MHz
  NumSockets: 2
  Manufacturer: ARM
  NumCores: 6
  NumLogicals: 6
  CPUFrequency: 2035
  Memory: 7850
Checksum: DF5BE32C963E9158EAE0CE1BE71BD61BF6FFDCF4