BaselineInfo:
  WebDBID: -1
  TimeStamp: 20240828193326
Version:
  Major: 11
  Minor: 0
  Build: 1002
  SpecialBuildName: ""
  ptArchitecture: aarch64_linux
Results:
  Results Complete: true
  NumTestProcesses: 6
  CPU_INTEGER_MATH: 9074.1786666666667
  CPU_FLOATINGPOINT_MATH: 2399.6246070432262
  CPU_PRIME: 5.5137593292809637
  CPU_SORTING: 3368.943472762181
  CPU_ENCRYPTION: 248.36730595289114
  CPU_COMPRESSION: 6255.9220376683606
  CPU_SINGLETHREAD: 311.92915553912474
  CPU_PHYSICS: 93.471246583192183
  CPU_MATRIX_MULT_SSE: 539.51975197846559
  CPU_mm: 162.18595973824517
  CPU_sse: 378.74876101117729
  CPU_fma: 700.29074294575389
  CPU_avx: 0
  CPU_avx512: 0
  m_CPU_enc_SHA: 369979844.8681165
  m_CPU_enc_AES: 197866680.4141224
  m_CPU_enc_ECDSA: 213449463.33833757
  ME_ALLOC_S: 0
  ME_READ_S: 0
  ME_READ_L: 0
  ME_WRITE: 0
  ME_LARGE: 0
  ME_LATENCY: 0
  ME_THREADED: 0
  SUMM_CPU: 899.70605844649594
  SUMM_ME: 0
SystemInformation:
  OSName: Ubuntu 18.04.6 LTS
  Kernel: 4.9.337-tegra
  Device: quill
  Processor: ARM Cortex-A57 6 Core 2035 MHz
  NumSockets: 2
  Manufacturer: ARM
  NumCores: 6
  NumLogicals: 6
  CPUFrequency: 2035
  Memory: 7850
Checksum: 56B0A3F102ABF2ADCFB13BDD2BDA01DC255B9ECF