BaselineInfo:
  WebDBID: -1
  TimeStamp: 20240828201023
Version:
  Major: 11
  Minor: 0
  Build: 1002
  SpecialBuildName: ""
  ptArchitecture: aarch64_linux
Results:
  Results Complete: true
  NumTestProcesses: 6
  CPU_INTEGER_MATH: 9095.5260000000017
  CPU_FLOATINGPOINT_MATH: 2442.6475806331223
  CPU_PRIME: 6.7530307358605288
  CPU_SORTING: 3584.817227610838
  CPU_ENCRYPTION: 252.40024568104636
  CPU_COMPRESSION: 6359.6442450933782
  CPU_SINGLETHREAD: 319.9268038273982
  CPU_PHYSICS: 113.76521231226857
  CPU_MATRIX_MULT_SSE: 541.22990987151093
  CPU_mm: 162.67359593703355
  CPU_sse: 378.91316558964013
  CPU_fma: 703.54665415338184
  CPU_avx: 0
  CPU_avx512: 0
  m_CPU_enc_SHA: 382026106.3360405
  m_CPU_enc_AES: 200189178.3263396
  m_CPU_enc_ECDSA: 211767235.38336658
  ME_ALLOC_S: 0
  ME_READ_S: 0
  ME_READ_L: 0
  ME_WRITE: 0
  ME_LARGE: 0
  ME_LATENCY: 0
  ME_THREADED: 0
  SUMM_CPU: 925.83471342998234
  SUMM_ME: 0
SystemInformation:
  OSName: Ubuntu 18.04.6 LTS
  Kernel: 4.9.337-tegra
  Device: quill
  Processor: ARM Cortex-A57 6 Core 2035 MHz
  NumSockets: 2
  Manufacturer: ARM
  NumCores: 6
  NumLogicals: 6
  CPUFrequency: 2035
  Memory: 7850
Checksum: 73698EB344D1430DD081CFBE5B9B283680A296E2