BaselineInfo:
  WebDBID: -1
  TimeStamp: 20240828132749
Version:
  Major: 11
  Minor: 0
  Build: 1002
  SpecialBuildName: ""
  ptArchitecture: aarch64_linux
Results:
  Results Complete: true
  NumTestProcesses: 6
  CPU_INTEGER_MATH: 6849.6066666666666
  CPU_FLOATINGPOINT_MATH: 1505.9167460512397
  CPU_PRIME: 0.94549091804323471
  CPU_SORTING: 918.56318508442132
  CPU_ENCRYPTION: 171.5346280938528
  CPU_COMPRESSION: 3888.9749209675792
  CPU_SINGLETHREAD: 208.63389828508042
  CPU_PHYSICS: 17.188051244068593
  CPU_MATRIX_MULT_SSE: 406.31120441410286
  CPU_mm: 122.70969220914009
  CPU_sse: 287.04073319940574
  CPU_fma: 525.58167562879999
  CPU_avx: 0
  CPU_avx512: 0
  m_CPU_enc_SHA: 252148716.90079612
  m_CPU_enc_AES: 143722714.33298761
  m_CPU_enc_ECDSA: 143729851.33063567
  ME_ALLOC_S: 0
  ME_READ_S: 0
  ME_READ_L: 0
  ME_WRITE: 0
  ME_LARGE: 0
  ME_LATENCY: 0
  ME_THREADED: 0
  SUMM_CPU: 475.00979755562162
  SUMM_ME: 0
SystemInformation:
  OSName: Ubuntu 18.04.6 LTS
  Kernel: 4.9.337-tegra
  Device: quill
  Processor: ARM Cortex-A57 6 Core 2035 MHz
  NumSockets: 2
  Manufacturer: ARM
  NumCores: 6
  NumLogicals: 6
  CPUFrequency: 2035
  Memory: 7850
Checksum: 39A68DD2FB70E91F6B5955C8E6E084DA1CD21E4B