BaselineInfo:
  WebDBID: -1
  TimeStamp: 20240828090726
Version:
  Major: 11
  Minor: 0
  Build: 1002
  SpecialBuildName: ""
  ptArchitecture: aarch64_linux
Results:
  Results Complete: true
  NumTestProcesses: 6
  CPU_INTEGER_MATH: 5145.5593333333327
  CPU_FLOATINGPOINT_MATH: 1398.6278239307239
  CPU_PRIME: 5.6842807375797282
  CPU_SORTING: 2198.9925169622966
  CPU_ENCRYPTION: 140.83319461814722
  CPU_COMPRESSION: 3561.5714757443743
  CPU_SINGLETHREAD: 182.69712151554077
  CPU_PHYSICS: 97.527201637091864
  CPU_MATRIX_MULT_SSE: 306.19742940866917
  CPU_mm: 91.987781504367959
  CPU_sse: 215.62145497065788
  CPU_fma: 396.77340384668037
  CPU_avx: 0
  CPU_avx512: 0
  m_CPU_enc_SHA: 218534945.94952756
  m_CPU_enc_AES: 113092079.09507802
  m_CPU_enc_ECDSA: 111395898.59514947
  ME_ALLOC_S: 0
  ME_READ_S: 0
  ME_READ_L: 0
  ME_WRITE: 0
  ME_LARGE: 0
  ME_LATENCY: 0
  ME_THREADED: 0
  SUMM_CPU: 533.83881194075559
  SUMM_ME: 0
SystemInformation:
  OSName: Ubuntu 18.04.6 LTS
  Kernel: 4.9.337-tegra
  Device: quill
  Processor: ARM Cortex-A57 6 Core 2035 MHz
  NumSockets: 2
  Manufacturer: ARM
  NumCores: 6
  NumLogicals: 6
  CPUFrequency: 2035
  Memory: 7850
Checksum: 7835CF15BDE491FCFF39C34753AE64B58A800FB1