BaselineInfo:
  WebDBID: -1
  TimeStamp: 20240828125234
Version:
  Major: 11
  Minor: 0
  Build: 1002
  SpecialBuildName: ""
  ptArchitecture: aarch64_linux
Results:
  Results Complete: true
  NumTestProcesses: 6
  CPU_INTEGER_MATH: 7071.884
  CPU_FLOATINGPOINT_MATH: 1882.9581641923082
  CPU_PRIME: 5.1358406737309137
  CPU_SORTING: 2779.523542527641
  CPU_ENCRYPTION: 194.30639738729178
  CPU_COMPRESSION: 4994.4635296029437
  CPU_SINGLETHREAD: 246.11748822189097
  CPU_PHYSICS: 86.594935588162429
  CPU_MATRIX_MULT_SSE: 421.16327574162693
  CPU_mm: 126.55216569338327
  CPU_sse: 296.24077397991744
  CPU_fma: 546.08577750333654
  CPU_avx: 0
  CPU_avx512: 0
  m_CPU_enc_SHA: 295740136.78102422
  m_CPU_enc_AES: 151835857.65947241
  m_CPU_enc_ECDSA: 163659080.39983398
  ME_ALLOC_S: 0
  ME_READ_S: 0
  ME_READ_L: 0
  ME_WRITE: 0
  ME_LARGE: 0
  ME_LATENCY: 0
  ME_THREADED: 0
  SUMM_CPU: 717.97732833848966
  SUMM_ME: 0
SystemInformation:
  OSName: Ubuntu 18.04.6 LTS
  Kernel: 4.9.337-tegra
  Device: quill
  Processor: ARM Cortex-A57 6 Core 2035 MHz
  NumSockets: 2
  Manufacturer: ARM
  NumCores: 6
  NumLogicals: 6
  CPUFrequency: 2035
  Memory: 7850
Checksum: D45040FF054DCAF65CA57F44AA26C466349DDB51