BaselineInfo:
  WebDBID: -1
  TimeStamp: 20240828144112
Version:
  Major: 11
  Minor: 0
  Build: 1002
  SpecialBuildName: ""
  ptArchitecture: aarch64_linux
Results:
  Results Complete: true
  NumTestProcesses: 6
  CPU_INTEGER_MATH: 6388.579999999999
  CPU_FLOATINGPOINT_MATH: 614.43627516650645
  CPU_PRIME: 0
  CPU_SORTING: 47.282881211301806
  CPU_ENCRYPTION: 95.204220239388633
  CPU_COMPRESSION: 1768.7565908586689
  CPU_SINGLETHREAD: 166.68389233493554
  CPU_PHYSICS: 4.2582550166327131
  CPU_MATRIX_MULT_SSE: 370.57569253636433
  CPU_mm: 118.04703518914049
  CPU_sse: 269.63482604746076
  CPU_fma: 471.5165590252679
  CPU_avx: 0
  CPU_avx512: 0
  m_CPU_enc_SHA: 153525302.4498454
  m_CPU_enc_AES: 100522832.65236364
  m_CPU_enc_ECDSA: 52080101.738635622
  ME_ALLOC_S: 0
  ME_READ_S: 0
  ME_READ_L: 0
  ME_WRITE: 0
  ME_LARGE: 0
  ME_LATENCY: 0
  ME_THREADED: 0
  SUMM_CPU: 0
  SUMM_ME: 0
SystemInformation:
  OSName: Ubuntu 18.04.6 LTS
  Kernel: 4.9.337-tegra
  Device: quill
  Processor: ARM Cortex-A57 6 Core 2035 MHz
  NumSockets: 2
  Manufacturer: ARM
  NumCores: 6
  NumLogicals: 6
  CPUFrequency: 2035
  Memory: 7850
Checksum: DE0235011ACC77DEEEE5202AF6058D72BEF13D62