BaselineInfo:
  WebDBID: -1
  TimeStamp: 20240828132049
Version:
  Major: 11
  Minor: 0
  Build: 1002
  SpecialBuildName: ""
  ptArchitecture: aarch64_linux
Results:
  Results Complete: true
  NumTestProcesses: 6
  CPU_INTEGER_MATH: 7089.8233333333328
  CPU_FLOATINGPOINT_MATH: 1923.6086905344418
  CPU_PRIME: 6.8739340611066782
  CPU_SORTING: 2931.0197078949805
  CPU_ENCRYPTION: 199.06808924320757
  CPU_COMPRESSION: 4924.7120631727976
  CPU_SINGLETHREAD: 248.94971168725823
  CPU_PHYSICS: 111.45931052587628
  CPU_MATRIX_MULT_SSE: 421.34559240503637
  CPU_mm: 126.57317858241252
  CPU_sse: 295.85264630743484
  CPU_fma: 546.83853850263779
  CPU_avx: 0
  CPU_avx512: 0
  m_CPU_enc_SHA: 289583831.44539851
  m_CPU_enc_AES: 158305243.28713787
  m_CPU_enc_ECDSA: 178324987.50632036
  ME_ALLOC_S: 0
  ME_READ_S: 0
  ME_READ_L: 0
  ME_WRITE: 0
  ME_LARGE: 0
  ME_LATENCY: 0
  ME_THREADED: 0
  SUMM_CPU: 734.74709438836112
  SUMM_ME: 0
SystemInformation:
  OSName: Ubuntu 18.04.6 LTS
  Kernel: 4.9.337-tegra
  Device: quill
  Processor: ARM Cortex-A57 6 Core 2035 MHz
  NumSockets: 2
  Manufacturer: ARM
  NumCores: 6
  NumLogicals: 6
  CPUFrequency: 2035
  Memory: 7850
Checksum: EEDBDBDA72FA16D816C4A3CB9282002B08199691