BaselineInfo:
  WebDBID: -1
  TimeStamp: 20240827213029
Version:
  Major: 11
  Minor: 0
  Build: 1002
  SpecialBuildName: ""
  ptArchitecture: aarch64_linux
Results:
  Results Complete: true
  NumTestProcesses: 6
  CPU_INTEGER_MATH: 1873.5953333333334
  CPU_FLOATINGPOINT_MATH: 498.68421284282084
  CPU_PRIME: 2.1863259372682111
  CPU_SORTING: 764.69127385843785
  CPU_ENCRYPTION: 62.0442608426889
  CPU_COMPRESSION: 0
  CPU_SINGLETHREAD: 233.89213398145657
  CPU_PHYSICS: 40.792885390084159
  CPU_MATRIX_MULT_SSE: 112.73322090299777
  CPU_mm: 33.51606126640975
  CPU_sse: 78.849208762534545
  CPU_fma: 146.617233043461
  CPU_avx: 0
  CPU_avx512: 0
  m_CPU_enc_SHA: 83268753.206270128
  m_CPU_enc_AES: 49454321.929746278
  m_CPU_enc_ECDSA: 62451293.436133668
  ME_ALLOC_S: 0
  ME_READ_S: 0
  ME_READ_L: 0
  ME_WRITE: 0
  ME_LARGE: 0
  ME_LATENCY: 0
  ME_THREADED: 0
  SUMM_CPU: 0
  SUMM_ME: 0
SystemInformation:
  OSName: Ubuntu 18.04.6 LTS
  Kernel: 4.9.337-tegra
  Device: quill
  Processor: ARM Cortex-A57 6 Core 2035 MHz
  NumSockets: 2
  Manufacturer: ARM
  NumCores: 6
  NumLogicals: 6
  CPUFrequency: 2035
  Memory: 7850
Checksum: 814BCF9EA3CB8DEFD8304ADA4D9519C4ACF8EE91