BaselineInfo:
  WebDBID: -1
  TimeStamp: 20240828154337
Version:
  Major: 11
  Minor: 0
  Build: 1002
  SpecialBuildName: ""
  ptArchitecture: aarch64_linux
Results:
  Results Complete: true
  NumTestProcesses: 6
  CPU_INTEGER_MATH: 7045.9926666666661
  CPU_FLOATINGPOINT_MATH: 914.14436989186277
  CPU_PRIME: 0
  CPU_SORTING: 49.02593308713994
  CPU_ENCRYPTION: 122.79100305454089
  CPU_COMPRESSION: 2257.509937179957
  CPU_SINGLETHREAD: 179.8837650211141
  CPU_PHYSICS: 5.2167099880588168
  CPU_MATRIX_MULT_SSE: 418.0779233853126
  CPU_mm: 127.79149014323923
  CPU_sse: 288.24237453296502
  CPU_fma: 547.91347223766024
  CPU_avx: 0
  CPU_avx512: 0
  m_CPU_enc_SHA: 159553413.43546015
  m_CPU_enc_AES: 111925005.30385706
  m_CPU_enc_ECDSA: 84286722.13401787
  ME_ALLOC_S: 0
  ME_READ_S: 0
  ME_READ_L: 0
  ME_WRITE: 0
  ME_LARGE: 0
  ME_LATENCY: 0
  ME_THREADED: 0
  SUMM_CPU: 0
  SUMM_ME: 0
SystemInformation:
  OSName: Ubuntu 18.04.6 LTS
  Kernel: 4.9.337-tegra
  Device: quill
  Processor: ARM Cortex-A57 6 Core 2035 MHz
  NumSockets: 2
  Manufacturer: ARM
  NumCores: 6
  NumLogicals: 6
  CPUFrequency: 2035
  Memory: 7850
Checksum: D1680EE8C94D8D61A71DA2601451A7E171BE1395