BaselineInfo:
  WebDBID: -1
  TimeStamp: 20240828131802
Version:
  Major: 11
  Minor: 0
  Build: 1002
  SpecialBuildName: ""
  ptArchitecture: aarch64_linux
Results:
  Results Complete: true
  NumTestProcesses: 6
  CPU_INTEGER_MATH: 7071.4106666666657
  CPU_FLOATINGPOINT_MATH: 1882.4041291797498
  CPU_PRIME: 5.0580120272636666
  CPU_SORTING: 2700.5480435047734
  CPU_ENCRYPTION: 194.416037868666
  CPU_COMPRESSION: 4860.7357813079971
  CPU_SINGLETHREAD: 246.38886661273597
  CPU_PHYSICS: 86.916513776931907
  CPU_MATRIX_MULT_SSE: 421.89848560406648
  CPU_mm: 125.25314078344095
  CPU_sse: 297.02098011345225
  CPU_fma: 546.77599109468076
  CPU_avx: 0
  CPU_avx512: 0
  m_CPU_enc_SHA: 290092309.10157329
  m_CPU_enc_AES: 156284874.39197731
  m_CPU_enc_ECDSA: 165202790.47897243
  ME_ALLOC_S: 0
  ME_READ_S: 0
  ME_READ_L: 0
  ME_WRITE: 0
  ME_LARGE: 0
  ME_LATENCY: 0
  ME_THREADED: 0
  SUMM_CPU: 711.67994798054644
  SUMM_ME: 0
SystemInformation:
  OSName: Ubuntu 18.04.6 LTS
  Kernel: 4.9.337-tegra
  Device: quill
  Processor: ARM Cortex-A57 6 Core 2035 MHz
  NumSockets: 2
  Manufacturer: ARM
  NumCores: 6
  NumLogicals: 6
  CPUFrequency: 2035
  Memory: 7850
Checksum: 2B3BA79F2707F3615AA247AA60B14921098B120A