BaselineInfo:
  WebDBID: -1
  TimeStamp: 20240828203145
Version:
  Major: 11
  Minor: 0
  Build: 1002
  SpecialBuildName: ""
  ptArchitecture: aarch64_linux
Results:
  Results Complete: true
  NumTestProcesses: 6
  CPU_INTEGER_MATH: 2267.8346666666666
  CPU_FLOATINGPOINT_MATH: 206.87859687872748
  CPU_PRIME: 0
  CPU_SORTING: 181.3155418502617
  CPU_ENCRYPTION: 51.520254525597402
  CPU_COMPRESSION: 0.18211012980070274
  CPU_SINGLETHREAD: 207.27752941638602
  CPU_PHYSICS: 455.09162540972824
  CPU_MATRIX_MULT_SSE: 519.73136618671253
  CPU_mm: 143.45336702826955
  CPU_sse: 364.55965908430835
  CPU_fma: 674.90307328911683
  CPU_avx: 0
  CPU_avx512: 0
  m_CPU_enc_SHA: 74624914.28364265
  m_CPU_enc_AES: 45708070.197014555
  m_CPU_enc_ECDSA: 41735722.747641243
  ME_ALLOC_S: 0
  ME_READ_S: 0
  ME_READ_L: 0
  ME_WRITE: 0
  ME_LARGE: 0
  ME_LATENCY: 0
  ME_THREADED: 0
  SUMM_CPU: 0
  SUMM_ME: 0
SystemInformation:
  OSName: Ubuntu 18.04.6 LTS
  Kernel: 4.9.337-tegra
  Device: quill
  Processor: ARM Cortex-A57 6 Core 2035 MHz
  NumSockets: 2
  Manufacturer: ARM
  NumCores: 6
  NumLogicals: 6
  CPUFrequency: 2035
  Memory: 7850
Checksum: 2AEF7121591B17D3E035A98A1074F966D7C458EE