BaselineInfo:
  WebDBID: -1
  TimeStamp: 20240828053835
Version:
  Major: 11
  Minor: 0
  Build: 1002
  SpecialBuildName: ""
  ptArchitecture: aarch64_linux
Results:
  Results Complete: true
  NumTestProcesses: 6
  CPU_INTEGER_MATH: 4135.4186666666674
  CPU_FLOATINGPOINT_MATH: 1111.9169056558621
  CPU_PRIME: 4.4670223901585704
  CPU_SORTING: 1690.6614054515856
  CPU_ENCRYPTION: 119.70298328145027
  CPU_COMPRESSION: 2837.5701118344937
  CPU_SINGLETHREAD: 146.64908591824573
  CPU_PHYSICS: 68.953239554849574
  CPU_MATRIX_MULT_SSE: 246.29713008593879
  CPU_mm: 73.98740212243618
  CPU_sse: 173.47597025709652
  CPU_fma: 319.11828991478109
  CPU_avx: 0
  CPU_avx512: 0
  m_CPU_enc_SHA: 180652498.33289731
  m_CPU_enc_AES: 90856244.114410818
  m_CPU_enc_ECDSA: 105044283.74468194
  ME_ALLOC_S: 0
  ME_READ_S: 0
  ME_READ_L: 0
  ME_WRITE: 0
  ME_LARGE: 0
  ME_LATENCY: 0
  ME_THREADED: 0
  SUMM_CPU: 432.13931089801952
  SUMM_ME: 0
SystemInformation:
  OSName: Ubuntu 18.04.6 LTS
  Kernel: 4.9.337-tegra
  Device: quill
  Processor: ARM Cortex-A57 6 Core 2035 MHz
  NumSockets: 2
  Manufacturer: ARM
  NumCores: 6
  NumLogicals: 6
  CPUFrequency: 2035
  Memory: 7850
Checksum: 320E290B8DA3ED0BE7D6D6ECE0836846080E27E1