BaselineInfo:
  WebDBID: -1
  TimeStamp: 20240828193508
Version:
  Major: 11
  Minor: 0
  Build: 1002
  SpecialBuildName: ""
  ptArchitecture: aarch64_linux
Results:
  Results Complete: true
  NumTestProcesses: 6
  CPU_INTEGER_MATH: 9094.3900000000012
  CPU_FLOATINGPOINT_MATH: 2443.8608389525375
  CPU_PRIME: 6.8814131506489931
  CPU_SORTING: 3566.5635308123465
  CPU_ENCRYPTION: 250.77303621177728
  CPU_COMPRESSION: 6600.1283733431083
  CPU_SINGLETHREAD: 315.50377457890568
  CPU_PHYSICS: 114.04228948100987
  CPU_MATRIX_MULT_SSE: 542.37411881805247
  CPU_mm: 163.21443751720594
  CPU_sse: 378.85208359331915
  CPU_fma: 705.89615404278561
  CPU_avx: 0
  CPU_avx512: 0
  m_CPU_enc_SHA: 373890001.42412144
  m_CPU_enc_AES: 202220168.9271408
  m_CPU_enc_ECDSA: 212753591.30513954
  ME_ALLOC_S: 0
  ME_READ_S: 0
  ME_READ_L: 0
  ME_WRITE: 0
  ME_LARGE: 0
  ME_LATENCY: 0
  ME_THREADED: 0
  SUMM_CPU: 933.88499149692575
  SUMM_ME: 0
SystemInformation:
  OSName: Ubuntu 18.04.6 LTS
  Kernel: 4.9.337-tegra
  Device: quill
  Processor: ARM Cortex-A57 6 Core 2035 MHz
  NumSockets: 2
  Manufacturer: ARM
  NumCores: 6
  NumLogicals: 6
  CPUFrequency: 2035
  Memory: 7850
Checksum: 83A545A2760F77160B793631D9EE3A9C68403AC9