BaselineInfo:
  WebDBID: -1
  TimeStamp: 20240828182735
Version:
  Major: 11
  Minor: 0
  Build: 1002
  SpecialBuildName: ""
  ptArchitecture: aarch64_linux
Results:
  Results Complete: true
  NumTestProcesses: 6
  CPU_INTEGER_MATH: 8411.9380000000001
  CPU_FLOATINGPOINT_MATH: 1608.6658773125621
  CPU_PRIME: 0.59236350176792796
  CPU_SORTING: 479.94443068223501
  CPU_ENCRYPTION: 188.72637058572695
  CPU_COMPRESSION: 3723.4895697551933
  CPU_SINGLETHREAD: 237.09742662053193
  CPU_PHYSICS: 10.7170140588313
  CPU_MATRIX_MULT_SSE: 494.22240680293135
  CPU_mm: 152.3787958171344
  CPU_sse: 339.90634638914958
  CPU_fma: 648.53846721671312
  CPU_avx: 0
  CPU_avx512: 0
  m_CPU_enc_SHA: 279860121.52404493
  m_CPU_enc_AES: 162969231.0976654
  m_CPU_enc_ECDSA: 150852475.66818744
  ME_ALLOC_S: 0
  ME_READ_S: 0
  ME_READ_L: 0
  ME_WRITE: 0
  ME_LARGE: 0
  ME_LATENCY: 0
  ME_THREADED: 0
  SUMM_CPU: 405.87998022903543
  SUMM_ME: 0
SystemInformation:
  OSName: Ubuntu 18.04.6 LTS
  Kernel: 4.9.337-tegra
  Device: quill
  Processor: ARM Cortex-A57 6 Core 2035 MHz
  NumSockets: 2
  Manufacturer: ARM
  NumCores: 6
  NumLogicals: 6
  CPUFrequency: 2035
  Memory: 7850
Checksum: E0B411A6697030E3F64298DC6C655BD4DFF9220E