BaselineInfo:
  WebDBID: -1
  TimeStamp: 20240828041323
Version:
  Major: 11
  Minor: 0
  Build: 1002
  SpecialBuildName: ""
  ptArchitecture: aarch64_linux
Results:
  Results Complete: true
  NumTestProcesses: 6
  CPU_INTEGER_MATH: 3752.7286666666664
  CPU_FLOATINGPOINT_MATH: 789.4669386368987
  CPU_PRIME: 0.56066104021360808
  CPU_SORTING: 496.13332930897121
  CPU_ENCRYPTION: 98.447769109248611
  CPU_COMPRESSION: 2033.3284294993982
  CPU_SINGLETHREAD: 123.01360549359477
  CPU_PHYSICS: 10.153893814173438
  CPU_MATRIX_MULT_SSE: 219.30872430212722
  CPU_mm: 70.67553841134125
  CPU_sse: 166.49947274517112
  CPU_fma: 272.11797585908329
  CPU_avx: 0
  CPU_avx512: 0
  m_CPU_enc_SHA: 144253596.77882043
  m_CPU_enc_AES: 86120349.132705167
  m_CPU_enc_ECDSA: 79315957.912972823
  ME_ALLOC_S: 0
  ME_READ_S: 0
  ME_READ_L: 0
  ME_WRITE: 0
  ME_LARGE: 0
  ME_LATENCY: 0
  ME_THREADED: 0
  SUMM_CPU: 263.01020011045131
  SUMM_ME: 0
SystemInformation:
  OSName: Ubuntu 18.04.6 LTS
  Kernel: 4.9.337-tegra
  Device: quill
  Processor: ARM Cortex-A57 6 Core 2035 MHz
  NumSockets: 2
  Manufacturer: ARM
  NumCores: 6
  NumLogicals: 6
  CPUFrequency: 2035
  Memory: 7850
Checksum: F6241813811AD187E28C14FF74DD321D0D8F12DC