BaselineInfo:
  WebDBID: -1
  TimeStamp: 20240828032754
Version:
  Major: 11
  Minor: 0
  Build: 1002
  SpecialBuildName: ""
  ptArchitecture: aarch64_linux
Results:
  Results Complete: true
  NumTestProcesses: 6
  CPU_INTEGER_MATH: 4005.252
  CPU_FLOATINGPOINT_MATH: 929.22819491839186
  CPU_PRIME: 0.92019104863069967
  CPU_SORTING: 793.53710010988345
  CPU_ENCRYPTION: 104.20194846453373
  CPU_COMPRESSION: 2338.6634817715562
  CPU_SINGLETHREAD: 130.61368118589698
  CPU_PHYSICS: 16.174765668287392
  CPU_MATRIX_MULT_SSE: 240.23608256720732
  CPU_mm: 71.627286167978639
  CPU_sse: 167.85160460961862
  CPU_fma: 312.62056052479608
  CPU_avx: 0
  CPU_avx512: 0
  m_CPU_enc_SHA: 156912462.36081994
  m_CPU_enc_AES: 86021174.598370597
  m_CPU_enc_ECDSA: 84857349.980250269
  ME_ALLOC_S: 0
  ME_READ_S: 0
  ME_READ_L: 0
  ME_WRITE: 0
  ME_LARGE: 0
  ME_LATENCY: 0
  ME_THREADED: 0
  SUMM_CPU: 321.32465324489408
  SUMM_ME: 0
SystemInformation:
  OSName: Ubuntu 18.04.6 LTS
  Kernel: 4.9.337-tegra
  Device: quill
  Processor: ARM Cortex-A57 6 Core 2035 MHz
  NumSockets: 2
  Manufacturer: ARM
  NumCores: 6
  NumLogicals: 6
  CPUFrequency: 2035
  Memory: 7850
Checksum: 17D96765BDC5ED8A75DD95E8A29B885C6110FCB4