BaselineInfo:
  WebDBID: -1
  TimeStamp: 20240828102758
Version:
  Major: 11
  Minor: 0
  Build: 1002
  SpecialBuildName: ""
  ptArchitecture: aarch64_linux
Results:
  Results Complete: true
  NumTestProcesses: 6
  CPU_INTEGER_MATH: 6105.2900000000009
  CPU_FLOATINGPOINT_MATH: 1623.8048462154475
  CPU_PRIME: 5.5826271281221143
  CPU_SORTING: 2558.7565540851151
  CPU_ENCRYPTION: 170.87717736125694
  CPU_COMPRESSION: 4219.5444950113342
  CPU_SINGLETHREAD: 217.40056405017225
  CPU_PHYSICS: 96.095334972077595
  CPU_MATRIX_MULT_SSE: 366.03529296597571
  CPU_mm: 109.89341840970357
  CPU_sse: 256.38213030600934
  CPU_fma: 475.68845562594203
  CPU_avx: 0
  CPU_avx512: 0
  m_CPU_enc_SHA: 248088670.03634244
  m_CPU_enc_AES: 134797722.30133989
  m_CPU_enc_ECDSA: 154646729.04858968
  ME_ALLOC_S: 0
  ME_READ_S: 0
  ME_READ_L: 0
  ME_WRITE: 0
  ME_LARGE: 0
  ME_LATENCY: 0
  ME_THREADED: 0
  SUMM_CPU: 630.69680245163977
  SUMM_ME: 0
SystemInformation:
  OSName: Ubuntu 18.04.6 LTS
  Kernel: 4.9.337-tegra
  Device: quill
  Processor: ARM Cortex-A57 6 Core 2035 MHz
  NumSockets: 2
  Manufacturer: ARM
  NumCores: 6
  NumLogicals: 6
  CPUFrequency: 2035
  Memory: 7850
Checksum: D8CEEA070244ADCC13CC0757C4D97863F9C47AE7