BaselineInfo:
  WebDBID: -1
  TimeStamp: 20240828071128
Version:
  Major: 11
  Minor: 0
  Build: 1002
  SpecialBuildName: ""
  ptArchitecture: aarch64_linux
Results:
  Results Complete: true
  NumTestProcesses: 6
  CPU_INTEGER_MATH: 5150.5766666666668
  CPU_FLOATINGPOINT_MATH: 1399.706971963994
  CPU_PRIME: 5.6441349461062815
  CPU_SORTING: 2141.1664276081515
  CPU_ENCRYPTION: 143.53929289748677
  CPU_COMPRESSION: 3587.5507619204509
  CPU_SINGLETHREAD: 182.43972870742527
  CPU_PHYSICS: 94.586656780210774
  CPU_MATRIX_MULT_SSE: 306.5946170401499
  CPU_mm: 92.221211964003288
  CPU_sse: 216.74627666990972
  CPU_fma: 396.44295741039002
  CPU_avx: 0
  CPU_avx512: 0
  m_CPU_enc_SHA: 222778033.69133455
  m_CPU_enc_AES: 110913624.49822448
  m_CPU_enc_ECDSA: 117843914.57826622
  ME_ALLOC_S: 0
  ME_READ_S: 0
  ME_READ_L: 0
  ME_WRITE: 0
  ME_LARGE: 0
  ME_LATENCY: 0
  ME_THREADED: 0
  SUMM_CPU: 537.01884960529003
  SUMM_ME: 0
SystemInformation:
  OSName: Ubuntu 18.04.6 LTS
  Kernel: 4.9.337-tegra
  Device: quill
  Processor: ARM Cortex-A57 6 Core 2035 MHz
  NumSockets: 2
  Manufacturer: ARM
  NumCores: 6
  NumLogicals: 6
  CPUFrequency: 2035
  Memory: 7850
Checksum: D9FE33932D41DFCEC03D320B20410AF39897CD20