BaselineInfo:
  WebDBID: -1
  TimeStamp: 20240828072545
Version:
  Major: 11
  Minor: 0
  Build: 1002
  SpecialBuildName: ""
  ptArchitecture: aarch64_linux
Results:
  Results Complete: true
  NumTestProcesses: 6
  CPU_INTEGER_MATH: 5143.3346666666666
  CPU_FLOATINGPOINT_MATH: 1391.5739943751773
  CPU_PRIME: 5.402857168876225
  CPU_SORTING: 2160.3966346306584
  CPU_ENCRYPTION: 141.17260049268737
  CPU_COMPRESSION: 3522.1319205980849
  CPU_SINGLETHREAD: 182.53425705227551
  CPU_PHYSICS: 95.873832407663585
  CPU_MATRIX_MULT_SSE: 306.83851874758636
  CPU_mm: 91.805332119314187
  CPU_sse: 216.03012579572436
  CPU_fma: 397.64691169944837
  CPU_avx: 0
  CPU_avx512: 0
  m_CPU_enc_SHA: 215191909.8357029
  m_CPU_enc_AES: 110650723.19658718
  m_CPU_enc_ECDSA: 118247969.17037043
  ME_ALLOC_S: 0
  ME_READ_S: 0
  ME_READ_L: 0
  ME_WRITE: 0
  ME_LARGE: 0
  ME_LATENCY: 0
  ME_THREADED: 0
  SUMM_CPU: 531.20498569586687
  SUMM_ME: 0
SystemInformation:
  OSName: Ubuntu 18.04.6 LTS
  Kernel: 4.9.337-tegra
  Device: quill
  Processor: ARM Cortex-A57 6 Core 2035 MHz
  NumSockets: 2
  Manufacturer: ARM
  NumCores: 6
  NumLogicals: 6
  CPUFrequency: 2035
  Memory: 7850
Checksum: E5C9754C05349DFE7AC1DACD7E60F9E9B44CECF5