BaselineInfo:
  WebDBID: -1
  TimeStamp: 20240827222217
Version:
  Major: 11
  Minor: 0
  Build: 1002
  SpecialBuildName: ""
  ptArchitecture: aarch64_linux
Results:
  Results Complete: true
  NumTestProcesses: 6
  CPU_INTEGER_MATH: 1824.2266666666669
  CPU_FLOATINGPOINT_MATH: 401.38375361964336
  CPU_PRIME: 0.79527936082785489
  CPU_SORTING: 596.11505681480662
  CPU_ENCRYPTION: 55.276212413146936
  CPU_COMPRESSION: 0
  CPU_SINGLETHREAD: 197.52416527443916
  CPU_PHYSICS: 12.602890733970616
  CPU_MATRIX_MULT_SSE: 104.96839572486867
  CPU_mm: 32.427986499354041
  CPU_sse: 75.892317121187546
  CPU_fma: 134.0444743285498
  CPU_avx: 0
  CPU_avx512: 0
  m_CPU_enc_SHA: 76897394.76618509
  m_CPU_enc_AES: 43432024.628899522
  m_CPU_enc_ECDSA: 53554509.726899266
  ME_ALLOC_S: 0
  ME_READ_S: 0
  ME_READ_L: 0
  ME_WRITE: 0
  ME_LARGE: 0
  ME_LATENCY: 0
  ME_THREADED: 0
  SUMM_CPU: 0
  SUMM_ME: 0
SystemInformation:
  OSName: Ubuntu 18.04.6 LTS
  Kernel: 4.9.337-tegra
  Device: quill
  Processor: ARM Cortex-A57 6 Core 2035 MHz
  NumSockets: 2
  Manufacturer: ARM
  NumCores: 6
  NumLogicals: 6
  CPUFrequency: 2035
  Memory: 7850
Checksum: 38CBAFF012891F8F8788745253C532C04F0D3684