BaselineInfo:
  WebDBID: -1
  TimeStamp: 20240827211143
Version:
  Major: 11
  Minor: 0
  Build: 1002
  SpecialBuildName: ""
  ptArchitecture: aarch64_linux
Results:
  Results Complete: true
  NumTestProcesses: 6
  CPU_INTEGER_MATH: 1857.7859999999998
  CPU_FLOATINGPOINT_MATH: 496.45635364432451
  CPU_PRIME: 2.143533112570295
  CPU_SORTING: 755.69693507055547
  CPU_ENCRYPTION: 62.222425087407018
  CPU_COMPRESSION: 0
  CPU_SINGLETHREAD: 77.635247736782432
  CPU_PHYSICS: 45.744882470675286
  CPU_MATRIX_MULT_SSE: 127.20225148010388
  CPU_mm: 38.36835500547447
  CPU_sse: 90.023110851061304
  CPU_fma: 164.38139210914645
  CPU_avx: 0
  CPU_avx512: 0
  m_CPU_enc_SHA: 88851741.05484286
  m_CPU_enc_AES: 47858046.176494539
  m_CPU_enc_ECDSA: 59025037.594021298
  ME_ALLOC_S: 0
  ME_READ_S: 0
  ME_READ_L: 0
  ME_WRITE: 0
  ME_LARGE: 0
  ME_LATENCY: 0
  ME_THREADED: 0
  SUMM_CPU: 0
  SUMM_ME: 0
SystemInformation:
  OSName: Ubuntu 18.04.6 LTS
  Kernel: 4.9.337-tegra
  Device: quill
  Processor: ARM Cortex-A57 6 Core 2035 MHz
  NumSockets: 2
  Manufacturer: ARM
  NumCores: 6
  NumLogicals: 6
  CPUFrequency: 2035
  Memory: 7850
Checksum: 27C6D2A23BF98F2DD543E21A7BDE342AD2A55471