BaselineInfo:
  WebDBID: -1
  TimeStamp: 20240828181754
Version:
  Major: 11
  Minor: 0
  Build: 1002
  SpecialBuildName: ""
  ptArchitecture: aarch64_linux
Results:
  Results Complete: true
  NumTestProcesses: 6
  CPU_INTEGER_MATH: 8833.630666666666
  CPU_FLOATINGPOINT_MATH: 2221.4858712208402
  CPU_PRIME: 2.1262877727081007
  CPU_SORTING: 1758.4602570350319
  CPU_ENCRYPTION: 232.09619739545832
  CPU_COMPRESSION: 5716.3220204891049
  CPU_SINGLETHREAD: 290.1648398057236
  CPU_PHYSICS: 37.643531767552723
  CPU_MATRIX_MULT_SSE: 529.85445214357469
  CPU_mm: 159.51365789808693
  CPU_sse: 374.62020863402756
  CPU_fma: 685.08869565312193
  CPU_avx: 0
  CPU_avx512: 0
  m_CPU_enc_SHA: 341877740.62850267
  m_CPU_enc_AES: 191048548.77300441
  m_CPU_enc_ECDSA: 197185217.43891317
  ME_ALLOC_S: 0
  ME_READ_S: 0
  ME_READ_L: 0
  ME_WRITE: 0
  ME_LARGE: 0
  ME_LATENCY: 0
  ME_THREADED: 0
  SUMM_CPU: 740.47637821301896
  SUMM_ME: 0
SystemInformation:
  OSName: Ubuntu 18.04.6 LTS
  Kernel: 4.9.337-tegra
  Device: quill
  Processor: ARM Cortex-A57 6 Core 2035 MHz
  NumSockets: 2
  Manufacturer: ARM
  NumCores: 6
  NumLogicals: 6
  CPUFrequency: 2035
  Memory: 7850
Checksum: 838EE1ECD878A805AECC255515DE25D94CB28FCA