BaselineInfo:
  WebDBID: -1
  TimeStamp: 20240827193830
Version:
  Major: 11
  Minor: 0
  Build: 1002
  SpecialBuildName: ""
  ptArchitecture: aarch64_linux
Results:
  Results Complete: true
  NumTestProcesses: 6
  CPU_INTEGER_MATH: 1870.4713333333334
  CPU_FLOATINGPOINT_MATH: 503.82411016942558
  CPU_PRIME: 2.3266618976531084
  CPU_SORTING: 798.85343411768486
  CPU_ENCRYPTION: 56.463928403375135
  CPU_COMPRESSION: 0
  CPU_SINGLETHREAD: 240.48095179822988
  CPU_PHYSICS: 42.634842294870637
  CPU_MATRIX_MULT_SSE: 111.33955646331107
  CPU_mm: 31.195632770227164
  CPU_sse: 78.308488850298204
  CPU_fma: 144.37062407632396
  CPU_avx: 0
  CPU_avx512: 0
  m_CPU_enc_SHA: 77463268.083765477
  m_CPU_enc_AES: 47028204.474289104
  m_CPU_enc_ECDSA: 53128688.010437876
  ME_ALLOC_S: 0
  ME_READ_S: 0
  ME_READ_L: 0
  ME_WRITE: 0
  ME_LARGE: 0
  ME_LATENCY: 0
  ME_THREADED: 0
  SUMM_CPU: 0
  SUMM_ME: 0
SystemInformation:
  OSName: Ubuntu 18.04.6 LTS
  Kernel: 4.9.337-tegra
  Device: quill
  Processor: ARM Cortex-A57 6 Core 2035 MHz
  NumSockets: 2
  Manufacturer: ARM
  NumCores: 6
  NumLogicals: 6
  CPUFrequency: 2035
  Memory: 7850
Checksum: D29C58C3CCE092727EB47EF700EC88F414DA7936