BaselineInfo:
  WebDBID: -1
  TimeStamp: 20240828123647
Version:
  Major: 11
  Minor: 0
  Build: 1002
  SpecialBuildName: ""
  ptArchitecture: aarch64_linux
Results:
  Results Complete: true
  NumTestProcesses: 6
  CPU_INTEGER_MATH: 6831.2413333333334
  CPU_FLOATINGPOINT_MATH: 1522.1238468394611
  CPU_PRIME: 0.9417695456370283
  CPU_SORTING: 871.65689690458908
  CPU_ENCRYPTION: 170.95645087360242
  CPU_COMPRESSION: 3765.8235413787088
  CPU_SINGLETHREAD: 208.49750685361434
  CPU_PHYSICS: 16.896551660012527
  CPU_MATRIX_MULT_SSE: 407.93403901937921
  CPU_mm: 122.82765780273274
  CPU_sse: 287.47667979965303
  CPU_fma: 528.39139823910546
  CPU_avx: 0
  CPU_avx512: 0
  m_CPU_enc_SHA: 248252714.31195468
  m_CPU_enc_AES: 144139377.29579011
  m_CPU_enc_ECDSA: 145390402.6859709
  ME_ALLOC_S: 0
  ME_READ_S: 0
  ME_READ_L: 0
  ME_WRITE: 0
  ME_LARGE: 0
  ME_LATENCY: 0
  ME_THREADED: 0
  SUMM_CPU: 468.31334226822764
  SUMM_ME: 0
SystemInformation:
  OSName: Ubuntu 18.04.6 LTS
  Kernel: 4.9.337-tegra
  Device: quill
  Processor: ARM Cortex-A57 6 Core 2035 MHz
  NumSockets: 2
  Manufacturer: ARM
  NumCores: 6
  NumLogicals: 6
  CPUFrequency: 2035
  Memory: 7850
Checksum: 09D404B651AE43F387758F15269919E12A80D68D