BaselineInfo:
  WebDBID: -1
  TimeStamp: 20240828071549
Version:
  Major: 11
  Minor: 0
  Build: 1002
  SpecialBuildName: ""
  ptArchitecture: aarch64_linux
Results:
  Results Complete: true
  NumTestProcesses: 6
  CPU_INTEGER_MATH: 4628.300666666667
  CPU_FLOATINGPOINT_MATH: 677.89838970311234
  CPU_PRIME: 0
  CPU_SORTING: 0.23401708410462313
  CPU_ENCRYPTION: 140.62075854659145
  CPU_COMPRESSION: 82.737784045129246
  CPU_SINGLETHREAD: 0
  CPU_PHYSICS: 1024.7138103350414
  CPU_MATRIX_MULT_SSE: 97.966210610724204
  CPU_mm: 34.085512256259655
  CPU_sse: 73.067837117092608
  CPU_fma: 122.86458410435577
  CPU_avx: 0
  CPU_avx512: 0
  m_CPU_enc_SHA: 48335175.787034564
  m_CPU_enc_AES: 84702946.413725182
  m_CPU_enc_ECDSA: 0
  ME_ALLOC_S: 0
  ME_READ_S: 0
  ME_READ_L: 0
  ME_WRITE: 0
  ME_LARGE: 0
  ME_LATENCY: 0
  ME_THREADED: 0
  SUMM_CPU: 0
  SUMM_ME: 0
SystemInformation:
  OSName: Ubuntu 18.04.6 LTS
  Kernel: 4.9.337-tegra
  Device: quill
  Processor: ARM Cortex-A57 6 Core 2035 MHz
  NumSockets: 2
  Manufacturer: ARM
  NumCores: 6
  NumLogicals: 6
  CPUFrequency: 2035
  Memory: 7850
Checksum: D94B0747F7924B7C9A7EF8FB177930CF901BCCB1