BaselineInfo:
  WebDBID: -1
  TimeStamp: 20240828184854
Version:
  Major: 11
  Minor: 0
  Build: 1002
  SpecialBuildName: ""
  ptArchitecture: aarch64_linux
Results:
  Results Complete: true
  NumTestProcesses: 6
  CPU_INTEGER_MATH: 9087.9526666666661
  CPU_FLOATINGPOINT_MATH: 2455.3193156743223
  CPU_PRIME: 7.4676801108537552
  CPU_SORTING: 3670.4671668612359
  CPU_ENCRYPTION: 249.4103835818176
  CPU_COMPRESSION: 6440.4801534876451
  CPU_SINGLETHREAD: 316.72103583865623
  CPU_PHYSICS: 123.53639339595108
  CPU_MATRIX_MULT_SSE: 541.23534682165871
  CPU_mm: 162.41424530029002
  CPU_sse: 378.60983779288381
  CPU_fma: 703.8608558504335
  CPU_avx: 0
  CPU_avx512: 0
  m_CPU_enc_SHA: 367963785.96527755
  m_CPU_enc_AES: 203207387.19332117
  m_CPU_enc_ECDSA: 213406053.96546513
  ME_ALLOC_S: 0
  ME_READ_S: 0
  ME_READ_L: 0
  ME_WRITE: 0
  ME_LARGE: 0
  ME_LATENCY: 0
  ME_THREADED: 0
  SUMM_CPU: 932.02136566899912
  SUMM_ME: 0
SystemInformation:
  OSName: Ubuntu 18.04.6 LTS
  Kernel: 4.9.337-tegra
  Device: quill
  Processor: ARM Cortex-A57 6 Core 2035 MHz
  NumSockets: 2
  Manufacturer: ARM
  NumCores: 6
  NumLogicals: 6
  CPUFrequency: 2035
  Memory: 7850
Checksum: 38B3CF39D0B32832CAEF2DFAC344DA69070405FC