BaselineInfo:
  WebDBID: -1
  TimeStamp: 20240828071909
Version:
  Major: 11
  Minor: 0
  Build: 1002
  SpecialBuildName: ""
  ptArchitecture: aarch64_linux
Results:
  Results Complete: true
  NumTestProcesses: 6
  CPU_INTEGER_MATH: 4979.0406666666668
  CPU_FLOATINGPOINT_MATH: 1090.5553325565681
  CPU_PRIME: 0.93937401028961676
  CPU_SORTING: 847.3484425733227
  CPU_ENCRYPTION: 127.2205309608982
  CPU_COMPRESSION: 2892.7733120220764
  CPU_SINGLETHREAD: 157.40404793544977
  CPU_PHYSICS: 16.124542327334815
  CPU_MATRIX_MULT_SSE: 297.437089353896
  CPU_mm: 88.776056883108794
  CPU_sse: 209.89315792196888
  CPU_fma: 384.98102078582309
  CPU_avx: 0
  CPU_avx512: 0
  m_CPU_enc_SHA: 189864477.90909728
  m_CPU_enc_AES: 104970159.0010578
  m_CPU_enc_ECDSA: 105366549.50840929
  ME_ALLOC_S: 0
  ME_READ_S: 0
  ME_READ_L: 0
  ME_WRITE: 0
  ME_LARGE: 0
  ME_LATENCY: 0
  ME_THREADED: 0
  SUMM_CPU: 377.01186113986739
  SUMM_ME: 0
SystemInformation:
  OSName: Ubuntu 18.04.6 LTS
  Kernel: 4.9.337-tegra
  Device: quill
  Processor: ARM Cortex-A57 6 Core 2035 MHz
  NumSockets: 2
  Manufacturer: ARM
  NumCores: 6
  NumLogicals: 6
  CPUFrequency: 2035
  Memory: 7850
Checksum: 63EE96BF870A5BA21BFC529C370007F6021804A4