BaselineInfo:
  WebDBID: -1
  TimeStamp: 20240828152038
Version:
  Major: 11
  Minor: 0
  Build: 1002
  SpecialBuildName: ""
  ptArchitecture: aarch64_linux
Results:
  Results Complete: true
  NumTestProcesses: 6
  CPU_INTEGER_MATH: 7464.8926666666666
  CPU_FLOATINGPOINT_MATH: 1368.3123171117131
  CPU_PRIME: 0.59802968082238583
  CPU_SORTING: 520.68590654982086
  CPU_ENCRYPTION: 169.96516734928491
  CPU_COMPRESSION: 3502.0230877754589
  CPU_SINGLETHREAD: 209.74665880620464
  CPU_PHYSICS: 10.371877295009162
  CPU_MATRIX_MULT_SSE: 445.13984085468894
  CPU_mm: 133.50481737352271
  CPU_sse: 317.9634547037208
  CPU_fma: 572.3162270056572
  CPU_avx: 0
  CPU_avx512: 0
  m_CPU_enc_SHA: 252989919.75439414
  m_CPU_enc_AES: 145669515.8830418
  m_CPU_enc_ECDSA: 136004750.31789529
  ME_ALLOC_S: 0
  ME_READ_S: 0
  ME_READ_L: 0
  ME_WRITE: 0
  ME_LARGE: 0
  ME_LATENCY: 0
  ME_THREADED: 0
  SUMM_CPU: 387.17693539141675
  SUMM_ME: 0
SystemInformation:
  OSName: Ubuntu 18.04.6 LTS
  Kernel: 4.9.337-tegra
  Device: quill
  Processor: ARM Cortex-A57 6 Core 2035 MHz
  NumSockets: 2
  Manufacturer: ARM
  NumCores: 6
  NumLogicals: 6
  CPUFrequency: 2035
  Memory: 7850
Checksum: 03F44D903DF12478BAEDC9D85278FBB818AC6BE5