BaselineInfo:
  WebDBID: -1
  TimeStamp: 20240828083529
Version:
  Major: 11
  Minor: 0
  Build: 1002
  SpecialBuildName: ""
  ptArchitecture: aarch64_linux
Results:
  Results Complete: true
  NumTestProcesses: 6
  CPU_INTEGER_MATH: 5138.3173333333334
  CPU_FLOATINGPOINT_MATH: 1386.3728084621512
  CPU_PRIME: 4.7202205139079378
  CPU_SORTING: 2124.4854678512838
  CPU_ENCRYPTION: 141.25104782467577
  CPU_COMPRESSION: 3447.7973459763502
  CPU_SINGLETHREAD: 181.61049849372773
  CPU_PHYSICS: 80.657757523438107
  CPU_MATRIX_MULT_SSE: 305.26494906258057
  CPU_mm: 92.033690002111626
  CPU_sse: 216.94798831567468
  CPU_fma: 393.58190980948649
  CPU_avx: 0
  CPU_avx512: 0
  m_CPU_enc_SHA: 204567366.17716348
  m_CPU_enc_AES: 108353985.72567968
  m_CPU_enc_ECDSA: 131416024.26857841
  ME_ALLOC_S: 0
  ME_READ_S: 0
  ME_READ_L: 0
  ME_WRITE: 0
  ME_LARGE: 0
  ME_LATENCY: 0
  ME_THREADED: 0
  SUMM_CPU: 523.15166290297918
  SUMM_ME: 0
SystemInformation:
  OSName: Ubuntu 18.04.6 LTS
  Kernel: 4.9.337-tegra
  Device: quill
  Processor: ARM Cortex-A57 6 Core 2035 MHz
  NumSockets: 2
  Manufacturer: ARM
  NumCores: 6
  NumLogicals: 6
  CPUFrequency: 2035
  Memory: 7850
Checksum: 0F9DBA8315C79DB7D3CEC64047105276DCDDD09C