BaselineInfo:
  WebDBID: -1
  TimeStamp: 20240828033025
Version:
  Major: 11
  Minor: 0
  Build: 1002
  SpecialBuildName: ""
  ptArchitecture: aarch64_linux
Results:
  Results Complete: true
  NumTestProcesses: 6
  CPU_INTEGER_MATH: 4124.2480000000005
  CPU_FLOATINGPOINT_MATH: 1086.4436950838087
  CPU_PRIME: 3.115070069586281
  CPU_SORTING: 1659.3778220412748
  CPU_ENCRYPTION: 118.97766968873093
  CPU_COMPRESSION: 2769.4922614257734
  CPU_SINGLETHREAD: 144.51851800316791
  CPU_PHYSICS: 53.61529581627245
  CPU_MATRIX_MULT_SSE: 245.44189321084139
  CPU_mm: 73.388138072587594
  CPU_sse: 173.28255046755839
  CPU_fma: 317.60123595412443
  CPU_avx: 0
  CPU_avx512: 0
  m_CPU_enc_SHA: 168920057.20048717
  m_CPU_enc_AES: 92351685.151821062
  m_CPU_enc_ECDSA: 112999644.56228396
  ME_ALLOC_S: 0
  ME_READ_S: 0
  ME_READ_L: 0
  ME_WRITE: 0
  ME_LARGE: 0
  ME_LATENCY: 0
  ME_THREADED: 0
  SUMM_CPU: 419.7254657023654
  SUMM_ME: 0
SystemInformation:
  OSName: Ubuntu 18.04.6 LTS
  Kernel: 4.9.337-tegra
  Device: quill
  Processor: ARM Cortex-A57 6 Core 2035 MHz
  NumSockets: 2
  Manufacturer: ARM
  NumCores: 6
  NumLogicals: 6
  CPUFrequency: 2035
  Memory: 7850
Checksum: DA7AF5176A36BCCF9EE14011ABE6C5EBC44B33E8