BaselineInfo:
  WebDBID: -1
  TimeStamp: 20240828090307
Version:
  Major: 11
  Minor: 0
  Build: 1002
  SpecialBuildName: ""
  ptArchitecture: aarch64_linux
Results:
  Results Complete: true
  NumTestProcesses: 6
  CPU_INTEGER_MATH: 5132.4480000000003
  CPU_FLOATINGPOINT_MATH: 1374.2695992458755
  CPU_PRIME: 4.4635183462547596
  CPU_SORTING: 2089.2412406758108
  CPU_ENCRYPTION: 136.05504758682858
  CPU_COMPRESSION: 3513.0336774396073
  CPU_SINGLETHREAD: 180.91101137701529
  CPU_PHYSICS: 74.63896162405851
  CPU_MATRIX_MULT_SSE: 305.8272626848032
  CPU_mm: 91.837906008083863
  CPU_sse: 216.00431107435304
  CPU_fma: 395.65021429525331
  CPU_avx: 0
  CPU_avx512: 0
  m_CPU_enc_SHA: 213373257.1880973
  m_CPU_enc_AES: 110733780.94786924
  m_CPU_enc_ECDSA: 103885134.59925258
  ME_ALLOC_S: 0
  ME_READ_S: 0
  ME_READ_L: 0
  ME_WRITE: 0
  ME_LARGE: 0
  ME_LATENCY: 0
  ME_THREADED: 0
  SUMM_CPU: 517.80355807531805
  SUMM_ME: 0
SystemInformation:
  OSName: Ubuntu 18.04.6 LTS
  Kernel: 4.9.337-tegra
  Device: quill
  Processor: ARM Cortex-A57 6 Core 2035 MHz
  NumSockets: 2
  Manufacturer: ARM
  NumCores: 6
  NumLogicals: 6
  CPUFrequency: 2035
  Memory: 7850
Checksum: 57198A2569CCDAB3CA370A77F7ED61593ED0B9A8