BaselineInfo:
  WebDBID: -1
  TimeStamp: 20240828054929
Version:
  Major: 11
  Minor: 0
  Build: 1002
  SpecialBuildName: ""
  ptArchitecture: aarch64_linux
Results:
  Results Complete: true
  NumTestProcesses: 6
  CPU_INTEGER_MATH: 3991.7619999999997
  CPU_FLOATINGPOINT_MATH: 900.99192020197404
  CPU_PRIME: 0.91205949513908957
  CPU_SORTING: 767.8744424709862
  CPU_ENCRYPTION: 103.76371873316927
  CPU_COMPRESSION: 2332.5723919638272
  CPU_SINGLETHREAD: 130.85788326162691
  CPU_PHYSICS: 16.097700046676295
  CPU_MATRIX_MULT_SSE: 237.26794286567008
  CPU_mm: 71.970149204379837
  CPU_sse: 168.54734513865307
  CPU_fma: 305.98854059268712
  CPU_avx: 0
  CPU_avx512: 0
  m_CPU_enc_SHA: 154521322.31393564
  m_CPU_enc_AES: 86340805.725080088
  m_CPU_enc_ECDSA: 85550307.364039391
  ME_ALLOC_S: 0
  ME_READ_S: 0
  ME_READ_L: 0
  ME_WRITE: 0
  ME_LARGE: 0
  ME_LATENCY: 0
  ME_THREADED: 0
  SUMM_CPU: 318.3587485484224
  SUMM_ME: 0
SystemInformation:
  OSName: Ubuntu 18.04.6 LTS
  Kernel: 4.9.337-tegra
  Device: quill
  Processor: ARM Cortex-A57 6 Core 2035 MHz
  NumSockets: 2
  Manufacturer: ARM
  NumCores: 6
  NumLogicals: 6
  CPUFrequency: 2035
  Memory: 7850
Checksum: ED1427426BCD2096769C6AD9F94F46073CDA192C