BaselineInfo:
  WebDBID: -1
  TimeStamp: 20240828185717
Version:
  Major: 11
  Minor: 0
  Build: 1002
  SpecialBuildName: ""
  ptArchitecture: aarch64_linux
Results:
  Results Complete: true
  NumTestProcesses: 6
  CPU_INTEGER_MATH: 9010.4206666666651
  CPU_FLOATINGPOINT_MATH: 2365.4074853363836
  CPU_PRIME: 4.1339825509178478
  CPU_SORTING: 2833.8260443163626
  CPU_ENCRYPTION: 242.4603684644855
  CPU_COMPRESSION: 6102.1305995192624
  CPU_SINGLETHREAD: 305.33075614658196
  CPU_PHYSICS: 66.23513874446067
  CPU_MATRIX_MULT_SSE: 538.24846604132711
  CPU_mm: 160.96594663610153
  CPU_sse: 379.00166533544859
  CPU_fma: 697.49526674720562
  CPU_avx: 0
  CPU_avx512: 0
  m_CPU_enc_SHA: 361745961.1447044
  m_CPU_enc_AES: 190300299.3397361
  m_CPU_enc_ECDSA: 210668109.48460856
  ME_ALLOC_S: 0
  ME_READ_S: 0
  ME_READ_L: 0
  ME_WRITE: 0
  ME_LARGE: 0
  ME_LATENCY: 0
  ME_THREADED: 0
  SUMM_CPU: 854.72722645489239
  SUMM_ME: 0
SystemInformation:
  OSName: Ubuntu 18.04.6 LTS
  Kernel: 4.9.337-tegra
  Device: quill
  Processor: ARM Cortex-A57 6 Core 2035 MHz
  NumSockets: 2
  Manufacturer: ARM
  NumCores: 6
  NumLogicals: 6
  CPUFrequency: 2035
  Memory: 7850
Checksum: 8FF01FF25D5756E74665A2C6D77F19CAE5FCBDAE