BaselineInfo:
  WebDBID: -1
  TimeStamp: 20240827235921
Version:
  Major: 11
  Minor: 0
  Build: 1002
  SpecialBuildName: ""
  ptArchitecture: aarch64_linux
Results:
  Results Complete: true
  NumTestProcesses: 6
  CPU_INTEGER_MATH: 3117.9413333333332
  CPU_FLOATINGPOINT_MATH: 838.96758263099696
  CPU_PRIME: 3.4147643320823935
  CPU_SORTING: 1306.3688611627606
  CPU_ENCRYPTION: 84.408975398398482
  CPU_COMPRESSION: 2118.1046303362464
  CPU_SINGLETHREAD: 111.99734310405753
  CPU_PHYSICS: 57.06120541008498
  CPU_MATRIX_MULT_SSE: 186.64815316730466
  CPU_mm: 56.047839728685531
  CPU_sse: 132.72745407606669
  CPU_fma: 240.56885225854268
  CPU_avx: 0
  CPU_avx512: 0
  m_CPU_enc_SHA: 119109359.39682457
  m_CPU_enc_AES: 68068357.680700004
  m_CPU_enc_ECDSA: 78349960.284528688
  ME_ALLOC_S: 0
  ME_READ_S: 0
  ME_READ_L: 0
  ME_WRITE: 0
  ME_LARGE: 0
  ME_LATENCY: 0
  ME_THREADED: 0
  SUMM_CPU: 320.27771109585183
  SUMM_ME: 0
SystemInformation:
  OSName: Ubuntu 18.04.6 LTS
  Kernel: 4.9.337-tegra
  Device: quill
  Processor: ARM Cortex-A57 6 Core 2035 MHz
  NumSockets: 2
  Manufacturer: ARM
  NumCores: 6
  NumLogicals: 6
  CPUFrequency: 2035
  Memory: 7850
Checksum: 92C33014C443FA48375D57ECD8BEC5D94A28C218