BaselineInfo:
  WebDBID: -1
  TimeStamp: 20240828131504
Version:
  Major: 11
  Minor: 0
  Build: 1002
  SpecialBuildName: ""
  ptArchitecture: aarch64_linux
Results:
  Results Complete: true
  NumTestProcesses: 6
  CPU_INTEGER_MATH: 6836.3060000000005
  CPU_FLOATINGPOINT_MATH: 1485.0946029739694
  CPU_PRIME: 0.96308512583685979
  CPU_SORTING: 841.29233755707526
  CPU_ENCRYPTION: 174.11420781173803
  CPU_COMPRESSION: 3783.2390241057287
  CPU_SINGLETHREAD: 208.47869841658346
  CPU_PHYSICS: 16.832707536040374
  CPU_MATRIX_MULT_SSE: 407.94325226717041
  CPU_mm: 118.13231585145667
  CPU_sse: 288.87966343112976
  CPU_fma: 527.00684110321095
  CPU_avx: 0
  CPU_avx512: 0
  m_CPU_enc_SHA: 252839747.36997795
  m_CPU_enc_AES: 143969346.35260189
  m_CPU_enc_ECDSA: 150906844.98862317
  ME_ALLOC_S: 0
  ME_READ_S: 0
  ME_READ_L: 0
  ME_WRITE: 0
  ME_LARGE: 0
  ME_LATENCY: 0
  ME_THREADED: 0
  SUMM_CPU: 469.16410692441286
  SUMM_ME: 0
SystemInformation:
  OSName: Ubuntu 18.04.6 LTS
  Kernel: 4.9.337-tegra
  Device: quill
  Processor: ARM Cortex-A57 6 Core 2035 MHz
  NumSockets: 2
  Manufacturer: ARM
  NumCores: 6
  NumLogicals: 6
  CPUFrequency: 2035
  Memory: 7850
Checksum: 29D2FB76FF39629957500D342E377E141C554EDF