BaselineInfo:
  WebDBID: -1
  TimeStamp: 20240828145639
Version:
  Major: 11
  Minor: 0
  Build: 1002
  SpecialBuildName: ""
  ptArchitecture: aarch64_linux
Results:
  Results Complete: true
  NumTestProcesses: 6
  CPU_INTEGER_MATH: 6871.2853333333333
  CPU_FLOATINGPOINT_MATH: 1498.9201394319318
  CPU_PRIME: 0.96000806667646965
  CPU_SORTING: 833.17502486292665
  CPU_ENCRYPTION: 155.81379582432771
  CPU_COMPRESSION: 3770.4970287375227
  CPU_SINGLETHREAD: 210.93084586046129
  CPU_PHYSICS: 17.519756450680031
  CPU_MATRIX_MULT_SSE: 403.82692463909126
  CPU_mm: 123.52841005569518
  CPU_sse: 293.50241759030035
  CPU_fma: 514.151431687882
  CPU_avx: 0
  CPU_avx512: 0
  m_CPU_enc_SHA: 217799868.34515774
  m_CPU_enc_AES: 144560801.36994499
  m_CPU_enc_ECDSA: 127787150.59576808
  ME_ALLOC_S: 0
  ME_READ_S: 0
  ME_READ_L: 0
  ME_WRITE: 0
  ME_LARGE: 0
  ME_LATENCY: 0
  ME_THREADED: 0
  SUMM_CPU: 459.03136278616387
  SUMM_ME: 0
SystemInformation:
  OSName: Ubuntu 18.04.6 LTS
  Kernel: 4.9.337-tegra
  Device: quill
  Processor: ARM Cortex-A57 6 Core 2035 MHz
  NumSockets: 2
  Manufacturer: ARM
  NumCores: 6
  NumLogicals: 6
  CPUFrequency: 2035
  Memory: 7850
Checksum: 87ED027BF9D8F99D6545E56FD868E24A74A4F6FF