BaselineInfo:
  WebDBID: -1
  TimeStamp: 20240828140951
Version:
  Major: 11
  Minor: 0
  Build: 1002
  SpecialBuildName: ""
  ptArchitecture: aarch64_linux
Results:
  Results Complete: true
  NumTestProcesses: 6
  CPU_INTEGER_MATH: 7120.4480000000003
  CPU_FLOATINGPOINT_MATH: 1899.5392881278262
  CPU_PRIME: 5.3888647583938409
  CPU_SORTING: 2813.0686549586171
  CPU_ENCRYPTION: 194.75156279116734
  CPU_COMPRESSION: 4962.5086706058937
  CPU_SINGLETHREAD: 248.02735005960977
  CPU_PHYSICS: 94.13436256312005
  CPU_MATRIX_MULT_SSE: 423.41471081353905
  CPU_mm: 127.21772607405993
  CPU_sse: 298.19424084285885
  CPU_fma: 548.63518078421907
  CPU_avx: 0
  CPU_avx512: 0
  m_CPU_enc_SHA: 296223528.57723731
  m_CPU_enc_AES: 153388845.4684723
  m_CPU_enc_ECDSA: 163023070.07022378
  ME_ALLOC_S: 0
  ME_READ_S: 0
  ME_READ_L: 0
  ME_WRITE: 0
  ME_LARGE: 0
  ME_LATENCY: 0
  ME_THREADED: 0
  SUMM_CPU: 722.05624833454306
  SUMM_ME: 0
SystemInformation:
  OSName: Ubuntu 18.04.6 LTS
  Kernel: 4.9.337-tegra
  Device: quill
  Processor: ARM Cortex-A57 6 Core 2035 MHz
  NumSockets: 2
  Manufacturer: ARM
  NumCores: 6
  NumLogicals: 6
  CPUFrequency: 2035
  Memory: 7850
Checksum: 106E2AFA6D6465B56C6620A35CCEB92673661886