BaselineInfo:
  WebDBID: -1
  TimeStamp: 20240828001718
Version:
  Major: 11
  Minor: 0
  Build: 1002
  SpecialBuildName: ""
  ptArchitecture: aarch64_linux
Results:
  Results Complete: true
  NumTestProcesses: 6
  CPU_INTEGER_MATH: 3137.1586666666667
  CPU_FLOATINGPOINT_MATH: 836.06204448186691
  CPU_PRIME: 3.4319227613076477
  CPU_SORTING: 1294.4086542324605
  CPU_ENCRYPTION: 87.524211393959405
  CPU_COMPRESSION: 2141.7898862668012
  CPU_SINGLETHREAD: 112.17175604882333
  CPU_PHYSICS: 56.08486877724539
  CPU_MATRIX_MULT_SSE: 186.59673278422599
  CPU_mm: 56.025289663226872
  CPU_sse: 131.52429455449786
  CPU_fma: 241.66917101395416
  CPU_avx: 0
  CPU_avx512: 0
  m_CPU_enc_SHA: 127180981.74314053
  m_CPU_enc_AES: 71111325.581764072
  m_CPU_enc_ECDSA: 77035055.134992495
  ME_ALLOC_S: 0
  ME_READ_S: 0
  ME_READ_L: 0
  ME_WRITE: 0
  ME_LARGE: 0
  ME_LATENCY: 0
  ME_THREADED: 0
  SUMM_CPU: 324.46864886824051
  SUMM_ME: 0
SystemInformation:
  OSName: Ubuntu 18.04.6 LTS
  Kernel: 4.9.337-tegra
  Device: quill
  Processor: ARM Cortex-A57 6 Core 2035 MHz
  NumSockets: 2
  Manufacturer: ARM
  NumCores: 6
  NumLogicals: 6
  CPUFrequency: 2035
  Memory: 7850
Checksum: 55E87EF012AD6ADD83690C03518128CDEB10F1E6