BaselineInfo:
  WebDBID: -1
  TimeStamp: 20240828034448
Version:
  Major: 11
  Minor: 0
  Build: 1002
  SpecialBuildName: ""
  ptArchitecture: aarch64_linux
Results:
  Results Complete: true
  NumTestProcesses: 6
  CPU_INTEGER_MATH: 4087.8486666666668
  CPU_FLOATINGPOINT_MATH: 1035.2335656788109
  CPU_PRIME: 1.7920152294228617
  CPU_SORTING: 1323.9296243509239
  CPU_ENCRYPTION: 112.65686712297149
  CPU_COMPRESSION: 2672.9267759840345
  CPU_SINGLETHREAD: 139.4526401513881
  CPU_PHYSICS: 32.917482147379211
  CPU_MATRIX_MULT_SSE: 243.28497404763152
  CPU_mm: 72.423467902297602
  CPU_sse: 172.52341966477445
  CPU_fma: 314.04652843048854
  CPU_avx: 0
  CPU_avx512: 0
  m_CPU_enc_SHA: 166547228.88488194
  m_CPU_enc_AES: 90904426.668974817
  m_CPU_enc_ECDSA: 96936205.747154176
  ME_ALLOC_S: 0
  ME_READ_S: 0
  ME_READ_L: 0
  ME_WRITE: 0
  ME_LARGE: 0
  ME_LATENCY: 0
  ME_THREADED: 0
  SUMM_CPU: 386.5180405256055
  SUMM_ME: 0
SystemInformation:
  OSName: Ubuntu 18.04.6 LTS
  Kernel: 4.9.337-tegra
  Device: quill
  Processor: ARM Cortex-A57 6 Core 2035 MHz
  NumSockets: 2
  Manufacturer: ARM
  NumCores: 6
  NumLogicals: 6
  CPUFrequency: 2035
  Memory: 7850
Checksum: 2418241ED482B2D2283DE2C7C10AEA25F9DB8284