BaselineInfo:
  WebDBID: -1
  TimeStamp: 20240828082002
Version:
  Major: 11
  Minor: 0
  Build: 1002
  SpecialBuildName: ""
  ptArchitecture: aarch64_linux
Results:
  Results Complete: true
  NumTestProcesses: 6
  CPU_INTEGER_MATH: 5122.318666666667
  CPU_FLOATINGPOINT_MATH: 1364.8527067923283
  CPU_PRIME: 4.6301020361348737
  CPU_SORTING: 2047.0470126414036
  CPU_ENCRYPTION: 144.97780615033167
  CPU_COMPRESSION: 3675.4592899633212
  CPU_SINGLETHREAD: 182.11227759698795
  CPU_PHYSICS: 74.777496748565113
  CPU_MATRIX_MULT_SSE: 305.44432807023099
  CPU_mm: 91.045028866939347
  CPU_sse: 215.05768277020087
  CPU_fma: 395.83097337026106
  CPU_avx: 0
  CPU_avx512: 0
  m_CPU_enc_SHA: 225119411.29879496
  m_CPU_enc_AES: 111982851.5993018
  m_CPU_enc_ECDSA: 118958481.28757383
  ME_ALLOC_S: 0
  ME_READ_S: 0
  ME_READ_L: 0
  ME_WRITE: 0
  ME_LARGE: 0
  ME_LATENCY: 0
  ME_THREADED: 0
  SUMM_CPU: 533.81303257876232
  SUMM_ME: 0
SystemInformation:
  OSName: Ubuntu 18.04.6 LTS
  Kernel: 4.9.337-tegra
  Device: quill
  Processor: ARM Cortex-A57 6 Core 2035 MHz
  NumSockets: 2
  Manufacturer: ARM
  NumCores: 6
  NumLogicals: 6
  CPUFrequency: 2035
  Memory: 7850
Checksum: 6A651403D04AEF89C357FC45E7DA220FBFC051F3