BaselineInfo:
  WebDBID: -1
  TimeStamp: 20240828034937
Version:
  Major: 11
  Minor: 0
  Build: 1002
  SpecialBuildName: ""
  ptArchitecture: aarch64_linux
Results:
  Results Complete: true
  NumTestProcesses: 6
  CPU_INTEGER_MATH: 4133.7620000000006
  CPU_FLOATINGPOINT_MATH: 1119.2205093273235
  CPU_PRIME: 4.6693014719947117
  CPU_SORTING: 1774.5413686455231
  CPU_ENCRYPTION: 117.04441182117607
  CPU_COMPRESSION: 2858.7338181488858
  CPU_SINGLETHREAD: 147.68726451191313
  CPU_PHYSICS: 78.491353194794556
  CPU_MATRIX_MULT_SSE: 246.27741710230075
  CPU_mm: 73.820514300967332
  CPU_sse: 173.92782561719292
  CPU_fma: 318.62700858740857
  CPU_avx: 0
  CPU_avx512: 0
  m_CPU_enc_SHA: 181669649.26149106
  m_CPU_enc_AES: 89657769.135660529
  m_CPU_enc_ECDSA: 96862465.112252906
  ME_ALLOC_S: 0
  ME_READ_S: 0
  ME_READ_L: 0
  ME_WRITE: 0
  ME_LARGE: 0
  ME_LATENCY: 0
  ME_THREADED: 0
  SUMM_CPU: 433.29164848399211
  SUMM_ME: 0
SystemInformation:
  OSName: Ubuntu 18.04.6 LTS
  Kernel: 4.9.337-tegra
  Device: quill
  Processor: ARM Cortex-A57 6 Core 2035 MHz
  NumSockets: 2
  Manufacturer: ARM
  NumCores: 6
  NumLogicals: 6
  CPUFrequency: 2035
  Memory: 7850
Checksum: B22E190ECC8984B01005F2ED5DD2FDA215305AE4