BaselineInfo:
  WebDBID: -1
  TimeStamp: 20240828182844
Version:
  Major: 11
  Minor: 0
  Build: 1002
  SpecialBuildName: ""
  ptArchitecture: aarch64_linux
Results:
  Results Complete: true
  NumTestProcesses: 6
  CPU_INTEGER_MATH: 8730.9173333333329
  CPU_FLOATINGPOINT_MATH: 1911.1196358637444
  CPU_PRIME: 0.99681171836497962
  CPU_SORTING: 931.92979962187746
  CPU_ENCRYPTION: 214.13683953347552
  CPU_COMPRESSION: 4780.8534545480179
  CPU_SINGLETHREAD: 258.92045327100726
  CPU_PHYSICS: 17.694458102221212
  CPU_MATRIX_MULT_SSE: 514.93631997714795
  CPU_mm: 158.15496491390991
  CPU_sse: 368.91390446771879
  CPU_fma: 660.95873548657698
  CPU_avx: 0
  CPU_avx512: 0
  m_CPU_enc_SHA: 321049411.47652739
  m_CPU_enc_AES: 178558563.76318121
  m_CPU_enc_ECDSA: 174008276.71225229
  ME_ALLOC_S: 0
  ME_READ_S: 0
  ME_READ_L: 0
  ME_WRITE: 0
  ME_LARGE: 0
  ME_LATENCY: 0
  ME_THREADED: 0
  SUMM_CPU: 557.29581536665762
  SUMM_ME: 0
SystemInformation:
  OSName: Ubuntu 18.04.6 LTS
  Kernel: 4.9.337-tegra
  Device: quill
  Processor: ARM Cortex-A57 6 Core 2035 MHz
  NumSockets: 2
  Manufacturer: ARM
  NumCores: 6
  NumLogicals: 6
  CPUFrequency: 2035
  Memory: 7850
Checksum: BC1094D7A0CEEC759C82D2A2B3EE5051E8B9DC67