BaselineInfo:
  WebDBID: -1
  TimeStamp: 20240828003922
Version:
  Major: 11
  Minor: 0
  Build: 1002
  SpecialBuildName: ""
  ptArchitecture: aarch64_linux
Results:
  Results Complete: true
  NumTestProcesses: 6
  CPU_INTEGER_MATH: 3117.6573333333336
  CPU_FLOATINGPOINT_MATH: 849.59583647583884
  CPU_PRIME: 3.9525117870216668
  CPU_SORTING: 1351.65527089479
  CPU_ENCRYPTION: 83.885578901488444
  CPU_COMPRESSION: 2137.8734122389596
  CPU_SINGLETHREAD: 112.66071836226097
  CPU_PHYSICS: 68.709160631368718
  CPU_MATRIX_MULT_SSE: 188.02251853130161
  CPU_mm: 56.2157496914148
  CPU_sse: 131.11867672264037
  CPU_fma: 244.92636033996288
  CPU_avx: 0
  CPU_avx512: 0
  m_CPU_enc_SHA: 124724027.15227637
  m_CPU_enc_AES: 68288651.650795653
  m_CPU_enc_ECDSA: 70868535.543549418
  ME_ALLOC_S: 0
  ME_READ_S: 0
  ME_READ_L: 0
  ME_WRITE: 0
  ME_LARGE: 0
  ME_LATENCY: 0
  ME_THREADED: 0
  SUMM_CPU: 323.94047069106819
  SUMM_ME: 0
SystemInformation:
  OSName: Ubuntu 18.04.6 LTS
  Kernel: 4.9.337-tegra
  Device: quill
  Processor: ARM Cortex-A57 6 Core 2035 MHz
  NumSockets: 2
  Manufacturer: ARM
  NumCores: 6
  NumLogicals: 6
  CPUFrequency: 2035
  Memory: 7850
Checksum: 067BA295EEA31BE85E991187168DB7F5119CF801