BaselineInfo:
  WebDBID: -1
  TimeStamp: 20240828185809
Version:
  Major: 11
  Minor: 0
  Build: 1002
  SpecialBuildName: ""
  ptArchitecture: aarch64_linux
Results:
  Results Complete: true
  NumTestProcesses: 6
  CPU_INTEGER_MATH: 9072.4273333333331
  CPU_FLOATINGPOINT_MATH: 2407.9213712224255
  CPU_PRIME: 5.4840919199056053
  CPU_SORTING: 3371.5703609868356
  CPU_ENCRYPTION: 248.32432800609882
  CPU_COMPRESSION: 6482.1380483795547
  CPU_SINGLETHREAD: 312.00701592635119
  CPU_PHYSICS: 91.951269741156963
  CPU_MATRIX_MULT_SSE: 539.35577989258229
  CPU_mm: 162.0062640169636
  CPU_sse: 381.64199712563686
  CPU_fma: 697.06956265952783
  CPU_avx: 0
  CPU_avx512: 0
  m_CPU_enc_SHA: 364920678.83359253
  m_CPU_enc_AES: 201473340.24465984
  m_CPU_enc_ECDSA: 214766772.6117169
  ME_ALLOC_S: 0
  ME_READ_S: 0
  ME_READ_L: 0
  ME_WRITE: 0
  ME_LARGE: 0
  ME_LATENCY: 0
  ME_THREADED: 0
  SUMM_CPU: 907.99339732336944
  SUMM_ME: 0
SystemInformation:
  OSName: Ubuntu 18.04.6 LTS
  Kernel: 4.9.337-tegra
  Device: quill
  Processor: ARM Cortex-A57 6 Core 2035 MHz
  NumSockets: 2
  Manufacturer: ARM
  NumCores: 6
  NumLogicals: 6
  CPUFrequency: 2035
  Memory: 7850
Checksum: 07FF9038607F57F8B3E679B89FF6E6276338F80F