BaselineInfo:
  WebDBID: -1
  TimeStamp: 20240828014426
Version:
  Major: 11
  Minor: 0
  Build: 1002
  SpecialBuildName: ""
  ptArchitecture: aarch64_linux
Results:
  Results Complete: true
  NumTestProcesses: 6
  CPU_INTEGER_MATH: 3088.9259999999999
  CPU_FLOATINGPOINT_MATH: 788.22107054493722
  CPU_PRIME: 1.6602047169080492
  CPU_SORTING: 1147.5840290011886
  CPU_ENCRYPTION: 85.11762182578903
  CPU_COMPRESSION: 1993.8953368178727
  CPU_SINGLETHREAD: 108.22185042419876
  CPU_PHYSICS: 29.735538248537082
  CPU_MATRIX_MULT_SSE: 185.18300000798442
  CPU_mm: 55.577993010696837
  CPU_sse: 129.77461196480522
  CPU_fma: 240.59138805116362
  CPU_avx: 0
  CPU_avx512: 0
  m_CPU_enc_SHA: 125065905.7716819
  m_CPU_enc_AES: 67187515.706479058
  m_CPU_enc_ECDSA: 75503464.792634651
  ME_ALLOC_S: 0
  ME_READ_S: 0
  ME_READ_L: 0
  ME_WRITE: 0
  ME_LARGE: 0
  ME_LATENCY: 0
  ME_THREADED: 0
  SUMM_CPU: 298.57856483325753
  SUMM_ME: 0
SystemInformation:
  OSName: Ubuntu 18.04.6 LTS
  Kernel: 4.9.337-tegra
  Device: quill
  Processor: ARM Cortex-A57 6 Core 2035 MHz
  NumSockets: 2
  Manufacturer: ARM
  NumCores: 6
  NumLogicals: 6
  CPUFrequency: 2035
  Memory: 7850
Checksum: 5943BA3319D8240FDE1C457E1759478C96860154