BaselineInfo:
  WebDBID: -1
  TimeStamp: 20240827210958
Version:
  Major: 11
  Minor: 0
  Build: 1002
  SpecialBuildName: ""
  ptArchitecture: aarch64_linux
Results:
  Results Complete: true
  NumTestProcesses: 6
  CPU_INTEGER_MATH: 1844.4853333333335
  CPU_FLOATINGPOINT_MATH: 497.51564227760542
  CPU_PRIME: 2.0744763452505066
  CPU_SORTING: 776.21461458105716
  CPU_ENCRYPTION: 57.547946581326329
  CPU_COMPRESSION: 0
  CPU_SINGLETHREAD: 237.95837173133239
  CPU_PHYSICS: 40.070110728367837
  CPU_MATRIX_MULT_SSE: 111.35281078735228
  CPU_mm: 32.289639352024288
  CPU_sse: 78.405904798936263
  CPU_fma: 144.29971677576833
  CPU_avx: 0
  CPU_avx512: 0
  m_CPU_enc_SHA: 85613583.258777454
  m_CPU_enc_AES: 46919014.459244087
  m_CPU_enc_ECDSA: 48497589.185360946
  ME_ALLOC_S: 0
  ME_READ_S: 0
  ME_READ_L: 0
  ME_WRITE: 0
  ME_LARGE: 0
  ME_LATENCY: 0
  ME_THREADED: 0
  SUMM_CPU: 0
  SUMM_ME: 0
SystemInformation:
  OSName: Ubuntu 18.04.6 LTS
  Kernel: 4.9.337-tegra
  Device: quill
  Processor: ARM Cortex-A57 6 Core 2035 MHz
  NumSockets: 2
  Manufacturer: ARM
  NumCores: 6
  NumLogicals: 6
  CPUFrequency: 2035
  Memory: 7850
Checksum: C9034C6FF4F78F3E701BCE159EB215566D866C8C