BaselineInfo:
  WebDBID: -1
  TimeStamp: 20240828164018
Version:
  Major: 11
  Minor: 0
  Build: 1002
  SpecialBuildName: ""
  ptArchitecture: aarch64_linux
Results:
  Results Complete: true
  NumTestProcesses: 6
  CPU_INTEGER_MATH: 7925.304000000001
  CPU_FLOATINGPOINT_MATH: 2135.8064586641872
  CPU_PRIME: 6.5155305424884524
  CPU_SORTING: 3181.1875485606756
  CPU_ENCRYPTION: 217.91708948094217
  CPU_COMPRESSION: 5675.029326075437
  CPU_SINGLETHREAD: 276.68595617745518
  CPU_PHYSICS: 107.05210056009452
  CPU_MATRIX_MULT_SSE: 471.81673920789376
  CPU_mm: 142.04517214439744
  CPU_sse: 330.55072945436916
  CPU_fma: 613.08274896141836
  CPU_avx: 0
  CPU_avx512: 0
  m_CPU_enc_SHA: 331424693.49374235
  m_CPU_enc_AES: 170782518.53793865
  m_CPU_enc_ECDSA: 183300678.02702421
  ME_ALLOC_S: 0
  ME_READ_S: 0
  ME_READ_L: 0
  ME_WRITE: 0
  ME_LARGE: 0
  ME_LATENCY: 0
  ME_THREADED: 0
  SUMM_CPU: 815.03190297910862
  SUMM_ME: 0
SystemInformation:
  OSName: Ubuntu 18.04.6 LTS
  Kernel: 4.9.337-tegra
  Device: quill
  Processor: ARM Cortex-A57 6 Core 2035 MHz
  NumSockets: 2
  Manufacturer: ARM
  NumCores: 6
  NumLogicals: 6
  CPUFrequency: 2035
  Memory: 7850
Checksum: 016A91EBD019AE9160BA3CD7175EFAA83BBD7DF6