BaselineInfo:
  WebDBID: -1
  TimeStamp: 20240827225828
Version:
  Major: 11
  Minor: 0
  Build: 1002
  SpecialBuildName: ""
  ptArchitecture: aarch64_linux
Results:
  Results Complete: true
  NumTestProcesses: 6
  CPU_INTEGER_MATH: 1629.4973333333335
  CPU_FLOATINGPOINT_MATH: 353.72923395608143
  CPU_PRIME: 0.5132515804297344
  CPU_SORTING: 416.49807014878854
  CPU_ENCRYPTION: 55.839211360440054
  CPU_COMPRESSION: 0
  CPU_SINGLETHREAD: 184.6603594282885
  CPU_PHYSICS: 317.88002168747971
  CPU_MATRIX_MULT_SSE: 106.48415271014062
  CPU_mm: 30.746479709299685
  CPU_sse: 76.384767134507214
  CPU_fma: 136.58353828577404
  CPU_avx: 0
  CPU_avx512: 0
  m_CPU_enc_SHA: 76953735.59711583
  m_CPU_enc_AES: 43631608.718854129
  m_CPU_enc_ECDSA: 55069626.35848441
  ME_ALLOC_S: 0
  ME_READ_S: 0
  ME_READ_L: 0
  ME_WRITE: 0
  ME_LARGE: 0
  ME_LATENCY: 0
  ME_THREADED: 0
  SUMM_CPU: 0
  SUMM_ME: 0
SystemInformation:
  OSName: Ubuntu 18.04.6 LTS
  Kernel: 4.9.337-tegra
  Device: quill
  Processor: ARM Cortex-A57 6 Core 2035 MHz
  NumSockets: 2
  Manufacturer: ARM
  NumCores: 6
  NumLogicals: 6
  CPUFrequency: 2035
  Memory: 7850
Checksum: 79EDB37F6F8A3E1691B0CE351651DE8F9C3A5C38