BaselineInfo:
  WebDBID: -1
  TimeStamp: 20240828190902
Version:
  Major: 11
  Minor: 0
  Build: 1002
  SpecialBuildName: ""
  ptArchitecture: aarch64_linux
Results:
  Results Complete: true
  NumTestProcesses: 6
  CPU_INTEGER_MATH: 9028.7860000000001
  CPU_FLOATINGPOINT_MATH: 2368.9013465875018
  CPU_PRIME: 4.0793465546374428
  CPU_SORTING: 2818.9057982381782
  CPU_ENCRYPTION: 245.22780530344752
  CPU_COMPRESSION: 6150.5078411532759
  CPU_SINGLETHREAD: 305.87452534463506
  CPU_PHYSICS: 66.252481742446463
  CPU_MATRIX_MULT_SSE: 535.98778402769449
  CPU_mm: 159.7509226583802
  CPU_sse: 374.88939347868882
  CPU_fma: 697.08617457670016
  CPU_avx: 0
  CPU_avx512: 0
  m_CPU_enc_SHA: 365920336.7953099
  m_CPU_enc_AES: 192159378.21025449
  m_CPU_enc_ECDSA: 213340258.51603901
  ME_ALLOC_S: 0
  ME_READ_S: 0
  ME_READ_L: 0
  ME_WRITE: 0
  ME_LARGE: 0
  ME_LATENCY: 0
  ME_THREADED: 0
  SUMM_CPU: 858.14230635072897
  SUMM_ME: 0
SystemInformation:
  OSName: Ubuntu 18.04.6 LTS
  Kernel: 4.9.337-tegra
  Device: quill
  Processor: ARM Cortex-A57 6 Core 2035 MHz
  NumSockets: 2
  Manufacturer: ARM
  NumCores: 6
  NumLogicals: 6
  CPUFrequency: 2035
  Memory: 7850
Checksum: 3FF1840A8F37F2B50CDA7D0649F785EF3DD16CD2