BaselineInfo:
  WebDBID: -1
  TimeStamp: 20240828001555
Version:
  Major: 11
  Minor: 0
  Build: 1002
  SpecialBuildName: ""
  ptArchitecture: aarch64_linux
Results:
  Results Complete: true
  NumTestProcesses: 6
  CPU_INTEGER_MATH: 3125.4673333333335
  CPU_FLOATINGPOINT_MATH: 832.22176846316472
  CPU_PRIME: 2.7385052064377504
  CPU_SORTING: 1210.4279793857022
  CPU_ENCRYPTION: 84.406342548662309
  CPU_COMPRESSION: 2083.7045752460212
  CPU_SINGLETHREAD: 111.15049210597952
  CPU_PHYSICS: 46.260938952475911
  CPU_MATRIX_MULT_SSE: 185.32176353960523
  CPU_mm: 55.811537441784409
  CPU_sse: 131.42260317554107
  CPU_fma: 239.22092390366936
  CPU_avx: 0
  CPU_avx512: 0
  m_CPU_enc_SHA: 121719899.34509234
  m_CPU_enc_AES: 69674976.118663967
  m_CPU_enc_ECDSA: 74124519.66916205
  ME_ALLOC_S: 0
  ME_READ_S: 0
  ME_READ_L: 0
  ME_WRITE: 0
  ME_LARGE: 0
  ME_LATENCY: 0
  ME_THREADED: 0
  SUMM_CPU: 313.86990162196616
  SUMM_ME: 0
SystemInformation:
  OSName: Ubuntu 18.04.6 LTS
  Kernel: 4.9.337-tegra
  Device: quill
  Processor: ARM Cortex-A57 6 Core 2035 MHz
  NumSockets: 2
  Manufacturer: ARM
  NumCores: 6
  NumLogicals: 6
  CPUFrequency: 2035
  Memory: 7850
Checksum: C999137C738FA6A433DF8AE181CB7F829FAF86C7