BaselineInfo:
  WebDBID: -1
  TimeStamp: 20240828065024
Version:
  Major: 11
  Minor: 0
  Build: 1002
  SpecialBuildName: ""
  ptArchitecture: aarch64_linux
Results:
  Results Complete: true
  NumTestProcesses: 6
  CPU_INTEGER_MATH: 4948.9366666666665
  CPU_FLOATINGPOINT_MATH: 1134.8165778994332
  CPU_PRIME: 0.93798967977894654
  CPU_SORTING: 872.82975402714294
  CPU_ENCRYPTION: 129.65485591214753
  CPU_COMPRESSION: 2857.3558698502989
  CPU_SINGLETHREAD: 157.05396320565498
  CPU_PHYSICS: 16.041764017776121
  CPU_MATRIX_MULT_SSE: 294.55686920940599
  CPU_mm: 89.040474690559961
  CPU_sse: 210.34199381966442
  CPU_fma: 378.77174459914761
  CPU_avx: 0
  CPU_avx512: 0
  m_CPU_enc_SHA: 196284999.83702278
  m_CPU_enc_AES: 104680868.12144658
  m_CPU_enc_ECDSA: 106893042.62033869
  ME_ALLOC_S: 0
  ME_READ_S: 0
  ME_READ_L: 0
  ME_WRITE: 0
  ME_LARGE: 0
  ME_LATENCY: 0
  ME_THREADED: 0
  SUMM_CPU: 378.81765679914372
  SUMM_ME: 0
SystemInformation:
  OSName: Ubuntu 18.04.6 LTS
  Kernel: 4.9.337-tegra
  Device: quill
  Processor: ARM Cortex-A57 6 Core 2035 MHz
  NumSockets: 2
  Manufacturer: ARM
  NumCores: 6
  NumLogicals: 6
  CPUFrequency: 2035
  Memory: 7850
Checksum: 6460799FF5F901FEA04363CBE093F49434DD34BA