BaselineInfo:
  WebDBID: -1
  TimeStamp: 20240828072020
Version:
  Major: 11
  Minor: 0
  Build: 1002
  SpecialBuildName: ""
  ptArchitecture: aarch64_linux
Results:
  Results Complete: true
  NumTestProcesses: 6
  CPU_INTEGER_MATH: 5080.7600000000002
  CPU_FLOATINGPOINT_MATH: 1269.9149449270294
  CPU_PRIME: 1.9060497058416948
  CPU_SORTING: 1476.6647987087488
  CPU_ENCRYPTION: 136.46931525226825
  CPU_COMPRESSION: 3272.2621110510772
  CPU_SINGLETHREAD: 170.9409162185828
  CPU_PHYSICS: 33.421297874308586
  CPU_MATRIX_MULT_SSE: 302.07790287347223
  CPU_mm: 90.617172780123383
  CPU_sse: 214.91020239490399
  CPU_fma: 389.24560335204052
  CPU_avx: 0
  CPU_avx512: 0
  m_CPU_enc_SHA: 202347648.3640871
  m_CPU_enc_AES: 110474972.17896536
  m_CPU_enc_ECDSA: 116472725.58683479
  ME_ALLOC_S: 0
  ME_READ_S: 0
  ME_READ_L: 0
  ME_WRITE: 0
  ME_LARGE: 0
  ME_LATENCY: 0
  ME_THREADED: 0
  SUMM_CPU: 463.28707249272236
  SUMM_ME: 0
SystemInformation:
  OSName: Ubuntu 18.04.6 LTS
  Kernel: 4.9.337-tegra
  Device: quill
  Processor: ARM Cortex-A57 6 Core 2035 MHz
  NumSockets: 2
  Manufacturer: ARM
  NumCores: 6
  NumLogicals: 6
  CPUFrequency: 2035
  Memory: 7850
Checksum: 6448802EC959B907F8B1CA426C15233BFB594C44