BaselineInfo:
  WebDBID: -1
  TimeStamp: 20240828145839
Version:
  Major: 11
  Minor: 0
  Build: 1002
  SpecialBuildName: ""
  ptArchitecture: aarch64_linux
Results:
  Results Complete: true
  NumTestProcesses: 6
  CPU_INTEGER_MATH: 7088.8766666666661
  CPU_FLOATINGPOINT_MATH: 1869.7525080173987
  CPU_PRIME: 3.8528456801435116
  CPU_SORTING: 2426.0557352157084
  CPU_ENCRYPTION: 191.4315910772834
  CPU_COMPRESSION: 4906.5820562337776
  CPU_SINGLETHREAD: 243.87540799424895
  CPU_PHYSICS: 63.82914899544064
  CPU_MATRIX_MULT_SSE: 422.08734328886271
  CPU_mm: 126.97083034595501
  CPU_sse: 296.14958668141196
  CPU_fma: 548.02509989631358
  CPU_avx: 0
  CPU_avx512: 0
  m_CPU_enc_SHA: 285554566.59963048
  m_CPU_enc_AES: 151862827.04654261
  m_CPU_enc_ECDSA: 164774322.49018744
  ME_ALLOC_S: 0
  ME_READ_S: 0
  ME_READ_L: 0
  ME_WRITE: 0
  ME_LARGE: 0
  ME_LATENCY: 0
  ME_THREADED: 0
  SUMM_CPU: 691.66926020406675
  SUMM_ME: 0
SystemInformation:
  OSName: Ubuntu 18.04.6 LTS
  Kernel: 4.9.337-tegra
  Device: quill
  Processor: ARM Cortex-A57 6 Core 2035 MHz
  NumSockets: 2
  Manufacturer: ARM
  NumCores: 6
  NumLogicals: 6
  CPUFrequency: 2035
  Memory: 7850
Checksum: AAE21593A2F84267C925B9946D75E2441BB770BD