BaselineInfo:
  WebDBID: -1
  TimeStamp: 20240828121717
Version:
  Major: 11
  Minor: 0
  Build: 1002
  SpecialBuildName: ""
  ptArchitecture: aarch64_linux
Results:
  Results Complete: true
  NumTestProcesses: 6
  CPU_INTEGER_MATH: 6141.7366666666658
  CPU_FLOATINGPOINT_MATH: 1667.233430620289
  CPU_PRIME: 6.4191813688341437
  CPU_SORTING: 2604.3517724332905
  CPU_ENCRYPTION: 170.19612415749089
  CPU_COMPRESSION: 4267.4877064484963
  CPU_SINGLETHREAD: 217.264402513932
  CPU_PHYSICS: 108.97571836884897
  CPU_MATRIX_MULT_SSE: 363.43021539615756
  CPU_mm: 109.85688502875934
  CPU_sse: 255.3439494529452
  CPU_fma: 471.51648133936982
  CPU_avx: 0
  CPU_avx512: 0
  m_CPU_enc_SHA: 259147616.36523491
  m_CPU_enc_AES: 132981340.70703578
  m_CPU_enc_ECDSA: 143261756.1814248
  ME_ALLOC_S: 0
  ME_READ_S: 0
  ME_READ_L: 0
  ME_WRITE: 0
  ME_LARGE: 0
  ME_LATENCY: 0
  ME_THREADED: 0
  SUMM_CPU: 637.57344341572718
  SUMM_ME: 0
SystemInformation:
  OSName: Ubuntu 18.04.6 LTS
  Kernel: 4.9.337-tegra
  Device: quill
  Processor: ARM Cortex-A57 6 Core 2035 MHz
  NumSockets: 2
  Manufacturer: ARM
  NumCores: 6
  NumLogicals: 6
  CPUFrequency: 2035
  Memory: 7850
Checksum: B08ED5D96F1D8AA1165AAA967A507A03D53FADE6