BaselineInfo:
  WebDBID: -1
  TimeStamp: 20240828011402
Version:
  Major: 11
  Minor: 0
  Build: 1002
  SpecialBuildName: ""
  ptArchitecture: aarch64_linux
Results:
  Results Complete: true
  NumTestProcesses: 6
  CPU_INTEGER_MATH: 3129.2066666666669
  CPU_FLOATINGPOINT_MATH: 852.20266307627867
  CPU_PRIME: 3.902518547132241
  CPU_SORTING: 1323.2840302452478
  CPU_ENCRYPTION: 88.521600289266658
  CPU_COMPRESSION: 2125.6130370264191
  CPU_SINGLETHREAD: 112.37984391445536
  CPU_PHYSICS: 66.918149773665789
  CPU_MATRIX_MULT_SSE: 186.72453316889201
  CPU_mm: 55.648096639709394
  CPU_sse: 132.13284977982514
  CPU_fma: 241.31621655795882
  CPU_avx: 0
  CPU_avx512: 0
  m_CPU_enc_SHA: 129647714.70443812
  m_CPU_enc_AES: 69728896.600751832
  m_CPU_enc_ECDSA: 79088265.329564244
  ME_ALLOC_S: 0
  ME_READ_S: 0
  ME_READ_L: 0
  ME_WRITE: 0
  ME_LARGE: 0
  ME_LATENCY: 0
  ME_THREADED: 0
  SUMM_CPU: 327.72743799148174
  SUMM_ME: 0
SystemInformation:
  OSName: Ubuntu 18.04.6 LTS
  Kernel: 4.9.337-tegra
  Device: quill
  Processor: ARM Cortex-A57 6 Core 2035 MHz
  NumSockets: 2
  Manufacturer: ARM
  NumCores: 6
  NumLogicals: 6
  CPUFrequency: 2035
  Memory: 7850
Checksum: 4BD32B5381009795FC1A6EBA9ED31059391C02D3