BaselineInfo:
  WebDBID: -1
  TimeStamp: 20240828071232
Version:
  Major: 11
  Minor: 0
  Build: 1002
  SpecialBuildName: ""
  ptArchitecture: aarch64_linux
Results:
  Results Complete: true
  NumTestProcesses: 6
  CPU_INTEGER_MATH: 5142.8613333333324
  CPU_FLOATINGPOINT_MATH: 1393.9410358494529
  CPU_PRIME: 5.8971741982766979
  CPU_SORTING: 2192.9561913467155
  CPU_ENCRYPTION: 141.21309239593128
  CPU_COMPRESSION: 3536.4337034258265
  CPU_SINGLETHREAD: 182.70006632263284
  CPU_PHYSICS: 99.512426290621505
  CPU_MATRIX_MULT_SSE: 305.94885626254973
  CPU_mm: 92.038482973698734
  CPU_sse: 216.04134642699194
  CPU_fma: 395.85636609810751
  CPU_avx: 0
  CPU_avx512: 0
  m_CPU_enc_SHA: 212520933.42569637
  m_CPU_enc_AES: 114963149.63292226
  m_CPU_enc_ECDSA: 116733895.65784951
  ME_ALLOC_S: 0
  ME_READ_S: 0
  ME_READ_L: 0
  ME_WRITE: 0
  ME_LARGE: 0
  ME_LATENCY: 0
  ME_THREADED: 0
  SUMM_CPU: 533.48257378905328
  SUMM_ME: 0
SystemInformation:
  OSName: Ubuntu 18.04.6 LTS
  Kernel: 4.9.337-tegra
  Device: quill
  Processor: ARM Cortex-A57 6 Core 2035 MHz
  NumSockets: 2
  Manufacturer: ARM
  NumCores: 6
  NumLogicals: 6
  CPUFrequency: 2035
  Memory: 7850
Checksum: 14E4102323ADE92DB8CA929D627487BF6B33E9D9