BaselineInfo:
  WebDBID: -1
  TimeStamp: 20240828084216
Version:
  Major: 11
  Minor: 0
  Build: 1002
  SpecialBuildName: ""
  ptArchitecture: aarch64_linux
Results:
  Results Complete: true
  NumTestProcesses: 6
  CPU_INTEGER_MATH: 4602.5513333333338
  CPU_FLOATINGPOINT_MATH: 672.70074012034229
  CPU_PRIME: 0
  CPU_SORTING: 24.889512732200973
  CPU_ENCRYPTION: 90.96196443590722
  CPU_COMPRESSION: 1742.0158826011218
  CPU_SINGLETHREAD: 126.86521712537888
  CPU_PHYSICS: 4.8877780177873129
  CPU_MATRIX_MULT_SSE: 271.97516092305801
  CPU_mm: 84.15891346511043
  CPU_sse: 191.65863801044006
  CPU_fma: 352.29168383567594
  CPU_avx: 0
  CPU_avx512: 0
  m_CPU_enc_SHA: 131324912.48833044
  m_CPU_enc_AES: 78892079.178747535
  m_CPU_enc_ECDSA: 75924606.793959603
  ME_ALLOC_S: 0
  ME_READ_S: 0
  ME_READ_L: 0
  ME_WRITE: 0
  ME_LARGE: 0
  ME_LATENCY: 0
  ME_THREADED: 0
  SUMM_CPU: 0
  SUMM_ME: 0
SystemInformation:
  OSName: Ubuntu 18.04.6 LTS
  Kernel: 4.9.337-tegra
  Device: quill
  Processor: ARM Cortex-A57 6 Core 2035 MHz
  NumSockets: 2
  Manufacturer: ARM
  NumCores: 6
  NumLogicals: 6
  CPUFrequency: 2035
  Memory: 7850
Checksum: EEAF428CD4A4FAD90DE44226CFA3890399C1171A