BaselineInfo:
  WebDBID: -1
  TimeStamp: 20240828183218
Version:
  Major: 11
  Minor: 0
  Build: 1002
  SpecialBuildName: ""
  ptArchitecture: aarch64_linux
Results:
  Results Complete: true
  NumTestProcesses: 6
  CPU_INTEGER_MATH: 9064.3333333333339
  CPU_FLOATINGPOINT_MATH: 2450.7165127318958
  CPU_PRIME: 6.010609490881933
  CPU_SORTING: 3516.1355479738158
  CPU_ENCRYPTION: 244.7668153227128
  CPU_COMPRESSION: 6508.4759274745784
  CPU_SINGLETHREAD: 313.47352013921937
  CPU_PHYSICS: 101.79791562688891
  CPU_MATRIX_MULT_SSE: 539.92463182437268
  CPU_mm: 161.56633006100174
  CPU_sse: 381.13029199874109
  CPU_fma: 698.71897165000416
  CPU_avx: 0
  CPU_avx512: 0
  m_CPU_enc_SHA: 362366835.76853228
  m_CPU_enc_AES: 192823338.92568099
  m_CPU_enc_ECDSA: 214779649.73727351
  ME_ALLOC_S: 0
  ME_READ_S: 0
  ME_READ_L: 0
  ME_WRITE: 0
  ME_LARGE: 0
  ME_LATENCY: 0
  ME_THREADED: 0
  SUMM_CPU: 915.09033896734297
  SUMM_ME: 0
SystemInformation:
  OSName: Ubuntu 18.04.6 LTS
  Kernel: 4.9.337-tegra
  Device: quill
  Processor: ARM Cortex-A57 6 Core 2035 MHz
  NumSockets: 2
  Manufacturer: ARM
  NumCores: 6
  NumLogicals: 6
  CPUFrequency: 2035
  Memory: 7850
Checksum: D3C2F4E31F7D87C2987F366B5EDCA231E59B9FB6