BaselineInfo:
  WebDBID: -1
  TimeStamp: 20240828111745
Version:
  Major: 11
  Minor: 0
  Build: 1002
  SpecialBuildName: ""
  ptArchitecture: aarch64_linux
Results:
  Results Complete: true
  NumTestProcesses: 6
  CPU_INTEGER_MATH: 5902.4193333333333
  CPU_FLOATINGPOINT_MATH: 1305.9763531554352
  CPU_PRIME: 1.9582461528544606
  CPU_SORTING: 1589.1902921759561
  CPU_ENCRYPTION: 158.42756905857223
  CPU_COMPRESSION: 3899.8815993429153
  CPU_SINGLETHREAD: 203.83602713974403
  CPU_PHYSICS: 34.688582541751849
  CPU_MATRIX_MULT_SSE: 360.42450466268957
  CPU_mm: 109.0334272603381
  CPU_sse: 251.60890572795782
  CPU_fma: 469.24010359742135
  CPU_avx: 0
  CPU_avx512: 0
  m_CPU_enc_SHA: 239221094.15578938
  m_CPU_enc_AES: 132859850.9996205
  m_CPU_enc_ECDSA: 126289094.80407447
  ME_ALLOC_S: 0
  ME_READ_S: 0
  ME_READ_L: 0
  ME_WRITE: 0
  ME_LARGE: 0
  ME_LATENCY: 0
  ME_THREADED: 0
  SUMM_CPU: 528.56315897874424
  SUMM_ME: 0
SystemInformation:
  OSName: Ubuntu 18.04.6 LTS
  Kernel: 4.9.337-tegra
  Device: quill
  Processor: ARM Cortex-A57 6 Core 2035 MHz
  NumSockets: 2
  Manufacturer: ARM
  NumCores: 6
  NumLogicals: 6
  CPUFrequency: 2035
  Memory: 7850
Checksum: 268B01D0B5ACAD99A02585CB1CAB0A0876A02ECF