BaselineInfo:
  WebDBID: -1
  TimeStamp: 20240827211307
Version:
  Major: 11
  Minor: 0
  Build: 1002
  SpecialBuildName: ""
  ptArchitecture: aarch64_linux
Results:
  Results Complete: true
  NumTestProcesses: 6
  CPU_INTEGER_MATH: 2140.5080000000003
  CPU_FLOATINGPOINT_MATH: 574.93111024396376
  CPU_PRIME: 2.6788589762527235
  CPU_SORTING: 900.45293867135138
  CPU_ENCRYPTION: 59.282024244508513
  CPU_COMPRESSION: 0
  CPU_SINGLETHREAD: 239.55792009965887
  CPU_PHYSICS: 44.976819688677317
  CPU_MATRIX_MULT_SSE: 98.592373793860247
  CPU_mm: 33.603786960571213
  CPU_sse: 71.393002696685528
  CPU_fma: 125.79174489103497
  CPU_avx: 0
  CPU_avx512: 0
  m_CPU_enc_SHA: 90011128.353706911
  m_CPU_enc_AES: 48364165.960728705
  m_CPU_enc_ECDSA: 48109829.248193644
  ME_ALLOC_S: 0
  ME_READ_S: 0
  ME_READ_L: 0
  ME_WRITE: 0
  ME_LARGE: 0
  ME_LATENCY: 0
  ME_THREADED: 0
  SUMM_CPU: 0
  SUMM_ME: 0
SystemInformation:
  OSName: Ubuntu 18.04.6 LTS
  Kernel: 4.9.337-tegra
  Device: quill
  Processor: ARM Cortex-A57 6 Core 2035 MHz
  NumSockets: 2
  Manufacturer: ARM
  NumCores: 6
  NumLogicals: 6
  CPUFrequency: 2035
  Memory: 7850
Checksum: 98DB6906633A1F2BC268EE5521A55FE35867E5FE