BaselineInfo:
  WebDBID: -1
  TimeStamp: 20240828171121
Version:
  Major: 11
  Minor: 0
  Build: 1002
  SpecialBuildName: ""
  ptArchitecture: aarch64_linux
Results:
  Results Complete: true
  NumTestProcesses: 6
  CPU_INTEGER_MATH: 7505.1733333333332
  CPU_FLOATINGPOINT_MATH: 1327.9271464921849
  CPU_PRIME: 0.58342660453527828
  CPU_SORTING: 514.62613385120642
  CPU_ENCRYPTION: 171.73443076917658
  CPU_COMPRESSION: 3389.7037592740135
  CPU_SINGLETHREAD: 206.95769843659673
  CPU_PHYSICS: 10.27753363978327
  CPU_MATRIX_MULT_SSE: 446.72187120436183
  CPU_mm: 134.63903785402621
  CPU_sse: 317.11029706512409
  CPU_fma: 576.33344534359958
  CPU_avx: 0
  CPU_avx512: 0
  m_CPU_enc_SHA: 252542945.67533162
  m_CPU_enc_AES: 147434324.75018597
  m_CPU_enc_ECDSA: 140252537.00914261
  ME_ALLOC_S: 0
  ME_READ_S: 0
  ME_READ_L: 0
  ME_WRITE: 0
  ME_LARGE: 0
  ME_LATENCY: 0
  ME_THREADED: 0
  SUMM_CPU: 381.90218395140425
  SUMM_ME: 0
SystemInformation:
  OSName: Ubuntu 18.04.6 LTS
  Kernel: 4.9.337-tegra
  Device: quill
  Processor: ARM Cortex-A57 6 Core 2035 MHz
  NumSockets: 2
  Manufacturer: ARM
  NumCores: 6
  NumLogicals: 6
  CPUFrequency: 2035
  Memory: 7850
Checksum: EA1D4988E85E228945D992116816AEE78AA89E37