BaselineInfo:
  WebDBID: -1
  TimeStamp: 20240828192501
Version:
  Major: 11
  Minor: 0
  Build: 1002
  SpecialBuildName: ""
  ptArchitecture: aarch64_linux
Results:
  Results Complete: true
  NumTestProcesses: 6
  CPU_INTEGER_MATH: 9083.1246666666666
  CPU_FLOATINGPOINT_MATH: 2466.3325839611352
  CPU_PRIME: 8.0648680867098737
  CPU_SORTING: 3717.0025424227997
  CPU_ENCRYPTION: 255.08320168894451
  CPU_COMPRESSION: 6648.8574012190229
  CPU_SINGLETHREAD: 317.68369641870271
  CPU_PHYSICS: 130.24627240839425
  CPU_MATRIX_MULT_SSE: 539.37845047357598
  CPU_mm: 161.97888490544818
  CPU_sse: 378.56836404235321
  CPU_fma: 700.18853690479887
  CPU_avx: 0
  CPU_avx512: 0
  m_CPU_enc_SHA: 375544311.24320853
  m_CPU_enc_AES: 202936467.20888448
  m_CPU_enc_ECDSA: 223941591.43046701
  ME_ALLOC_S: 0
  ME_READ_S: 0
  ME_READ_L: 0
  ME_WRITE: 0
  ME_LARGE: 0
  ME_LATENCY: 0
  ME_THREADED: 0
  SUMM_CPU: 950.29050048966815
  SUMM_ME: 0
SystemInformation:
  OSName: Ubuntu 18.04.6 LTS
  Kernel: 4.9.337-tegra
  Device: quill
  Processor: ARM Cortex-A57 6 Core 2035 MHz
  NumSockets: 2
  Manufacturer: ARM
  NumCores: 6
  NumLogicals: 6
  CPUFrequency: 2035
  Memory: 7850
Checksum: CD6336D4FDED3E602CC5A59ED7C05F6A58FA4D15