BaselineInfo:
  WebDBID: -1
  TimeStamp: 20240828200657
Version:
  Major: 11
  Minor: 0
  Build: 1002
  SpecialBuildName: ""
  ptArchitecture: aarch64_linux
Results:
  Results Complete: true
  NumTestProcesses: 6
  CPU_INTEGER_MATH: 8942.0713333333333
  CPU_FLOATINGPOINT_MATH: 2141.4307844180976
  CPU_PRIME: 2.0788723530534186
  CPU_SORTING: 1784.7970708940188
  CPU_ENCRYPTION: 239.08597264582292
  CPU_COMPRESSION: 5726.7271273056031
  CPU_SINGLETHREAD: 289.39721423631062
  CPU_PHYSICS: 36.188025009917176
  CPU_MATRIX_MULT_SSE: 532.15656616860622
  CPU_mm: 160.24215375994052
  CPU_sse: 376.17758112661926
  CPU_fma: 688.13555121059335
  CPU_avx: 0
  CPU_avx512: 0
  m_CPU_enc_SHA: 351147016.50931025
  m_CPU_enc_AES: 191927466.5452114
  m_CPU_enc_ECDSA: 209024955.50467753
  ME_ALLOC_S: 0
  ME_READ_S: 0
  ME_READ_L: 0
  ME_WRITE: 0
  ME_LARGE: 0
  ME_LATENCY: 0
  ME_THREADED: 0
  SUMM_CPU: 741.73646364537262
  SUMM_ME: 0
SystemInformation:
  OSName: Ubuntu 18.04.6 LTS
  Kernel: 4.9.337-tegra
  Device: quill
  Processor: ARM Cortex-A57 6 Core 2035 MHz
  NumSockets: 2
  Manufacturer: ARM
  NumCores: 6
  NumLogicals: 6
  CPUFrequency: 2035
  Memory: 7850
Checksum: F1CC0D068CC1A2844B5D7958E3A51A60243AD03A