BaselineInfo:
  WebDBID: -1
  TimeStamp: 20240828182606
Version:
  Major: 11
  Minor: 0
  Build: 1002
  SpecialBuildName: ""
  ptArchitecture: aarch64_linux
Results:
  Results Complete: true
  NumTestProcesses: 6
  CPU_INTEGER_MATH: 8001.5106666666679
  CPU_FLOATINGPOINT_MATH: 757.86719414265144
  CPU_PRIME: 0
  CPU_SORTING: 25.781588225385857
  CPU_ENCRYPTION: 118.7289106603709
  CPU_COMPRESSION: 2408.4783678872664
  CPU_SINGLETHREAD: 206.01147267453143
  CPU_PHYSICS: 5.1005262709990911
  CPU_MATRIX_MULT_SSE: 476.80288466224761
  CPU_mm: 144.53303738705347
  CPU_sse: 342.88623520173218
  CPU_fma: 610.71953412276298
  CPU_avx: 0
  CPU_avx512: 0
  m_CPU_enc_SHA: 161094984.92053884
  m_CPU_enc_AES: 86216892.009081692
  m_CPU_enc_ECDSA: 89029584.187470436
  ME_ALLOC_S: 0
  ME_READ_S: 0
  ME_READ_L: 0
  ME_WRITE: 0
  ME_LARGE: 0
  ME_LATENCY: 0
  ME_THREADED: 0
  SUMM_CPU: 0
  SUMM_ME: 0
SystemInformation:
  OSName: Ubuntu 18.04.6 LTS
  Kernel: 4.9.337-tegra
  Device: quill
  Processor: ARM Cortex-A57 6 Core 2035 MHz
  NumSockets: 2
  Manufacturer: ARM
  NumCores: 6
  NumLogicals: 6
  CPUFrequency: 2035
  Memory: 7850
Checksum: 40880408AD35EFEEFD96F9CB91B72CF13FE3C71A