BaselineInfo:
  WebDBID: -1
  TimeStamp: 20240828165234
Version:
  Major: 11
  Minor: 0
  Build: 1002
  SpecialBuildName: ""
  ptArchitecture: aarch64_linux
Results:
  Results Complete: true
  NumTestProcesses: 6
  CPU_INTEGER_MATH: 7936.0013333333336
  CPU_FLOATINGPOINT_MATH: 2131.4812396944822
  CPU_PRIME: 6.4650826299603352
  CPU_SORTING: 3229.99291623819
  CPU_ENCRYPTION: 221.39538416535629
  CPU_COMPRESSION: 5595.5587825874409
  CPU_SINGLETHREAD: 277.31063723532793
  CPU_PHYSICS: 107.74180259295537
  CPU_MATRIX_MULT_SSE: 474.71935422973877
  CPU_mm: 141.44683458440829
  CPU_sse: 333.78206916455588
  CPU_fma: 615.65663929492177
  CPU_avx: 0
  CPU_avx512: 0
  m_CPU_enc_SHA: 330927175.1948235
  m_CPU_enc_AES: 172888609.04319808
  m_CPU_enc_ECDSA: 192633874.80169633
  ME_ALLOC_S: 0
  ME_READ_S: 0
  ME_READ_L: 0
  ME_WRITE: 0
  ME_LARGE: 0
  ME_LATENCY: 0
  ME_THREADED: 0
  SUMM_CPU: 816.75669320324187
  SUMM_ME: 0
SystemInformation:
  OSName: Ubuntu 18.04.6 LTS
  Kernel: 4.9.337-tegra
  Device: quill
  Processor: ARM Cortex-A57 6 Core 2035 MHz
  NumSockets: 2
  Manufacturer: ARM
  NumCores: 6
  NumLogicals: 6
  CPUFrequency: 2035
  Memory: 7850
Checksum: 9AB6F4B04C6629BB339C431B9F5555CAF9A5E02C