BaselineInfo:
  WebDBID: -1
  TimeStamp: 20240828093404
Version:
  Major: 11
  Minor: 0
  Build: 1002
  SpecialBuildName: ""
  ptArchitecture: aarch64_linux
Results:
  Results Complete: true
  NumTestProcesses: 6
  CPU_INTEGER_MATH: 5144.1866666666674
  CPU_FLOATINGPOINT_MATH: 1390.2760502021013
  CPU_PRIME: 5.2183564770838871
  CPU_SORTING: 2122.0279378517957
  CPU_ENCRYPTION: 141.5501882313005
  CPU_COMPRESSION: 3661.7851151465111
  CPU_SINGLETHREAD: 182.37130999970657
  CPU_PHYSICS: 88.781693655445636
  CPU_MATRIX_MULT_SSE: 306.23949211475576
  CPU_mm: 91.725678785325925
  CPU_sse: 216.17310049790646
  CPU_fma: 396.30588373160492
  CPU_avx: 0
  CPU_avx512: 0
  m_CPU_enc_SHA: 213029283.70226067
  m_CPU_enc_AES: 113717022.83631036
  m_CPU_enc_ECDSA: 118532083.98590147
  ME_ALLOC_S: 0
  ME_READ_S: 0
  ME_READ_L: 0
  ME_WRITE: 0
  ME_LARGE: 0
  ME_LATENCY: 0
  ME_THREADED: 0
  SUMM_CPU: 535.59898416886767
  SUMM_ME: 0
SystemInformation:
  OSName: Ubuntu 18.04.6 LTS
  Kernel: 4.9.337-tegra
  Device: quill
  Processor: ARM Cortex-A57 6 Core 2035 MHz
  NumSockets: 2
  Manufacturer: ARM
  NumCores: 6
  NumLogicals: 6
  CPUFrequency: 2035
  Memory: 7850
Checksum: 19BF3D05914C25E247C3ECD21A77359A0C0E0C13