BaselineInfo:
  WebDBID: -1
  TimeStamp: 20240828042212
Version:
  Major: 11
  Minor: 0
  Build: 1002
  SpecialBuildName: ""
  ptArchitecture: aarch64_linux
Results:
  Results Complete: true
  NumTestProcesses: 6
  CPU_INTEGER_MATH: 4139.2053333333333
  CPU_FLOATINGPOINT_MATH: 1120.2378755807752
  CPU_PRIME: 4.4664971318097724
  CPU_SORTING: 1673.6148018387123
  CPU_ENCRYPTION: 117.88498929320986
  CPU_COMPRESSION: 2849.5990550931515
  CPU_SINGLETHREAD: 147.0904838383496
  CPU_PHYSICS: 82.169806984287121
  CPU_MATRIX_MULT_SSE: 246.33953759152138
  CPU_mm: 74.32150379568948
  CPU_sse: 173.5248102714107
  CPU_fma: 319.15426491163203
  CPU_avx: 0
  CPU_avx512: 0
  m_CPU_enc_SHA: 173998696.7442911
  m_CPU_enc_AES: 91728830.731639042
  m_CPU_enc_ECDSA: 105106584.12342034
  ME_ALLOC_S: 0
  ME_READ_S: 0
  ME_READ_L: 0
  ME_WRITE: 0
  ME_LARGE: 0
  ME_LATENCY: 0
  ME_THREADED: 0
  SUMM_CPU: 432.67126696911788
  SUMM_ME: 0
SystemInformation:
  OSName: Ubuntu 18.04.6 LTS
  Kernel: 4.9.337-tegra
  Device: quill
  Processor: ARM Cortex-A57 6 Core 2035 MHz
  NumSockets: 2
  Manufacturer: ARM
  NumCores: 6
  NumLogicals: 6
  CPUFrequency: 2035
  Memory: 7850
Checksum: 28A11F1F0679EAE123AF1580CA85D0CB320ECF6E