BaselineInfo:
  WebDBID: -1
  TimeStamp: 20240828164857
Version:
  Major: 11
  Minor: 0
  Build: 1002
  SpecialBuildName: ""
  ptArchitecture: aarch64_linux
Results:
  Results Complete: true
  NumTestProcesses: 6
  CPU_INTEGER_MATH: 7809.1480000000001
  CPU_FLOATINGPOINT_MATH: 1954.3992386939094
  CPU_PRIME: 2.0368786294739429
  CPU_SORTING: 1690.9509285430925
  CPU_ENCRYPTION: 206.834070595002
  CPU_COMPRESSION: 4918.3959091177458
  CPU_SINGLETHREAD: 256.53825407128875
  CPU_PHYSICS: 36.037585015400985
  CPU_MATRIX_MULT_SSE: 466.47291457890788
  CPU_mm: 139.52164724572589
  CPU_sse: 329.31459171248395
  CPU_fma: 603.63123744533175
  CPU_avx: 0
  CPU_avx512: 0
  m_CPU_enc_SHA: 309501540.49785686
  m_CPU_enc_AES: 166612937.9250927
  m_CPU_enc_ECDSA: 174529248.80172473
  ME_ALLOC_S: 0
  ME_READ_S: 0
  ME_READ_L: 0
  ME_WRITE: 0
  ME_LARGE: 0
  ME_LATENCY: 0
  ME_THREADED: 0
  SUMM_CPU: 662.44311100470679
  SUMM_ME: 0
SystemInformation:
  OSName: Ubuntu 18.04.6 LTS
  Kernel: 4.9.337-tegra
  Device: quill
  Processor: ARM Cortex-A57 6 Core 2035 MHz
  NumSockets: 2
  Manufacturer: ARM
  NumCores: 6
  NumLogicals: 6
  CPUFrequency: 2035
  Memory: 7850
Checksum: 46CF27A2F4774E8006F64AD2F2FFAF63CC1E3782