BaselineInfo:
  WebDBID: -1
  TimeStamp: 20240828183308
Version:
  Major: 11
  Minor: 0
  Build: 1002
  SpecialBuildName: ""
  ptArchitecture: aarch64_linux
Results:
  Results Complete: true
  NumTestProcesses: 6
  CPU_INTEGER_MATH: 9074.6993333333339
  CPU_FLOATINGPOINT_MATH: 2457.1706842977283
  CPU_PRIME: 7.0289344973996375
  CPU_SORTING: 3638.6692134827417
  CPU_ENCRYPTION: 248.28365720403215
  CPU_COMPRESSION: 6668.736458220963
  CPU_SINGLETHREAD: 315.15306759509963
  CPU_PHYSICS: 114.32539879760375
  CPU_MATRIX_MULT_SSE: 540.42357474943401
  CPU_mm: 162.30585346380832
  CPU_sse: 379.61450290087123
  CPU_fma: 701.23264659799679
  CPU_avx: 0
  CPU_avx512: 0
  m_CPU_enc_SHA: 369152362.28104085
  m_CPU_enc_AES: 195438574.7375586
  m_CPU_enc_ECDSA: 216441915.39052626
  ME_ALLOC_S: 0
  ME_READ_S: 0
  ME_READ_L: 0
  ME_WRITE: 0
  ME_LARGE: 0
  ME_LATENCY: 0
  ME_THREADED: 0
  SUMM_CPU: 935.16250132659468
  SUMM_ME: 0
SystemInformation:
  OSName: Ubuntu 18.04.6 LTS
  Kernel: 4.9.337-tegra
  Device: quill
  Processor: ARM Cortex-A57 6 Core 2035 MHz
  NumSockets: 2
  Manufacturer: ARM
  NumCores: 6
  NumLogicals: 6
  CPUFrequency: 2035
  Memory: 7850
Checksum: 70E71BE110FDB3E0AA5F3767BC00989F431C267A