BaselineInfo:
  WebDBID: -1
  TimeStamp: 20240828143004
Version:
  Major: 11
  Minor: 0
  Build: 1002
  SpecialBuildName: ""
  ptArchitecture: aarch64_linux
Results:
  Results Complete: true
  NumTestProcesses: 6
  CPU_INTEGER_MATH: 6681.7626666666665
  CPU_FLOATINGPOINT_MATH: 1280.5153458172881
  CPU_PRIME: 0.59262866760497923
  CPU_SORTING: 526.90852669424783
  CPU_ENCRYPTION: 153.22009104965042
  CPU_COMPRESSION: 3255.843648113404
  CPU_SINGLETHREAD: 193.11428961422297
  CPU_PHYSICS: 10.325725235227042
  CPU_MATRIX_MULT_SSE: 401.93174397801005
  CPU_mm: 120.44765414427539
  CPU_sse: 287.01258193147856
  CPU_fma: 516.85090602454147
  CPU_avx: 0
  CPU_avx512: 0
  m_CPU_enc_SHA: 224715516.80257624
  m_CPU_enc_AES: 128381510.53664201
  m_CPU_enc_ECDSA: 128891703.23821649
  ME_ALLOC_S: 0
  ME_READ_S: 0
  ME_READ_L: 0
  ME_WRITE: 0
  ME_LARGE: 0
  ME_LATENCY: 0
  ME_THREADED: 0
  SUMM_CPU: 367.43468369538323
  SUMM_ME: 0
SystemInformation:
  OSName: Ubuntu 18.04.6 LTS
  Kernel: 4.9.337-tegra
  Device: quill
  Processor: ARM Cortex-A57 6 Core 2035 MHz
  NumSockets: 2
  Manufacturer: ARM
  NumCores: 6
  NumLogicals: 6
  CPUFrequency: 2035
  Memory: 7850
Checksum: A5A6E4F706B67F201B3B30279017C1125FBA4E2A