BaselineInfo:
  WebDBID: -1
  TimeStamp: 20240828062920
Version:
  Major: 11
  Minor: 0
  Build: 1002
  SpecialBuildName: ""
  ptArchitecture: aarch64_linux
Results:
  Results Complete: true
  NumTestProcesses: 6
  CPU_INTEGER_MATH: 4151.7486666666664
  CPU_FLOATINGPOINT_MATH: 1124.9651873635232
  CPU_PRIME: 4.9379181435123582
  CPU_SORTING: 1804.5985322450715
  CPU_ENCRYPTION: 115.70925210727481
  CPU_COMPRESSION: 2834.1851404673052
  CPU_SINGLETHREAD: 147.3748667028012
  CPU_PHYSICS: 85.040303414176861
  CPU_MATRIX_MULT_SSE: 246.78700379476845
  CPU_mm: 73.840262508916766
  CPU_sse: 173.47106698193451
  CPU_fma: 320.10294060760248
  CPU_avx: 0
  CPU_avx512: 0
  m_CPU_enc_SHA: 173219878.70440349
  m_CPU_enc_AES: 93254726.635261014
  m_CPU_enc_ECDSA: 97515228.87324889
  ME_ALLOC_S: 0
  ME_READ_S: 0
  ME_READ_L: 0
  ME_WRITE: 0
  ME_LARGE: 0
  ME_LATENCY: 0
  ME_THREADED: 0
  SUMM_CPU: 432.67566563168236
  SUMM_ME: 0
SystemInformation:
  OSName: Ubuntu 18.04.6 LTS
  Kernel: 4.9.337-tegra
  Device: quill
  Processor: ARM Cortex-A57 6 Core 2035 MHz
  NumSockets: 2
  Manufacturer: ARM
  NumCores: 6
  NumLogicals: 6
  CPUFrequency: 2035
  Memory: 7850
Checksum: E45E03D3A442EB29EE949D4C046B77372A0078B7