BaselineInfo:
  WebDBID: -1
  TimeStamp: 20240828001258
Version:
  Major: 11
  Minor: 0
  Build: 1002
  SpecialBuildName: ""
  ptArchitecture: aarch64_linux
Results:
  Results Complete: true
  NumTestProcesses: 6
  CPU_INTEGER_MATH: 3048.598
  CPU_FLOATINGPOINT_MATH: 711.06524843236434
  CPU_PRIME: 0.86887435243952438
  CPU_SORTING: 700.53385371089951
  CPU_ENCRYPTION: 78.960193766717722
  CPU_COMPRESSION: 1780.3569278729392
  CPU_SINGLETHREAD: 103.29305479327061
  CPU_PHYSICS: 15.542463203172034
  CPU_MATRIX_MULT_SSE: 182.83555056211262
  CPU_mm: 54.257421055775694
  CPU_sse: 128.53629101025871
  CPU_fma: 237.13481011396655
  CPU_avx: 0
  CPU_avx512: 0
  m_CPU_enc_SHA: 114406936.41873316
  m_CPU_enc_AES: 65035912.922317743
  m_CPU_enc_ECDSA: 68944443.076338515
  ME_ALLOC_S: 0
  ME_READ_S: 0
  ME_READ_L: 0
  ME_WRITE: 0
  ME_LARGE: 0
  ME_LATENCY: 0
  ME_THREADED: 0
  SUMM_CPU: 255.10497175999308
  SUMM_ME: 0
SystemInformation:
  OSName: Ubuntu 18.04.6 LTS
  Kernel: 4.9.337-tegra
  Device: quill
  Processor: ARM Cortex-A57 6 Core 2035 MHz
  NumSockets: 2
  Manufacturer: ARM
  NumCores: 6
  NumLogicals: 6
  CPUFrequency: 2035
  Memory: 7850
Checksum: 2C8E2FB57A93E6155669D94E07C0BF7C5C275BFA