BaselineInfo:
  WebDBID: -1
  TimeStamp: 20240828143119
Version:
  Major: 11
  Minor: 0
  Build: 1002
  SpecialBuildName: ""
  ptArchitecture: aarch64_linux
Results:
  Results Complete: true
  NumTestProcesses: 6
  CPU_INTEGER_MATH: 6904.4660000000003
  CPU_FLOATINGPOINT_MATH: 1516.7150194439148
  CPU_PRIME: 0.96636429410309854
  CPU_SORTING: 865.89746068974591
  CPU_ENCRYPTION: 170.31162003373552
  CPU_COMPRESSION: 3726.990265929222
  CPU_SINGLETHREAD: 207.28960036926719
  CPU_PHYSICS: 16.980544083810798
  CPU_MATRIX_MULT_SSE: 406.64282548412177
  CPU_mm: 123.50589602502237
  CPU_sse: 289.80719973520831
  CPU_fma: 523.47845123303523
  CPU_avx: 0
  CPU_avx512: 0
  m_CPU_enc_SHA: 256881968.19450167
  m_CPU_enc_AES: 142219465.39571196
  m_CPU_enc_ECDSA: 136652598.27526912
  ME_ALLOC_S: 0
  ME_READ_S: 0
  ME_READ_L: 0
  ME_WRITE: 0
  ME_LARGE: 0
  ME_LATENCY: 0
  ME_THREADED: 0
  SUMM_CPU: 467.86576414584835
  SUMM_ME: 0
SystemInformation:
  OSName: Ubuntu 18.04.6 LTS
  Kernel: 4.9.337-tegra
  Device: quill
  Processor: ARM Cortex-A57 6 Core 2035 MHz
  NumSockets: 2
  Manufacturer: ARM
  NumCores: 6
  NumLogicals: 6
  CPUFrequency: 2035
  Memory: 7850
Checksum: 514953F9AB64060BBDF943299656C852257F9688