BaselineInfo:
  WebDBID: -1
  TimeStamp: 20240828052020
Version:
  Major: 11
  Minor: 0
  Build: 1002
  SpecialBuildName: ""
  ptArchitecture: aarch64_linux
Results:
  Results Complete: true
  NumTestProcesses: 6
  CPU_INTEGER_MATH: 4121.7866666666669
  CPU_FLOATINGPOINT_MATH: 1085.6017430094125
  CPU_PRIME: 3.0456342063755315
  CPU_SORTING: 1577.746675083454
  CPU_ENCRYPTION: 115.33485759070608
  CPU_COMPRESSION: 2778.4489710190646
  CPU_SINGLETHREAD: 144.51337722812394
  CPU_PHYSICS: 52.95503267552354
  CPU_MATRIX_MULT_SSE: 243.98134441518377
  CPU_mm: 73.498577547251415
  CPU_sse: 171.75165770701969
  CPU_fma: 316.21103112334782
  CPU_avx: 0
  CPU_avx512: 0
  m_CPU_enc_SHA: 165424692.86454448
  m_CPU_enc_AES: 92950044.808210909
  m_CPU_enc_ECDSA: 104437353.22634128
  ME_ALLOC_S: 0
  ME_READ_S: 0
  ME_READ_L: 0
  ME_WRITE: 0
  ME_LARGE: 0
  ME_LATENCY: 0
  ME_THREADED: 0
  SUMM_CPU: 414.77153513704155
  SUMM_ME: 0
SystemInformation:
  OSName: Ubuntu 18.04.6 LTS
  Kernel: 4.9.337-tegra
  Device: quill
  Processor: ARM Cortex-A57 6 Core 2035 MHz
  NumSockets: 2
  Manufacturer: ARM
  NumCores: 6
  NumLogicals: 6
  CPUFrequency: 2035
  Memory: 7850
Checksum: 2CE21AE45EFBFF694C31B31D903F71B3A76026AA