BaselineInfo:
  WebDBID: -1
  TimeStamp: 20240828122644
Version:
  Major: 11
  Minor: 0
  Build: 1002
  SpecialBuildName: ""
  ptArchitecture: aarch64_linux
Results:
  Results Complete: true
  NumTestProcesses: 6
  CPU_INTEGER_MATH: 6124.9333333333343
  CPU_FLOATINGPOINT_MATH: 1644.6156942760804
  CPU_PRIME: 4.917173069337565
  CPU_SORTING: 2438.8127807904175
  CPU_ENCRYPTION: 169.7833676152278
  CPU_COMPRESSION: 4208.5072573566958
  CPU_SINGLETHREAD: 214.54573015409778
  CPU_PHYSICS: 80.632280227716365
  CPU_MATRIX_MULT_SSE: 366.12093464813472
  CPU_mm: 108.37850151070101
  CPU_sse: 257.33659068974032
  CPU_fma: 474.90527860652907
  CPU_avx: 0
  CPU_avx512: 0
  m_CPU_enc_SHA: 244753960.49300736
  m_CPU_enc_AES: 136624943.07253385
  m_CPU_enc_ECDSA: 152713389.87597409
  ME_ALLOC_S: 0
  ME_READ_S: 0
  ME_READ_L: 0
  ME_WRITE: 0
  ME_LARGE: 0
  ME_LATENCY: 0
  ME_THREADED: 0
  SUMM_CPU: 623.20634229279324
  SUMM_ME: 0
SystemInformation:
  OSName: Ubuntu 18.04.6 LTS
  Kernel: 4.9.337-tegra
  Device: quill
  Processor: ARM Cortex-A57 6 Core 2035 MHz
  NumSockets: 2
  Manufacturer: ARM
  NumCores: 6
  NumLogicals: 6
  CPUFrequency: 2035
  Memory: 7850
Checksum: A4820800E82830FCF3E92AFB94F6F0DFE6CBE82E