BaselineInfo:
  WebDBID: -1
  TimeStamp: 20240828153652
Version:
  Major: 11
  Minor: 0
  Build: 1002
  SpecialBuildName: ""
  ptArchitecture: aarch64_linux
Results:
  Results Complete: true
  NumTestProcesses: 6
  CPU_INTEGER_MATH: 7889.8040000000001
  CPU_FLOATINGPOINT_MATH: 2105.8162226472773
  CPU_PRIME: 5.2160633294714982
  CPU_SORTING: 2993.338846978198
  CPU_ENCRYPTION: 215.71003693590663
  CPU_COMPRESSION: 5343.2916343398947
  CPU_SINGLETHREAD: 274.09058816339035
  CPU_PHYSICS: 88.86975114852163
  CPU_MATRIX_MULT_SSE: 469.8501080689432
  CPU_mm: 135.66002505976323
  CPU_sse: 333.16659609886432
  CPU_fma: 606.53362003902203
  CPU_avx: 0
  CPU_avx512: 0
  m_CPU_enc_SHA: 330069107.65800941
  m_CPU_enc_AES: 177312094.67122823
  m_CPU_enc_ECDSA: 171183900.74107808
  ME_ALLOC_S: 0
  ME_READ_S: 0
  ME_READ_L: 0
  ME_WRITE: 0
  ME_LARGE: 0
  ME_LATENCY: 0
  ME_THREADED: 0
  SUMM_CPU: 784.87407136866921
  SUMM_ME: 0
SystemInformation:
  OSName: Ubuntu 18.04.6 LTS
  Kernel: 4.9.337-tegra
  Device: quill
  Processor: ARM Cortex-A57 6 Core 2035 MHz
  NumSockets: 2
  Manufacturer: ARM
  NumCores: 6
  NumLogicals: 6
  CPUFrequency: 2035
  Memory: 7850
Checksum: 0D40AA75B82E7C801C57BD06F4AAEEF016C078E8