BaselineInfo:
  WebDBID: -1
  TimeStamp: 20240827233702
Version:
  Major: 11
  Minor: 0
  Build: 1002
  SpecialBuildName: ""
  ptArchitecture: aarch64_linux
Results:
  Results Complete: true
  NumTestProcesses: 6
  CPU_INTEGER_MATH: 3039.7466666666669
  CPU_FLOATINGPOINT_MATH: 696.20828919953487
  CPU_PRIME: 0.86703019473599174
  CPU_SORTING: 746.08583512015753
  CPU_ENCRYPTION: 80.729712509136846
  CPU_COMPRESSION: 1780.2176480586184
  CPU_SINGLETHREAD: 102.35353527479751
  CPU_PHYSICS: 15.168154646500948
  CPU_MATRIX_MULT_SSE: 176.04280088210584
  CPU_mm: 52.893412559022174
  CPU_sse: 128.75317583152861
  CPU_fma: 223.33242593268309
  CPU_avx: 0
  CPU_avx512: 0
  m_CPU_enc_SHA: 114783441.85925734
  m_CPU_enc_AES: 63707313.174928911
  m_CPU_enc_ECDSA: 75462962.037755758
  ME_ALLOC_S: 0
  ME_READ_S: 0
  ME_READ_L: 0
  ME_WRITE: 0
  ME_LARGE: 0
  ME_LATENCY: 0
  ME_THREADED: 0
  SUMM_CPU: 255.22249515670745
  SUMM_ME: 0
SystemInformation:
  OSName: Ubuntu 18.04.6 LTS
  Kernel: 4.9.337-tegra
  Device: quill
  Processor: ARM Cortex-A57 6 Core 2035 MHz
  NumSockets: 2
  Manufacturer: ARM
  NumCores: 6
  NumLogicals: 6
  CPUFrequency: 2035
  Memory: 7850
Checksum: 793D05FA9BFE9A6CE43EF0570ACBBEAAD7B8122A