BaselineInfo:
  WebDBID: -1
  TimeStamp: 20240828103054
Version:
  Major: 11
  Minor: 0
  Build: 1002
  SpecialBuildName: ""
  ptArchitecture: aarch64_linux
Results:
  Results Complete: true
  NumTestProcesses: 6
  CPU_INTEGER_MATH: 6132.0806666666676
  CPU_FLOATINGPOINT_MATH: 1675.6509119730813
  CPU_PRIME: 6.5535624896874012
  CPU_SORTING: 2657.9042125201245
  CPU_ENCRYPTION: 169.92793204725766
  CPU_COMPRESSION: 4375.470457391184
  CPU_SINGLETHREAD: 217.85291351588535
  CPU_PHYSICS: 110.0396070689285
  CPU_MATRIX_MULT_SSE: 365.37618213996285
  CPU_mm: 110.06165461793408
  CPU_sse: 255.87393300418842
  CPU_fma: 474.87843127573734
  CPU_avx: 0
  CPU_avx512: 0
  m_CPU_enc_SHA: 260497948.60197824
  m_CPU_enc_AES: 134826149.77844918
  m_CPU_enc_ECDSA: 139222955.44272831
  ME_ALLOC_S: 0
  ME_READ_S: 0
  ME_READ_L: 0
  ME_WRITE: 0
  ME_LARGE: 0
  ME_LATENCY: 0
  ME_THREADED: 0
  SUMM_CPU: 643.69536711447859
  SUMM_ME: 0
SystemInformation:
  OSName: Ubuntu 18.04.6 LTS
  Kernel: 4.9.337-tegra
  Device: quill
  Processor: ARM Cortex-A57 6 Core 2035 MHz
  NumSockets: 2
  Manufacturer: ARM
  NumCores: 6
  NumLogicals: 6
  CPUFrequency: 2035
  Memory: 7850
Checksum: D670C7C09FB264801382699F468BA598025F6E53