BaselineInfo:
  WebDBID: -1
  TimeStamp: 20240828061917
Version:
  Major: 11
  Minor: 0
  Build: 1002
  SpecialBuildName: ""
  ptArchitecture: aarch64_linux
Results:
  Results Complete: true
  NumTestProcesses: 6
  CPU_INTEGER_MATH: 3291.5599999999999
  CPU_FLOATINGPOINT_MATH: 615.91322230922583
  CPU_PRIME: 0.56710398295788988
  CPU_SORTING: 491.71433487274055
  CPU_ENCRYPTION: 98.357035656044317
  CPU_COMPRESSION: 2013.4297696718318
  CPU_SINGLETHREAD: 122.6184165773838
  CPU_PHYSICS: 10.159823281751056
  CPU_MATRIX_MULT_SSE: 232.89158471204343
  CPU_mm: 70.233735344379042
  CPU_sse: 165.74189956994559
  CPU_fma: 300.04126985414132
  CPU_avx: 0
  CPU_avx512: 0
  m_CPU_enc_SHA: 151444767.58352107
  m_CPU_enc_AES: 81814442.125872403
  m_CPU_enc_ECDSA: 76145271.350823537
  ME_ALLOC_S: 0
  ME_READ_S: 0
  ME_READ_L: 0
  ME_WRITE: 0
  ME_LARGE: 0
  ME_LATENCY: 0
  ME_THREADED: 0
  SUMM_CPU: 256.89044944830903
  SUMM_ME: 0
SystemInformation:
  OSName: Ubuntu 18.04.6 LTS
  Kernel: 4.9.337-tegra
  Device: quill
  Processor: ARM Cortex-A57 6 Core 2035 MHz
  NumSockets: 2
  Manufacturer: ARM
  NumCores: 6
  NumLogicals: 6
  CPUFrequency: 2035
  Memory: 7850
Checksum: 9ADD35F4EDBD6E6A060ECF008644E8EEFED7D3FD