BaselineInfo:
  WebDBID: -1
  TimeStamp: 20240828055908
Version:
  Major: 11
  Minor: 0
  Build: 1002
  SpecialBuildName: ""
  ptArchitecture: aarch64_linux
Results:
  Results Complete: true
  NumTestProcesses: 6
  CPU_INTEGER_MATH: 4131.300666666667
  CPU_FLOATINGPOINT_MATH: 1130.1892887812858
  CPU_PRIME: 5.031178600367153
  CPU_SORTING: 1866.5363283665961
  CPU_ENCRYPTION: 114.60313569833659
  CPU_COMPRESSION: 2849.8119129149864
  CPU_SINGLETHREAD: 147.01550307100061
  CPU_PHYSICS: 86.925632727725031
  CPU_MATRIX_MULT_SSE: 247.14893143235173
  CPU_mm: 73.819037139212412
  CPU_sse: 174.50912354783486
  CPU_fma: 319.78873931686854
  CPU_avx: 0
  CPU_avx512: 0
  m_CPU_enc_SHA: 174160314.48385125
  m_CPU_enc_AES: 93154745.023272842
  m_CPU_enc_ECDSA: 93195233.346932858
  ME_ALLOC_S: 0
  ME_READ_S: 0
  ME_READ_L: 0
  ME_WRITE: 0
  ME_LARGE: 0
  ME_LATENCY: 0
  ME_THREADED: 0
  SUMM_CPU: 433.25161357079872
  SUMM_ME: 0
SystemInformation:
  OSName: Ubuntu 18.04.6 LTS
  Kernel: 4.9.337-tegra
  Device: quill
  Processor: ARM Cortex-A57 6 Core 2035 MHz
  NumSockets: 2
  Manufacturer: ARM
  NumCores: 6
  NumLogicals: 6
  CPUFrequency: 2035
  Memory: 7850
Checksum: 5BA067E2FCDD2DB488ACB3EB92293971F8B4CCB9