BaselineInfo:
  WebDBID: -1
  TimeStamp: 20240828151406
Version:
  Major: 11
  Minor: 0
  Build: 1002
  SpecialBuildName: ""
  ptArchitecture: aarch64_linux
Results:
  Results Complete: true
  NumTestProcesses: 6
  CPU_INTEGER_MATH: 7130.1986666666662
  CPU_FLOATINGPOINT_MATH: 1918.2869972740093
  CPU_PRIME: 6.2814451604978734
  CPU_SORTING: 2866.7599586665319
  CPU_ENCRYPTION: 196.4430360211212
  CPU_COMPRESSION: 5047.9203474450069
  CPU_SINGLETHREAD: 250.13521690993019
  CPU_PHYSICS: 104.78455008696301
  CPU_MATRIX_MULT_SSE: 424.97068730606929
  CPU_mm: 127.19009829340746
  CPU_sse: 300.17253194811053
  CPU_fma: 549.76884266402794
  CPU_avx: 0
  CPU_avx512: 0
  m_CPU_enc_SHA: 295735538.70502752
  m_CPU_enc_AES: 156787417.37000918
  m_CPU_enc_ECDSA: 165433402.74161279
  ME_ALLOC_S: 0
  ME_READ_S: 0
  ME_READ_L: 0
  ME_WRITE: 0
  ME_LARGE: 0
  ME_LATENCY: 0
  ME_THREADED: 0
  SUMM_CPU: 734.66976559286513
  SUMM_ME: 0
SystemInformation:
  OSName: Ubuntu 18.04.6 LTS
  Kernel: 4.9.337-tegra
  Device: quill
  Processor: ARM Cortex-A57 6 Core 2035 MHz
  NumSockets: 2
  Manufacturer: ARM
  NumCores: 6
  NumLogicals: 6
  CPUFrequency: 2035
  Memory: 7850
Checksum: 67D80D71BA59614620F20FC6B3BE4917AD7619A7