BaselineInfo:
  WebDBID: -1
  TimeStamp: 20240828184438
Version:
  Major: 11
  Minor: 0
  Build: 1002
  SpecialBuildName: ""
  ptArchitecture: aarch64_linux
Results:
  Results Complete: true
  NumTestProcesses: 6
  CPU_INTEGER_MATH: 8944.8640000000014
  CPU_FLOATINGPOINT_MATH: 2189.9672292392706
  CPU_PRIME: 2.0815995342588991
  CPU_SORTING: 1765.9153432111566
  CPU_ENCRYPTION: 231.90421013297231
  CPU_COMPRESSION: 5785.1725268916261
  CPU_SINGLETHREAD: 290.04751436585627
  CPU_PHYSICS: 38.384732430104634
  CPU_MATRIX_MULT_SSE: 533.26017628587283
  CPU_mm: 160.0833078051707
  CPU_sse: 373.9600584697294
  CPU_fma: 692.56029410201631
  CPU_avx: 0
  CPU_avx512: 0
  m_CPU_enc_SHA: 345260921.40876132
  m_CPU_enc_AES: 188009748.77412012
  m_CPU_enc_ECDSA: 196236896.95029336
  ME_ALLOC_S: 0
  ME_READ_S: 0
  ME_READ_L: 0
  ME_WRITE: 0
  ME_LARGE: 0
  ME_LATENCY: 0
  ME_THREADED: 0
  SUMM_CPU: 742.60416656001371
  SUMM_ME: 0
SystemInformation:
  OSName: Ubuntu 18.04.6 LTS
  Kernel: 4.9.337-tegra
  Device: quill
  Processor: ARM Cortex-A57 6 Core 2035 MHz
  NumSockets: 2
  Manufacturer: ARM
  NumCores: 6
  NumLogicals: 6
  CPUFrequency: 2035
  Memory: 7850
Checksum: ECD860BA6CF5004738FE56967FA6A2395EDF13B4