BaselineInfo:
  WebDBID: -1
  TimeStamp: 20240828162857
Version:
  Major: 11
  Minor: 0
  Build: 1002
  SpecialBuildName: ""
  ptArchitecture: aarch64_linux
Results:
  Results Complete: true
  NumTestProcesses: 6
  CPU_INTEGER_MATH: 7932.9719999999988
  CPU_FLOATINGPOINT_MATH: 2156.5794494620482
  CPU_PRIME: 6.9882116003558785
  CPU_SORTING: 3225.5738919799696
  CPU_ENCRYPTION: 222.15460545477998
  CPU_COMPRESSION: 5651.6064246318583
  CPU_SINGLETHREAD: 278.95323676954922
  CPU_PHYSICS: 115.50849587674088
  CPU_MATRIX_MULT_SSE: 472.4942225285489
  CPU_mm: 141.77979009625466
  CPU_sse: 332.74494392388777
  CPU_fma: 612.24350113320997
  CPU_avx: 0
  CPU_avx512: 0
  m_CPU_enc_SHA: 325894447.01433504
  m_CPU_enc_AES: 175440577.62373382
  m_CPU_enc_ECDSA: 197502938.06998527
  ME_ALLOC_S: 0
  ME_READ_S: 0
  ME_READ_L: 0
  ME_WRITE: 0
  ME_LARGE: 0
  ME_LATENCY: 0
  ME_THREADED: 0
  SUMM_CPU: 823.65947032378153
  SUMM_ME: 0
SystemInformation:
  OSName: Ubuntu 18.04.6 LTS
  Kernel: 4.9.337-tegra
  Device: quill
  Processor: ARM Cortex-A57 6 Core 2035 MHz
  NumSockets: 2
  Manufacturer: ARM
  NumCores: 6
  NumLogicals: 6
  CPUFrequency: 2035
  Memory: 7850
Checksum: 0B0D3E5E0755020A43E2303E3AFB5B9EDCE31851