BaselineInfo:
  WebDBID: -1
  TimeStamp: 20240828160427
Version:
  Major: 11
  Minor: 0
  Build: 1002
  SpecialBuildName: ""
  ptArchitecture: aarch64_linux
Results:
  Results Complete: true
  NumTestProcesses: 6
  CPU_INTEGER_MATH: 7943.4799999999996
  CPU_FLOATINGPOINT_MATH: 2144.2411211645313
  CPU_PRIME: 7.1744183789592242
  CPU_SORTING: 3240.7879390658641
  CPU_ENCRYPTION: 224.21820601345613
  CPU_COMPRESSION: 5603.0238409479844
  CPU_SINGLETHREAD: 277.78043754199865
  CPU_PHYSICS: 115.5165795894038
  CPU_MATRIX_MULT_SSE: 472.7757798604672
  CPU_mm: 141.82113266912685
  CPU_sse: 332.61498247121045
  CPU_fma: 612.93657724972388
  CPU_avx: 0
  CPU_avx512: 0
  m_CPU_enc_SHA: 347032794.3129952
  m_CPU_enc_AES: 172131726.6283493
  m_CPU_enc_ECDSA: 186164967.82495269
  ME_ALLOC_S: 0
  ME_READ_S: 0
  ME_READ_L: 0
  ME_WRITE: 0
  ME_LARGE: 0
  ME_LATENCY: 0
  ME_THREADED: 0
  SUMM_CPU: 824.0951097665768
  SUMM_ME: 0
SystemInformation:
  OSName: Ubuntu 18.04.6 LTS
  Kernel: 4.9.337-tegra
  Device: quill
  Processor: ARM Cortex-A57 6 Core 2035 MHz
  NumSockets: 2
  Manufacturer: ARM
  NumCores: 6
  NumLogicals: 6
  CPUFrequency: 2035
  Memory: 7850
Checksum: 6DF5FB5FFAEC2ADE7749A1F2EB2E80CAD80DD189