BaselineInfo:
  WebDBID: -1
  TimeStamp: 20240828152534
Version:
  Major: 11
  Minor: 0
  Build: 1002
  SpecialBuildName: ""
  ptArchitecture: aarch64_linux
Results:
  Results Complete: true
  NumTestProcesses: 6
  CPU_INTEGER_MATH: 7915.4113333333325
  CPU_FLOATINGPOINT_MATH: 2120.7050265141684
  CPU_PRIME: 5.854706482706538
  CPU_SORTING: 3078.9052434250716
  CPU_ENCRYPTION: 217.81149782342476
  CPU_COMPRESSION: 5576.7894542178956
  CPU_SINGLETHREAD: 277.34751476870179
  CPU_PHYSICS: 96.748440813285825
  CPU_MATRIX_MULT_SSE: 472.53895592722239
  CPU_mm: 141.2938166042245
  CPU_sse: 332.73308653096478
  CPU_fma: 612.34482532347988
  CPU_avx: 0
  CPU_avx512: 0
  m_CPU_enc_SHA: 326721728.78144073
  m_CPU_enc_AES: 175756872.14723796
  m_CPU_enc_ECDSA: 182697126.49640748
  ME_ALLOC_S: 0
  ME_READ_S: 0
  ME_READ_L: 0
  ME_WRITE: 0
  ME_LARGE: 0
  ME_LATENCY: 0
  ME_THREADED: 0
  SUMM_CPU: 804.45484526744076
  SUMM_ME: 0
SystemInformation:
  OSName: Ubuntu 18.04.6 LTS
  Kernel: 4.9.337-tegra
  Device: quill
  Processor: ARM Cortex-A57 6 Core 2035 MHz
  NumSockets: 2
  Manufacturer: ARM
  NumCores: 6
  NumLogicals: 6
  CPUFrequency: 2035
  Memory: 7850
Checksum: B8D6F34CBB3C81DEAB1E45A5AC12C9EEA21B9A2A