BaselineInfo:
  WebDBID: -1
  TimeStamp: 20240827221318
Version:
  Major: 11
  Minor: 0
  Build: 1002
  SpecialBuildName: ""
  ptArchitecture: aarch64_linux
Results:
  Results Complete: true
  NumTestProcesses: 6
  CPU_INTEGER_MATH: 1846.6153333333332
  CPU_FLOATINGPOINT_MATH: 493.88507248670254
  CPU_PRIME: 2.3984111926640446
  CPU_SORTING: 782.26103261928222
  CPU_ENCRYPTION: 60.245075521261832
  CPU_COMPRESSION: 0
  CPU_SINGLETHREAD: 239.32057785166367
  CPU_PHYSICS: 46.324647503797159
  CPU_MATRIX_MULT_SSE: 110.18074913027576
  CPU_mm: 32.279138488245785
  CPU_sse: 75.565314918983347
  CPU_fma: 144.79618334156817
  CPU_avx: 0
  CPU_avx512: 0
  m_CPU_enc_SHA: 83856477.21276316
  m_CPU_enc_AES: 46136298.632037096
  m_CPU_enc_ECDSA: 59521845.084547691
  ME_ALLOC_S: 0
  ME_READ_S: 0
  ME_READ_L: 0
  ME_WRITE: 0
  ME_LARGE: 0
  ME_LATENCY: 0
  ME_THREADED: 0
  SUMM_CPU: 0
  SUMM_ME: 0
SystemInformation:
  OSName: Ubuntu 18.04.6 LTS
  Kernel: 4.9.337-tegra
  Device: quill
  Processor: ARM Cortex-A57 6 Core 2035 MHz
  NumSockets: 2
  Manufacturer: ARM
  NumCores: 6
  NumLogicals: 6
  CPUFrequency: 2035
  Memory: 7850
Checksum: F09A742EF9F6F5BDECEA6FC02931904A2E4775F0