BaselineInfo:
  WebDBID: -1
  TimeStamp: 20240828195655
Version:
  Major: 11
  Minor: 0
  Build: 1002
  SpecialBuildName: ""
  ptArchitecture: aarch64_linux
Results:
  Results Complete: true
  NumTestProcesses: 6
  CPU_INTEGER_MATH: 9079.9533333333347
  CPU_FLOATINGPOINT_MATH: 2426.7602410434883
  CPU_PRIME: 5.4203793265304601
  CPU_SORTING: 3368.6810745531793
  CPU_ENCRYPTION: 247.9917594905788
  CPU_COMPRESSION: 6533.6018808923618
  CPU_SINGLETHREAD: 312.73140043055531
  CPU_PHYSICS: 92.500960962686833
  CPU_MATRIX_MULT_SSE: 540.17452864683901
  CPU_mm: 161.8746761255918
  CPU_sse: 379.60677919027779
  CPU_fma: 700.74227810340028
  CPU_avx: 0
  CPU_avx512: 0
  m_CPU_enc_SHA: 377170340.6259377
  m_CPU_enc_AES: 198435547.78740439
  m_CPU_enc_ECDSA: 204508733.18543738
  ME_ALLOC_S: 0
  ME_READ_S: 0
  ME_READ_L: 0
  ME_WRITE: 0
  ME_LARGE: 0
  ME_LATENCY: 0
  ME_THREADED: 0
  SUMM_CPU: 910.33361487945137
  SUMM_ME: 0
SystemInformation:
  OSName: Ubuntu 18.04.6 LTS
  Kernel: 4.9.337-tegra
  Device: quill
  Processor: ARM Cortex-A57 6 Core 2035 MHz
  NumSockets: 2
  Manufacturer: ARM
  NumCores: 6
  NumLogicals: 6
  CPUFrequency: 2035
  Memory: 7850
Checksum: E4E322013ACE6752B82DD96AEB27656CE14F2853