BaselineInfo:
  WebDBID: -1
  TimeStamp: 20240828101029
Version:
  Major: 11
  Minor: 0
  Build: 1002
  SpecialBuildName: ""
  ptArchitecture: aarch64_linux
Results:
  Results Complete: true
  NumTestProcesses: 6
  CPU_INTEGER_MATH: 6051.5666666666666
  CPU_FLOATINGPOINT_MATH: 1492.0020194070532
  CPU_PRIME: 2.017295547052977
  CPU_SORTING: 1539.6200751429028
  CPU_ENCRYPTION: 161.33610879928744
  CPU_COMPRESSION: 3771.8608707518179
  CPU_SINGLETHREAD: 203.5698481670504
  CPU_PHYSICS: 34.955054367525626
  CPU_MATRIX_MULT_SSE: 360.09488918589608
  CPU_mm: 108.38101137814009
  CPU_sse: 256.03537704473604
  CPU_fma: 464.15440132705612
  CPU_avx: 0
  CPU_avx512: 0
  m_CPU_enc_SHA: 243236515.83009756
  m_CPU_enc_AES: 128972469.23281977
  m_CPU_enc_ECDSA: 135310529.79804763
  ME_ALLOC_S: 0
  ME_READ_S: 0
  ME_READ_L: 0
  ME_WRITE: 0
  ME_LARGE: 0
  ME_LATENCY: 0
  ME_THREADED: 0
  SUMM_CPU: 533.64106382254715
  SUMM_ME: 0
SystemInformation:
  OSName: Ubuntu 18.04.6 LTS
  Kernel: 4.9.337-tegra
  Device: quill
  Processor: ARM Cortex-A57 6 Core 2035 MHz
  NumSockets: 2
  Manufacturer: ARM
  NumCores: 6
  NumLogicals: 6
  CPUFrequency: 2035
  Memory: 7850
Checksum: F681C52FE36FC00D6770A1E1FB958570F07F3880