BaselineInfo:
  WebDBID: -1
  TimeStamp: 20240828185951
Version:
  Major: 11
  Minor: 0
  Build: 1002
  SpecialBuildName: ""
  ptArchitecture: aarch64_linux
Results:
  Results Complete: true
  NumTestProcesses: 6
  CPU_INTEGER_MATH: 9088.4259999999995
  CPU_FLOATINGPOINT_MATH: 2456.1158201641574
  CPU_PRIME: 6.8356143871557231
  CPU_SORTING: 3604.4463535250402
  CPU_ENCRYPTION: 253.88282790630228
  CPU_COMPRESSION: 6563.0943135212246
  CPU_SINGLETHREAD: 317.45263557727588
  CPU_PHYSICS: 113.73476576212241
  CPU_MATRIX_MULT_SSE: 539.88807752006085
  CPU_mm: 162.31192431339267
  CPU_sse: 380.75393103290071
  CPU_fma: 699.02222400722098
  CPU_avx: 0
  CPU_avx512: 0
  m_CPU_enc_SHA: 369537148.46711236
  m_CPU_enc_AES: 200484003.77511081
  m_CPU_enc_ECDSA: 228625168.22181329
  ME_ALLOC_S: 0
  ME_READ_S: 0
  ME_READ_L: 0
  ME_WRITE: 0
  ME_LARGE: 0
  ME_LATENCY: 0
  ME_THREADED: 0
  SUMM_CPU: 935.88449371925219
  SUMM_ME: 0
SystemInformation:
  OSName: Ubuntu 18.04.6 LTS
  Kernel: 4.9.337-tegra
  Device: quill
  Processor: ARM Cortex-A57 6 Core 2035 MHz
  NumSockets: 2
  Manufacturer: ARM
  NumCores: 6
  NumLogicals: 6
  CPUFrequency: 2035
  Memory: 7850
Checksum: 77DF1B45970AD39A33BFA698E601928EA1B4F881