BaselineInfo:
  WebDBID: -1
  TimeStamp: 20240828133046
Version:
  Major: 11
  Minor: 0
  Build: 1002
  SpecialBuildName: ""
  ptArchitecture: aarch64_linux
Results:
  Results Complete: true
  NumTestProcesses: 6
  CPU_INTEGER_MATH: 7012.5753333333332
  CPU_FLOATINGPOINT_MATH: 1906.8592504332444
  CPU_PRIME: 4.997651837705317
  CPU_SORTING: 2816.3622637990593
  CPU_ENCRYPTION: 194.12392640053625
  CPU_COMPRESSION: 4763.4739991223978
  CPU_SINGLETHREAD: 247.57143646498349
  CPU_PHYSICS: 84.063662738204144
  CPU_MATRIX_MULT_SSE: 420.71176671778142
  CPU_mm: 126.69239813403013
  CPU_sse: 295.43310020255581
  CPU_fma: 545.99043323300714
  CPU_avx: 0
  CPU_avx512: 0
  m_CPU_enc_SHA: 289065792.12805265
  m_CPU_enc_AES: 147903749.53632322
  m_CPU_enc_ECDSA: 173691529.08373022
  ME_ALLOC_S: 0
  ME_READ_S: 0
  ME_READ_L: 0
  ME_WRITE: 0
  ME_LARGE: 0
  ME_LATENCY: 0
  ME_THREADED: 0
  SUMM_CPU: 708.02121549545006
  SUMM_ME: 0
SystemInformation:
  OSName: Ubuntu 18.04.6 LTS
  Kernel: 4.9.337-tegra
  Device: quill
  Processor: ARM Cortex-A57 6 Core 2035 MHz
  NumSockets: 2
  Manufacturer: ARM
  NumCores: 6
  NumLogicals: 6
  CPUFrequency: 2035
  Memory: 7850
Checksum: 852B5AC795548B528E03F9F5B563CDD46CC7698B