BaselineInfo:
  WebDBID: -1
  TimeStamp: 20240828011525
Version:
  Major: 11
  Minor: 0
  Build: 1002
  SpecialBuildName: ""
  ptArchitecture: aarch64_linux
Results:
  Results Complete: true
  NumTestProcesses: 6
  CPU_INTEGER_MATH: 3144.3533333333335
  CPU_FLOATINGPOINT_MATH: 852.58489559152645
  CPU_PRIME: 4.0661617646485615
  CPU_SORTING: 1354.6164916006276
  CPU_ENCRYPTION: 84.085806713711378
  CPU_COMPRESSION: 2163.361568754744
  CPU_SINGLETHREAD: 112.55657038471979
  CPU_PHYSICS: 65.941692118913807
  CPU_MATRIX_MULT_SSE: 187.11901683398014
  CPU_mm: 56.210440840216748
  CPU_sse: 131.83833972741911
  CPU_fma: 242.39969394054111
  CPU_avx: 0
  CPU_avx512: 0
  m_CPU_enc_SHA: 122600381.15878734
  m_CPU_enc_AES: 68067012.47117202
  m_CPU_enc_ECDSA: 73843682.951950505
  ME_ALLOC_S: 0
  ME_READ_S: 0
  ME_READ_L: 0
  ME_WRITE: 0
  ME_LARGE: 0
  ME_LATENCY: 0
  ME_THREADED: 0
  SUMM_CPU: 325.22915023879432
  SUMM_ME: 0
SystemInformation:
  OSName: Ubuntu 18.04.6 LTS
  Kernel: 4.9.337-tegra
  Device: quill
  Processor: ARM Cortex-A57 6 Core 2035 MHz
  NumSockets: 2
  Manufacturer: ARM
  NumCores: 6
  NumLogicals: 6
  CPUFrequency: 2035
  Memory: 7850
Checksum: 7CD1320CE765615F22E55D2C638246F38C365107