BaselineInfo:
  WebDBID: -1
  TimeStamp: 20240828020758
Version:
  Major: 11
  Minor: 0
  Build: 1002
  SpecialBuildName: ""
  ptArchitecture: aarch64_linux
Results:
  Results Complete: true
  NumTestProcesses: 6
  CPU_INTEGER_MATH: 3140.7560000000003
  CPU_FLOATINGPOINT_MATH: 847.61936330546382
  CPU_PRIME: 3.8633782425618541
  CPU_SORTING: 1299.144781874513
  CPU_ENCRYPTION: 84.391211492123716
  CPU_COMPRESSION: 2135.8526134017961
  CPU_SINGLETHREAD: 112.85007920869921
  CPU_PHYSICS: 64.369875441925586
  CPU_MATRIX_MULT_SSE: 186.87894667508218
  CPU_mm: 56.121532965906724
  CPU_sse: 131.91467818036057
  CPU_fma: 241.84321516980381
  CPU_avx: 0
  CPU_avx512: 0
  m_CPU_enc_SHA: 126937308.99396774
  m_CPU_enc_AES: 67534881.29914552
  m_CPU_enc_ECDSA: 70999606.651582152
  ME_ALLOC_S: 0
  ME_READ_S: 0
  ME_READ_L: 0
  ME_WRITE: 0
  ME_LARGE: 0
  ME_LATENCY: 0
  ME_THREADED: 0
  SUMM_CPU: 323.12046391209481
  SUMM_ME: 0
SystemInformation:
  OSName: Ubuntu 18.04.6 LTS
  Kernel: 4.9.337-tegra
  Device: quill
  Processor: ARM Cortex-A57 6 Core 2035 MHz
  NumSockets: 2
  Manufacturer: ARM
  NumCores: 6
  NumLogicals: 6
  CPUFrequency: 2035
  Memory: 7850
Checksum: DC495793BDB1A83AF233C49683155DC12C5FBC04