BaselineInfo:
  WebDBID: -1
  TimeStamp: 20240828115856
Version:
  Major: 11
  Minor: 0
  Build: 1002
  SpecialBuildName: ""
  ptArchitecture: aarch64_linux
Results:
  Results Complete: true
  NumTestProcesses: 6
  CPU_INTEGER_MATH: 6080.1559999999999
  CPU_FLOATINGPOINT_MATH: 1598.7454345797162
  CPU_PRIME: 3.6561594984849677
  CPU_SORTING: 2252.6873614500928
  CPU_ENCRYPTION: 166.79511422784299
  CPU_COMPRESSION: 4098.1995786349453
  CPU_SINGLETHREAD: 211.53342538646018
  CPU_PHYSICS: 62.51463606239875
  CPU_MATRIX_MULT_SSE: 364.30705059719395
  CPU_mm: 109.18442082219515
  CPU_sse: 256.47554270743501
  CPU_fma: 472.138558486953
  CPU_avx: 0
  CPU_avx512: 0
  m_CPU_enc_SHA: 247875278.07000226
  m_CPU_enc_AES: 134045662.75765997
  m_CPU_enc_ECDSA: 142771120.2620618
  ME_ALLOC_S: 0
  ME_READ_S: 0
  ME_READ_L: 0
  ME_WRITE: 0
  ME_LARGE: 0
  ME_LATENCY: 0
  ME_THREADED: 0
  SUMM_CPU: 599.74916084255585
  SUMM_ME: 0
SystemInformation:
  OSName: Ubuntu 18.04.6 LTS
  Kernel: 4.9.337-tegra
  Device: quill
  Processor: ARM Cortex-A57 6 Core 2035 MHz
  NumSockets: 2
  Manufacturer: ARM
  NumCores: 6
  NumLogicals: 6
  CPUFrequency: 2035
  Memory: 7850
Checksum: 3765CD9EAEEF5E2A4398E741139D0256175A2CC1