BaselineInfo:
  WebDBID: -1
  TimeStamp: 20240828081750
Version:
  Major: 11
  Minor: 0
  Build: 1002
  SpecialBuildName: ""
  ptArchitecture: aarch64_linux
Results:
  Results Complete: true
  NumTestProcesses: 6
  CPU_INTEGER_MATH: 5044.9286666666667
  CPU_FLOATINGPOINT_MATH: 1270.3811610993264
  CPU_PRIME: 1.9468838013557048
  CPU_SORTING: 1479.0731198183501
  CPU_ENCRYPTION: 132.62006274567673
  CPU_COMPRESSION: 3219.9950348030511
  CPU_SINGLETHREAD: 171.02292341935012
  CPU_PHYSICS: 33.875295418184756
  CPU_MATRIX_MULT_SSE: 301.19909040517672
  CPU_mm: 91.204460928832319
  CPU_sse: 213.51933845128104
  CPU_fma: 388.87884235907239
  CPU_avx: 0
  CPU_avx512: 0
  m_CPU_enc_SHA: 199126624.77482337
  m_CPU_enc_AES: 107391920.7970838
  m_CPU_enc_ECDSA: 110668099.16892499
  ME_ALLOC_S: 0
  ME_READ_S: 0
  ME_READ_L: 0
  ME_WRITE: 0
  ME_LARGE: 0
  ME_LATENCY: 0
  ME_THREADED: 0
  SUMM_CPU: 458.38962698278436
  SUMM_ME: 0
SystemInformation:
  OSName: Ubuntu 18.04.6 LTS
  Kernel: 4.9.337-tegra
  Device: quill
  Processor: ARM Cortex-A57 6 Core 2035 MHz
  NumSockets: 2
  Manufacturer: ARM
  NumCores: 6
  NumLogicals: 6
  CPUFrequency: 2035
  Memory: 7850
Checksum: 62B27659BAFC3B60D11FE9400C2765ABE9EEF217