BaselineInfo:
  WebDBID: -1
  TimeStamp: 20240828194509
Version:
  Major: 11
  Minor: 0
  Build: 1002
  SpecialBuildName: ""
  ptArchitecture: aarch64_linux
Results:
  Results Complete: true
  NumTestProcesses: 6
  CPU_INTEGER_MATH: 9078.0600000000013
  CPU_FLOATINGPOINT_MATH: 2449.9362726039653
  CPU_PRIME: 5.36318602763175
  CPU_SORTING: 3321.3173560726791
  CPU_ENCRYPTION: 249.86623457851391
  CPU_COMPRESSION: 6552.3611885841092
  CPU_SINGLETHREAD: 314.24604592184681
  CPU_PHYSICS: 92.971089244020447
  CPU_MATRIX_MULT_SSE: 541.23461784818358
  CPU_mm: 162.12639129184947
  CPU_sse: 379.8342309670337
  CPU_fma: 702.63500472933356
  CPU_avx: 0
  CPU_avx512: 0
  m_CPU_enc_SHA: 364828957.03774661
  m_CPU_enc_AES: 194227823.46875528
  m_CPU_enc_ECDSA: 226954429.86169752
  ME_ALLOC_S: 0
  ME_READ_S: 0
  ME_READ_L: 0
  ME_WRITE: 0
  ME_LARGE: 0
  ME_LATENCY: 0
  ME_THREADED: 0
  SUMM_CPU: 913.40234829475662
  SUMM_ME: 0
SystemInformation:
  OSName: Ubuntu 18.04.6 LTS
  Kernel: 4.9.337-tegra
  Device: quill
  Processor: ARM Cortex-A57 6 Core 2035 MHz
  NumSockets: 2
  Manufacturer: ARM
  NumCores: 6
  NumLogicals: 6
  CPUFrequency: 2035
  Memory: 7850
Checksum: AC4FD772A42A44D434E56E03965C1F35C2BB4077