BaselineInfo:
  WebDBID: -1
  TimeStamp: 20240827212439
Version:
  Major: 11
  Minor: 0
  Build: 1002
  SpecialBuildName: ""
  ptArchitecture: aarch64_linux
Results:
  Results Complete: true
  NumTestProcesses: 6
  CPU_INTEGER_MATH: 1800.0393333333334
  CPU_FLOATINGPOINT_MATH: 395.25370316544229
  CPU_PRIME: 0.77496855279794385
  CPU_SORTING: 589.90515521928592
  CPU_ENCRYPTION: 55.434788045067776
  CPU_COMPRESSION: 0
  CPU_SINGLETHREAD: 205.8791220992608
  CPU_PHYSICS: 189.62568661537958
  CPU_MATRIX_MULT_SSE: 105.6057068296216
  CPU_mm: 30.684796547352153
  CPU_sse: 75.257046684617748
  CPU_fma: 135.95436697462543
  CPU_avx: 0
  CPU_avx512: 0
  m_CPU_enc_SHA: 85676891.06283769
  m_CPU_enc_AES: 43201464.540202357
  m_CPU_enc_ECDSA: 45504409.324394904
  ME_ALLOC_S: 0
  ME_READ_S: 0
  ME_READ_L: 0
  ME_WRITE: 0
  ME_LARGE: 0
  ME_LATENCY: 0
  ME_THREADED: 0
  SUMM_CPU: 0
  SUMM_ME: 0
SystemInformation:
  OSName: Ubuntu 18.04.6 LTS
  Kernel: 4.9.337-tegra
  Device: quill
  Processor: ARM Cortex-A57 6 Core 2035 MHz
  NumSockets: 2
  Manufacturer: ARM
  NumCores: 6
  NumLogicals: 6
  CPUFrequency: 2035
  Memory: 7850
Checksum: D34C1EDDF569FDDF680A35A4C57FCBF2A37F3C4D