BaselineInfo:
  WebDBID: -1
  TimeStamp: 20240828172452
Version:
  Major: 11
  Minor: 0
  Build: 1002
  SpecialBuildName: ""
  ptArchitecture: aarch64_linux
Results:
  Results Complete: true
  NumTestProcesses: 6
  CPU_INTEGER_MATH: 7691.7139999999999
  CPU_FLOATINGPOINT_MATH: 1651.9712925518622
  CPU_PRIME: 0.96062559670278946
  CPU_SORTING: 916.02598753006475
  CPU_ENCRYPTION: 191.49441222093654
  CPU_COMPRESSION: 4221.7407005344048
  CPU_SINGLETHREAD: 227.15739892907126
  CPU_PHYSICS: 17.008060955511905
  CPU_MATRIX_MULT_SSE: 454.79416068153591
  CPU_mm: 138.40738211262791
  CPU_sse: 322.83821325855979
  CPU_fma: 586.75010810451204
  CPU_avx: 0
  CPU_avx512: 0
  m_CPU_enc_SHA: 292269704.05848521
  m_CPU_enc_AES: 157689173.24412805
  m_CPU_enc_ECDSA: 152430457.06432888
  ME_ALLOC_S: 0
  ME_READ_S: 0
  ME_READ_L: 0
  ME_WRITE: 0
  ME_LARGE: 0
  ME_LATENCY: 0
  ME_THREADED: 0
  SUMM_CPU: 508.09888156769949
  SUMM_ME: 0
SystemInformation:
  OSName: Ubuntu 18.04.6 LTS
  Kernel: 4.9.337-tegra
  Device: quill
  Processor: ARM Cortex-A57 6 Core 2035 MHz
  NumSockets: 2
  Manufacturer: ARM
  NumCores: 6
  NumLogicals: 6
  CPUFrequency: 2035
  Memory: 7850
Checksum: 724F20FC19661E8EFBC6190E0CD54EBAB715ACD7