BaselineInfo:
  WebDBID: -1
  TimeStamp: 20240828092150
Version:
  Major: 11
  Minor: 0
  Build: 1002
  SpecialBuildName: ""
  ptArchitecture: aarch64_linux
Results:
  Results Complete: true
  NumTestProcesses: 6
  CPU_INTEGER_MATH: 5146.032666666667
  CPU_FLOATINGPOINT_MATH: 1390.5054582253927
  CPU_PRIME: 5.7924438390897741
  CPU_SORTING: 2255.2182288918843
  CPU_ENCRYPTION: 140.92145179056476
  CPU_COMPRESSION: 3514.6938881529122
  CPU_SINGLETHREAD: 183.26591252248159
  CPU_PHYSICS: 97.329396966045877
  CPU_MATRIX_MULT_SSE: 306.45398700229555
  CPU_mm: 92.047873561301145
  CPU_sse: 215.49567954896347
  CPU_fma: 397.4122944556276
  CPU_avx: 0
  CPU_avx512: 0
  m_CPU_enc_SHA: 217169247.35888556
  m_CPU_enc_AES: 113664418.7872235
  m_CPU_enc_ECDSA: 112466890.55212067
  ME_ALLOC_S: 0
  ME_READ_S: 0
  ME_READ_L: 0
  ME_WRITE: 0
  ME_LARGE: 0
  ME_LATENCY: 0
  ME_THREADED: 0
  SUMM_CPU: 532.47207138700821
  SUMM_ME: 0
SystemInformation:
  OSName: Ubuntu 18.04.6 LTS
  Kernel: 4.9.337-tegra
  Device: quill
  Processor: ARM Cortex-A57 6 Core 2035 MHz
  NumSockets: 2
  Manufacturer: ARM
  NumCores: 6
  NumLogicals: 6
  CPUFrequency: 2035
  Memory: 7850
Checksum: E8736EF0669B34C08D1541501430DEE24EC00B91