BaselineInfo:
  WebDBID: -1
  TimeStamp: 20240828091940
Version:
  Major: 11
  Minor: 0
  Build: 1002
  SpecialBuildName: ""
  ptArchitecture: aarch64_linux
Results:
  Results Complete: true
  NumTestProcesses: 6
  CPU_INTEGER_MATH: 5134.152
  CPU_FLOATINGPOINT_MATH: 1384.5287512911302
  CPU_PRIME: 5.1199334367202285
  CPU_SORTING: 2165.4526735978316
  CPU_ENCRYPTION: 141.67590961289835
  CPU_COMPRESSION: 3600.0677345941863
  CPU_SINGLETHREAD: 182.51763913844135
  CPU_PHYSICS: 87.320450477356616
  CPU_MATRIX_MULT_SSE: 306.69276776891513
  CPU_mm: 92.066675244356801
  CPU_sse: 215.52785326086212
  CPU_fma: 397.85768227696803
  CPU_avx: 0
  CPU_avx512: 0
  m_CPU_enc_SHA: 216316704.08470842
  m_CPU_enc_AES: 113650216.0682911
  m_CPU_enc_ECDSA: 115706955.64176404
  ME_ALLOC_S: 0
  ME_READ_S: 0
  ME_READ_L: 0
  ME_WRITE: 0
  ME_LARGE: 0
  ME_LATENCY: 0
  ME_THREADED: 0
  SUMM_CPU: 533.06210855267841
  SUMM_ME: 0
SystemInformation:
  OSName: Ubuntu 18.04.6 LTS
  Kernel: 4.9.337-tegra
  Device: quill
  Processor: ARM Cortex-A57 6 Core 2035 MHz
  NumSockets: 2
  Manufacturer: ARM
  NumCores: 6
  NumLogicals: 6
  CPUFrequency: 2035
  Memory: 7850
Checksum: 900DF6357E364674C0522DE43CE6C87786C286AB