BaselineInfo:
  WebDBID: -1
  TimeStamp: 20240827202732
Version:
  Major: 11
  Minor: 0
  Build: 1002
  SpecialBuildName: ""
  ptArchitecture: aarch64_linux
Results:
  Results Complete: true
  NumTestProcesses: 6
  CPU_INTEGER_MATH: 1850.1653333333334
  CPU_FLOATINGPOINT_MATH: 442.92722728703859
  CPU_PRIME: 1.2357583729953445
  CPU_SORTING: 841.808622087662
  CPU_ENCRYPTION: 56.325305900717453
  CPU_COMPRESSION: 0
  CPU_SINGLETHREAD: 227.55805928838711
  CPU_PHYSICS: 22.537241431104583
  CPU_MATRIX_MULT_SSE: 108.28798829164714
  CPU_mm: 33.153231905833756
  CPU_sse: 77.803071482546372
  CPU_fma: 138.77290510074786
  CPU_avx: 0
  CPU_avx512: 0
  m_CPU_enc_SHA: 81568191.137514248
  m_CPU_enc_AES: 47797642.159597628
  m_CPU_enc_ECDSA: 47818258.583340243
  ME_ALLOC_S: 0
  ME_READ_S: 0
  ME_READ_L: 0
  ME_WRITE: 0
  ME_LARGE: 0
  ME_LATENCY: 0
  ME_THREADED: 0
  SUMM_CPU: 0
  SUMM_ME: 0
SystemInformation:
  OSName: Ubuntu 18.04.6 LTS
  Kernel: 4.9.337-tegra
  Device: quill
  Processor: ARM Cortex-A57 6 Core 2035 MHz
  NumSockets: 2
  Manufacturer: ARM
  NumCores: 6
  NumLogicals: 6
  CPUFrequency: 2035
  Memory: 7850
Checksum: 7DD1011281D4659B53C244F3C2207ED1011FB769