BaselineInfo:
  WebDBID: -1
  TimeStamp: 20240828075907
Version:
  Major: 11
  Minor: 0
  Build: 1002
  SpecialBuildName: ""
  ptArchitecture: aarch64_linux
Results:
  Results Complete: true
  NumTestProcesses: 6
  CPU_INTEGER_MATH: 4510.8193333333338
  CPU_FLOATINGPOINT_MATH: 703.93473588071686
  CPU_PRIME: 0
  CPU_SORTING: 112.28348031723249
  CPU_ENCRYPTION: 93.319146120642998
  CPU_COMPRESSION: 1738.7124642190192
  CPU_SINGLETHREAD: 126.89032979414482
  CPU_PHYSICS: 5.1135024180173669
  CPU_MATRIX_MULT_SSE: 272.91801730253542
  CPU_mm: 82.402708955047899
  CPU_sse: 197.81725698046924
  CPU_fma: 348.01877762460151
  CPU_avx: 0
  CPU_avx512: 0
  m_CPU_enc_SHA: 135107251.83834973
  m_CPU_enc_AES: 85476515.304480627
  m_CPU_enc_ECDSA: 72972883.744967699
  ME_ALLOC_S: 0
  ME_READ_S: 0
  ME_READ_L: 0
  ME_WRITE: 0
  ME_LARGE: 0
  ME_LATENCY: 0
  ME_THREADED: 0
  SUMM_CPU: 0
  SUMM_ME: 0
SystemInformation:
  OSName: Ubuntu 18.04.6 LTS
  Kernel: 4.9.337-tegra
  Device: quill
  Processor: ARM Cortex-A57 6 Core 2035 MHz
  NumSockets: 2
  Manufacturer: ARM
  NumCores: 6
  NumLogicals: 6
  CPUFrequency: 2035
  Memory: 7850
Checksum: F4211F67DD1522AF17276BF0D23BB5E7C52CC75B