BaselineInfo:
  WebDBID: -1
  TimeStamp: 20240828143319
Version:
  Major: 11
  Minor: 0
  Build: 1002
  SpecialBuildName: ""
  ptArchitecture: aarch64_linux
Results:
  Results Complete: true
  NumTestProcesses: 6
  CPU_INTEGER_MATH: 7078.7000000000007
  CPU_FLOATINGPOINT_MATH: 1839.4485921953935
  CPU_PRIME: 3.7904276851002097
  CPU_SORTING: 2453.7213277605656
  CPU_ENCRYPTION: 194.61265199221586
  CPU_COMPRESSION: 4885.6913902696579
  CPU_SINGLETHREAD: 243.81208473770428
  CPU_PHYSICS: 62.621049713331445
  CPU_MATRIX_MULT_SSE: 423.6018536444613
  CPU_mm: 126.7817867733113
  CPU_sse: 299.42961654925261
  CPU_fma: 547.77409073966999
  CPU_avx: 0
  CPU_avx512: 0
  m_CPU_enc_SHA: 282359779.71623588
  m_CPU_enc_AES: 157965223.73853862
  m_CPU_enc_ECDSA: 171873465.07139471
  ME_ALLOC_S: 0
  ME_READ_S: 0
  ME_READ_L: 0
  ME_WRITE: 0
  ME_LARGE: 0
  ME_LATENCY: 0
  ME_THREADED: 0
  SUMM_CPU: 692.63853256951495
  SUMM_ME: 0
SystemInformation:
  OSName: Ubuntu 18.04.6 LTS
  Kernel: 4.9.337-tegra
  Device: quill
  Processor: ARM Cortex-A57 6 Core 2035 MHz
  NumSockets: 2
  Manufacturer: ARM
  NumCores: 6
  NumLogicals: 6
  CPUFrequency: 2035
  Memory: 7850
Checksum: E48063E6DA70A60D9D38D31BD05FD0C95104A698