BaselineInfo:
  WebDBID: -1
  TimeStamp: 20240828160612
Version:
  Major: 11
  Minor: 0
  Build: 1002
  SpecialBuildName: ""
  ptArchitecture: aarch64_linux
Results:
  Results Complete: true
  NumTestProcesses: 6
  CPU_INTEGER_MATH: 7935.054666666666
  CPU_FLOATINGPOINT_MATH: 2159.5938463217085
  CPU_PRIME: 7.5477232097458575
  CPU_SORTING: 3282.2326815826491
  CPU_ENCRYPTION: 224.19108731915367
  CPU_COMPRESSION: 5792.8986099114445
  CPU_SINGLETHREAD: 278.61743064233463
  CPU_PHYSICS: 124.98541794809265
  CPU_MATRIX_MULT_SSE: 474.64121887171632
  CPU_mm: 141.42240077842564
  CPU_sse: 333.39817415904082
  CPU_fma: 615.88426358439187
  CPU_avx: 0
  CPU_avx512: 0
  m_CPU_enc_SHA: 336735864.66764277
  m_CPU_enc_AES: 175566245.44105548
  m_CPU_enc_ECDSA: 192942070.62160838
  ME_ALLOC_S: 0
  ME_READ_S: 0
  ME_READ_L: 0
  ME_WRITE: 0
  ME_LARGE: 0
  ME_LATENCY: 0
  ME_THREADED: 0
  SUMM_CPU: 836.21464925530017
  SUMM_ME: 0
SystemInformation:
  OSName: Ubuntu 18.04.6 LTS
  Kernel: 4.9.337-tegra
  Device: quill
  Processor: ARM Cortex-A57 6 Core 2035 MHz
  NumSockets: 2
  Manufacturer: ARM
  NumCores: 6
  NumLogicals: 6
  CPUFrequency: 2035
  Memory: 7850
Checksum: 6F1BBCCF36700A62662BB9E99647B90E6B60E05D