BaselineInfo:
  WebDBID: -1
  TimeStamp: 20240828101728
Version:
  Major: 11
  Minor: 0
  Build: 1002
  SpecialBuildName: ""
  ptArchitecture: aarch64_linux
Results:
  Results Complete: true
  NumTestProcesses: 6
  CPU_INTEGER_MATH: 6148.079333333334
  CPU_FLOATINGPOINT_MATH: 1671.7720947442169
  CPU_PRIME: 6.6316658437252523
  CPU_SORTING: 2684.9913123166339
  CPU_ENCRYPTION: 167.29172469486625
  CPU_COMPRESSION: 4343.971692371666
  CPU_SINGLETHREAD: 218.49786608567484
  CPU_PHYSICS: 111.7167903452533
  CPU_MATRIX_MULT_SSE: 365.75427080288358
  CPU_mm: 110.4162142115086
  CPU_sse: 256.48950266596285
  CPU_fma: 475.0190389398042
  CPU_avx: 0
  CPU_avx512: 0
  m_CPU_enc_SHA: 254040549.22372317
  m_CPU_enc_AES: 127534315.37678355
  m_CPU_enc_ECDSA: 144679397.94042549
  ME_ALLOC_S: 0
  ME_READ_S: 0
  ME_READ_L: 0
  ME_WRITE: 0
  ME_LARGE: 0
  ME_LATENCY: 0
  ME_THREADED: 0
  SUMM_CPU: 640.21166401238327
  SUMM_ME: 0
SystemInformation:
  OSName: Ubuntu 18.04.6 LTS
  Kernel: 4.9.337-tegra
  Device: quill
  Processor: ARM Cortex-A57 6 Core 2035 MHz
  NumSockets: 2
  Manufacturer: ARM
  NumCores: 6
  NumLogicals: 6
  CPUFrequency: 2035
  Memory: 7850
Checksum: A4850BAEDD354F2AC504BFF1FBCBBCC71A8B0F36