BaselineInfo:
  WebDBID: -1
  TimeStamp: 20240828193234
Version:
  Major: 11
  Minor: 0
  Build: 1002
  SpecialBuildName: ""
  ptArchitecture: aarch64_linux
Results:
  Results Complete: true
  NumTestProcesses: 6
  CPU_INTEGER_MATH: 9039.5780000000013
  CPU_FLOATINGPOINT_MATH: 2355.53211665048
  CPU_PRIME: 4.0482784664175657
  CPU_SORTING: 2837.2316035004956
  CPU_ENCRYPTION: 240.79732128218566
  CPU_COMPRESSION: 6083.1083820423792
  CPU_SINGLETHREAD: 305.62269369020913
  CPU_PHYSICS: 68.113761755272947
  CPU_MATRIX_MULT_SSE: 535.53554008688116
  CPU_mm: 161.76239910304361
  CPU_sse: 377.24946045682077
  CPU_fma: 693.82161971694143
  CPU_avx: 0
  CPU_avx512: 0
  m_CPU_enc_SHA: 360067083.83927631
  m_CPU_enc_AES: 194367033.96778214
  m_CPU_enc_ECDSA: 203048758.07530895
  ME_ALLOC_S: 0
  ME_READ_S: 0
  ME_READ_L: 0
  ME_WRITE: 0
  ME_LARGE: 0
  ME_LATENCY: 0
  ME_THREADED: 0
  SUMM_CPU: 851.98660044280109
  SUMM_ME: 0
SystemInformation:
  OSName: Ubuntu 18.04.6 LTS
  Kernel: 4.9.337-tegra
  Device: quill
  Processor: ARM Cortex-A57 6 Core 2035 MHz
  NumSockets: 2
  Manufacturer: ARM
  NumCores: 6
  NumLogicals: 6
  CPUFrequency: 2035
  Memory: 7850
Checksum: 05E1DE6D6D0666DDB7A7270995D2415C079E71ED