BaselineInfo:
  WebDBID: -1
  TimeStamp: 20240828164952
Version:
  Major: 11
  Minor: 0
  Build: 1002
  SpecialBuildName: ""
  ptArchitecture: aarch64_linux
Results:
  Results Complete: true
  NumTestProcesses: 6
  CPU_INTEGER_MATH: 7842.7546666666667
  CPU_FLOATINGPOINT_MATH: 2035.9728962208637
  CPU_PRIME: 3.9579764671687756
  CPU_SORTING: 2644.3394879993048
  CPU_ENCRYPTION: 212.79929373265227
  CPU_COMPRESSION: 5325.1858313028852
  CPU_SINGLETHREAD: 268.86238494229895
  CPU_PHYSICS: 64.567642500524073
  CPU_MATRIX_MULT_SSE: 470.84398906221963
  CPU_mm: 140.70273074032045
  CPU_sse: 330.79055746759605
  CPU_fma: 610.89742065684311
  CPU_avx: 0
  CPU_avx512: 0
  m_CPU_enc_SHA: 313817781.10499376
  m_CPU_enc_AES: 173506830.46468121
  m_CPU_enc_ECDSA: 182084085.10535368
  ME_ALLOC_S: 0
  ME_READ_S: 0
  ME_READ_L: 0
  ME_WRITE: 0
  ME_LARGE: 0
  ME_LATENCY: 0
  ME_THREADED: 0
  SUMM_CPU: 756.10002110439746
  SUMM_ME: 0
SystemInformation:
  OSName: Ubuntu 18.04.6 LTS
  Kernel: 4.9.337-tegra
  Device: quill
  Processor: ARM Cortex-A57 6 Core 2035 MHz
  NumSockets: 2
  Manufacturer: ARM
  NumCores: 6
  NumLogicals: 6
  CPUFrequency: 2035
  Memory: 7850
Checksum: 07FA9050D56310B8D7E6FE429AFBF54ED4DA02C4