BaselineInfo:
  WebDBID: -1
  TimeStamp: 20240828124821
Version:
  Major: 11
  Minor: 0
  Build: 1002
  SpecialBuildName: ""
  ptArchitecture: aarch64_linux
Results:
  Results Complete: true
  NumTestProcesses: 6
  CPU_INTEGER_MATH: 6684.6500000000005
  CPU_FLOATINGPOINT_MATH: 1181.6484251337465
  CPU_PRIME: 0.57883732273638178
  CPU_SORTING: 523.57252826483364
  CPU_ENCRYPTION: 156.6568669750842
  CPU_COMPRESSION: 3197.0428201352015
  CPU_SINGLETHREAD: 191.82510388103088
  CPU_PHYSICS: 10.27981060866246
  CPU_MATRIX_MULT_SSE: 391.89533360853977
  CPU_mm: 121.60999335618098
  CPU_sse: 274.17570348417991
  CPU_fma: 509.61496373289953
  CPU_avx: 0
  CPU_avx512: 0
  m_CPU_enc_SHA: 230126935.09364626
  m_CPU_enc_AES: 133667169.86474369
  m_CPU_enc_ECDSA: 129005787.87740774
  ME_ALLOC_S: 0
  ME_READ_S: 0
  ME_READ_L: 0
  ME_WRITE: 0
  ME_LARGE: 0
  ME_LATENCY: 0
  ME_THREADED: 0
  SUMM_CPU: 362.76236546649795
  SUMM_ME: 0
SystemInformation:
  OSName: Ubuntu 18.04.6 LTS
  Kernel: 4.9.337-tegra
  Device: quill
  Processor: ARM Cortex-A57 6 Core 2035 MHz
  NumSockets: 2
  Manufacturer: ARM
  NumCores: 6
  NumLogicals: 6
  CPUFrequency: 2035
  Memory: 7850
Checksum: CB19F0FB6D74EB5CD41FCC7987BC24EE6C902246