BaselineInfo:
  WebDBID: -1
  TimeStamp: 20240828140757
Version:
  Major: 11
  Minor: 0
  Build: 1002
  SpecialBuildName: ""
  ptArchitecture: aarch64_linux
Results:
  Results Complete: true
  NumTestProcesses: 6
  CPU_INTEGER_MATH: 7078.6526666666659
  CPU_FLOATINGPOINT_MATH: 1859.9406294427547
  CPU_PRIME: 3.7897748760171091
  CPU_SORTING: 2448.4666636009015
  CPU_ENCRYPTION: 193.80451502811326
  CPU_COMPRESSION: 4749.16617819979
  CPU_SINGLETHREAD: 242.41823811609515
  CPU_PHYSICS: 63.057829286117624
  CPU_MATRIX_MULT_SSE: 420.93264644430519
  CPU_mm: 126.85668960957068
  CPU_sse: 299.25625489142215
  CPU_fma: 542.60903799718824
  CPU_avx: 0
  CPU_avx512: 0
  m_CPU_enc_SHA: 287666006.90270013
  m_CPU_enc_AES: 155559454.38901973
  m_CPU_enc_ECDSA: 166430828.15863687
  ME_ALLOC_S: 0
  ME_READ_S: 0
  ME_READ_L: 0
  ME_WRITE: 0
  ME_LARGE: 0
  ME_LATENCY: 0
  ME_THREADED: 0
  SUMM_CPU: 686.51167990039949
  SUMM_ME: 0
SystemInformation:
  OSName: Ubuntu 18.04.6 LTS
  Kernel: 4.9.337-tegra
  Device: quill
  Processor: ARM Cortex-A57 6 Core 2035 MHz
  NumSockets: 2
  Manufacturer: ARM
  NumCores: 6
  NumLogicals: 6
  CPUFrequency: 2035
  Memory: 7850
Checksum: 8AD3862548E5C9685D63D7EA54E5767DFBA155B4