BaselineInfo:
  WebDBID: -1
  TimeStamp: 20240827223345
Version:
  Major: 11
  Minor: 0
  Build: 1002
  SpecialBuildName: ""
  ptArchitecture: aarch64_linux
Results:
  Results Complete: true
  NumTestProcesses: 6
  CPU_INTEGER_MATH: 1831.0899999999999
  CPU_FLOATINGPOINT_MATH: 505.93853758733633
  CPU_PRIME: 2.3865668788933272
  CPU_SORTING: 793.97967980651708
  CPU_ENCRYPTION: 56.833722377642566
  CPU_COMPRESSION: 0
  CPU_SINGLETHREAD: 233.73594014340102
  CPU_PHYSICS: 46.8212297012969
  CPU_MATRIX_MULT_SSE: 111.27486375765503
  CPU_mm: 33.332208841980844
  CPU_sse: 78.214004045751466
  CPU_fma: 144.33572346955862
  CPU_avx: 0
  CPU_avx512: 0
  m_CPU_enc_SHA: 85742805.073480666
  m_CPU_enc_AES: 48043468.396585137
  m_CPU_enc_ECDSA: 44997158.357510991
  ME_ALLOC_S: 0
  ME_READ_S: 0
  ME_READ_L: 0
  ME_WRITE: 0
  ME_LARGE: 0
  ME_LATENCY: 0
  ME_THREADED: 0
  SUMM_CPU: 0
  SUMM_ME: 0
SystemInformation:
  OSName: Ubuntu 18.04.6 LTS
  Kernel: 4.9.337-tegra
  Device: quill
  Processor: ARM Cortex-A57 6 Core 2035 MHz
  NumSockets: 2
  Manufacturer: ARM
  NumCores: 6
  NumLogicals: 6
  CPUFrequency: 2035
  Memory: 7850
Checksum: CC36A66DEFA784E92E4BFD13BC35F3283371D4C0