BaselineInfo:
  WebDBID: -1
  TimeStamp: 20240827201415
Version:
  Major: 11
  Minor: 0
  Build: 1002
  SpecialBuildName: ""
  ptArchitecture: aarch64_linux
Results:
  Results Complete: true
  NumTestProcesses: 6
  CPU_INTEGER_MATH: 1840.0833333333333
  CPU_FLOATINGPOINT_MATH: 497.41079367597695
  CPU_PRIME: 2.2966383550700131
  CPU_SORTING: 800.69920191363349
  CPU_ENCRYPTION: 63.187047069956954
  CPU_COMPRESSION: 0
  CPU_SINGLETHREAD: 243.70500434707819
  CPU_PHYSICS: 43.057302882170781
  CPU_MATRIX_MULT_SSE: 102.47592257054583
  CPU_mm: 33.463340629908565
  CPU_sse: 76.532582554855495
  CPU_fma: 128.41926258623616
  CPU_avx: 0
  CPU_avx512: 0
  m_CPU_enc_SHA: 94116067.019303679
  m_CPU_enc_AES: 45875812.460052274
  m_CPU_enc_ECDSA: 58777383.725925595
  ME_ALLOC_S: 0
  ME_READ_S: 0
  ME_READ_L: 0
  ME_WRITE: 0
  ME_LARGE: 0
  ME_LATENCY: 0
  ME_THREADED: 0
  SUMM_CPU: 0
  SUMM_ME: 0
SystemInformation:
  OSName: Ubuntu 18.04.6 LTS
  Kernel: 4.9.337-tegra
  Device: quill
  Processor: ARM Cortex-A57 6 Core 2035 MHz
  NumSockets: 2
  Manufacturer: ARM
  NumCores: 6
  NumLogicals: 6
  CPUFrequency: 2035
  Memory: 7850
Checksum: 7F0FE2EB510312A9A785CB0A027A171612466D34