BaselineInfo:
  WebDBID: -1
  TimeStamp: 20240828151651
Version:
  Major: 11
  Minor: 0
  Build: 1002
  SpecialBuildName: ""
  ptArchitecture: aarch64_linux
Results:
  Results Complete: true
  NumTestProcesses: 6
  CPU_INTEGER_MATH: 7126.1753333333336
  CPU_FLOATINGPOINT_MATH: 1871.659232389515
  CPU_PRIME: 7.1424570259481666
  CPU_SORTING: 3018.8372695152898
  CPU_ENCRYPTION: 196.68646516326245
  CPU_COMPRESSION: 5145.6198275029719
  CPU_SINGLETHREAD: 251.5867834589896
  CPU_PHYSICS: 119.25398556428647
  CPU_MATRIX_MULT_SSE: 418.69875269774229
  CPU_mm: 127.82729205747719
  CPU_sse: 300.93230428037447
  CPU_fma: 536.46520111511006
  CPU_avx: 0
  CPU_avx512: 0
  m_CPU_enc_SHA: 289461202.70764339
  m_CPU_enc_AES: 157723669.65255529
  m_CPU_enc_ECDSA: 171537248.32490063
  ME_ALLOC_S: 0
  ME_READ_S: 0
  ME_READ_L: 0
  ME_WRITE: 0
  ME_LARGE: 0
  ME_LATENCY: 0
  ME_THREADED: 0
  SUMM_CPU: 741.97993209709421
  SUMM_ME: 0
SystemInformation:
  OSName: Ubuntu 18.04.6 LTS
  Kernel: 4.9.337-tegra
  Device: quill
  Processor: ARM Cortex-A57 6 Core 2035 MHz
  NumSockets: 2
  Manufacturer: ARM
  NumCores: 6
  NumLogicals: 6
  CPUFrequency: 2035
  Memory: 7850
Checksum: 3C82447BEFCAE1F7D15BEC034A7770435ED2F7E0