BaselineInfo:
  WebDBID: -1
  TimeStamp: 20240828190954
Version:
  Major: 11
  Minor: 0
  Build: 1002
  SpecialBuildName: ""
  ptArchitecture: aarch64_linux
Results:
  Results Complete: true
  NumTestProcesses: 6
  CPU_INTEGER_MATH: 8925.4573333333337
  CPU_FLOATINGPOINT_MATH: 2420.4715800831086
  CPU_PRIME: 5.4137831436306376
  CPU_SORTING: 3404.2190198975377
  CPU_ENCRYPTION: 247.86859131327574
  CPU_COMPRESSION: 6078.8542268181864
  CPU_SINGLETHREAD: 311.83741309646427
  CPU_PHYSICS: 93.936225207518575
  CPU_MATRIX_MULT_SSE: 539.93803199661966
  CPU_mm: 161.9229342009483
  CPU_sse: 377.81694170815831
  CPU_fma: 702.059122285081
  CPU_avx: 0
  CPU_avx512: 0
  m_CPU_enc_SHA: 376176566.07439041
  m_CPU_enc_AES: 198818535.61503506
  m_CPU_enc_ECDSA: 204732066.32530287
  ME_ALLOC_S: 0
  ME_READ_S: 0
  ME_READ_L: 0
  ME_WRITE: 0
  ME_LARGE: 0
  ME_LATENCY: 0
  ME_THREADED: 0
  SUMM_CPU: 892.12410970280428
  SUMM_ME: 0
SystemInformation:
  OSName: Ubuntu 18.04.6 LTS
  Kernel: 4.9.337-tegra
  Device: quill
  Processor: ARM Cortex-A57 6 Core 2035 MHz
  NumSockets: 2
  Manufacturer: ARM
  NumCores: 6
  NumLogicals: 6
  CPUFrequency: 2035
  Memory: 7850
Checksum: A144F824665FD4205D967CA0913692C1A6556D6D