BaselineInfo:
  WebDBID: -1
  TimeStamp: 20240828053723
Version:
  Major: 11
  Minor: 0
  Build: 1002
  SpecialBuildName: ""
  ptArchitecture: aarch64_linux
Results:
  Results Complete: true
  NumTestProcesses: 6
  CPU_INTEGER_MATH: 4137.9273333333331
  CPU_FLOATINGPOINT_MATH: 1107.6638559229871
  CPU_PRIME: 4.0890421264459285
  CPU_SORTING: 1688.570380582717
  CPU_ENCRYPTION: 116.01192273592572
  CPU_COMPRESSION: 2761.0828242625348
  CPU_SINGLETHREAD: 146.01326418102823
  CPU_PHYSICS: 65.915076514708119
  CPU_MATRIX_MULT_SSE: 245.69475807412977
  CPU_mm: 73.969015544476292
  CPU_sse: 173.48799257869675
  CPU_fma: 317.90152356956276
  CPU_avx: 0
  CPU_avx512: 0
  m_CPU_enc_SHA: 160015019.5746462
  m_CPU_enc_AES: 94766028.258313149
  m_CPU_enc_ECDSA: 110160905.85127878
  ME_ALLOC_S: 0
  ME_READ_S: 0
  ME_READ_L: 0
  ME_WRITE: 0
  ME_LARGE: 0
  ME_LATENCY: 0
  ME_THREADED: 0
  SUMM_CPU: 423.24053042973293
  SUMM_ME: 0
SystemInformation:
  OSName: Ubuntu 18.04.6 LTS
  Kernel: 4.9.337-tegra
  Device: quill
  Processor: ARM Cortex-A57 6 Core 2035 MHz
  NumSockets: 2
  Manufacturer: ARM
  NumCores: 6
  NumLogicals: 6
  CPUFrequency: 2035
  Memory: 7850
Checksum: AB0C0D8EFAABBD92E6475DCEBEDE7F8B877DEDF1