BaselineInfo:
  WebDBID: -1
  TimeStamp: 20240828125038
Version:
  Major: 11
  Minor: 0
  Build: 1002
  SpecialBuildName: ""
  ptArchitecture: aarch64_linux
Results:
  Results Complete: true
  NumTestProcesses: 6
  CPU_INTEGER_MATH: 6976.8386666666665
  CPU_FLOATINGPOINT_MATH: 1754.6748886773034
  CPU_PRIME: 2.012156877276944
  CPU_SORTING: 1659.5370369401392
  CPU_ENCRYPTION: 182.11566501224388
  CPU_COMPRESSION: 4409.3639785179248
  CPU_SINGLETHREAD: 231.11864750712218
  CPU_PHYSICS: 33.606253581085447
  CPU_MATRIX_MULT_SSE: 415.97516592753493
  CPU_mm: 124.73049061063027
  CPU_sse: 293.49335093978846
  CPU_fma: 538.45698091528141
  CPU_avx: 0
  CPU_avx512: 0
  m_CPU_enc_SHA: 271298806.73679996
  m_CPU_enc_AES: 152503799.32610118
  m_CPU_enc_ECDSA: 149083740.60473481
  ME_ALLOC_S: 0
  ME_READ_S: 0
  ME_READ_L: 0
  ME_WRITE: 0
  ME_LARGE: 0
  ME_LATENCY: 0
  ME_THREADED: 0
  SUMM_CPU: 600.0983178770847
  SUMM_ME: 0
SystemInformation:
  OSName: Ubuntu 18.04.6 LTS
  Kernel: 4.9.337-tegra
  Device: quill
  Processor: ARM Cortex-A57 6 Core 2035 MHz
  NumSockets: 2
  Manufacturer: ARM
  NumCores: 6
  NumLogicals: 6
  CPUFrequency: 2035
  Memory: 7850
Checksum: 715B57454990E5C4A6C0FA3D33028302B1DB609A