BaselineInfo:
  WebDBID: -1
  TimeStamp: 20240828160147
Version:
  Major: 11
  Minor: 0
  Build: 1002
  SpecialBuildName: ""
  ptArchitecture: aarch64_linux
Results:
  Results Complete: true
  NumTestProcesses: 6
  CPU_INTEGER_MATH: 7918.2040000000006
  CPU_FLOATINGPOINT_MATH: 2098.8482286480703
  CPU_PRIME: 5.0705543247875564
  CPU_SORTING: 3018.5689935104033
  CPU_ENCRYPTION: 210.77915443222523
  CPU_COMPRESSION: 5617.8302931752323
  CPU_SINGLETHREAD: 274.14742598460026
  CPU_PHYSICS: 89.236568816291097
  CPU_MATRIX_MULT_SSE: 468.8230667487552
  CPU_mm: 141.20937828634081
  CPU_sse: 331.12822731979827
  CPU_fma: 606.51790617771212
  CPU_avx: 0
  CPU_avx512: 0
  m_CPU_enc_SHA: 318987743.95259851
  m_CPU_enc_AES: 161369107.72918987
  m_CPU_enc_ECDSA: 182697036.23198676
  ME_ALLOC_S: 0
  ME_READ_S: 0
  ME_READ_L: 0
  ME_WRITE: 0
  ME_LARGE: 0
  ME_LATENCY: 0
  ME_THREADED: 0
  SUMM_CPU: 789.89282522451958
  SUMM_ME: 0
SystemInformation:
  OSName: Ubuntu 18.04.6 LTS
  Kernel: 4.9.337-tegra
  Device: quill
  Processor: ARM Cortex-A57 6 Core 2035 MHz
  NumSockets: 2
  Manufacturer: ARM
  NumCores: 6
  NumLogicals: 6
  CPUFrequency: 2035
  Memory: 7850
Checksum: 4FF4EABEAB6B7108C83E00E1C22A4520A36FFEC6