BaselineInfo:
  WebDBID: -1
  TimeStamp: 20240828093718
Version:
  Major: 11
  Minor: 0
  Build: 1002
  SpecialBuildName: ""
  ptArchitecture: aarch64_linux
Results:
  Results Complete: true
  NumTestProcesses: 6
  CPU_INTEGER_MATH: 5144.3760000000002
  CPU_FLOATINGPOINT_MATH: 1401.9617945265388
  CPU_PRIME: 5.8108526390706103
  CPU_SORTING: 2236.3096999955856
  CPU_ENCRYPTION: 142.93676538382849
  CPU_COMPRESSION: 3533.8549328860458
  CPU_SINGLETHREAD: 184.00702279603277
  CPU_PHYSICS: 101.81459918300642
  CPU_MATRIX_MULT_SSE: 305.12524366773744
  CPU_mm: 92.064622612081692
  CPU_sse: 215.1209058810544
  CPU_fma: 395.12958145442047
  CPU_avx: 0
  CPU_avx512: 0
  m_CPU_enc_SHA: 212308225.72756901
  m_CPU_enc_AES: 115767418.6013616
  m_CPU_enc_ECDSA: 121564540.76840937
  ME_ALLOC_S: 0
  ME_READ_S: 0
  ME_READ_L: 0
  ME_WRITE: 0
  ME_LARGE: 0
  ME_LATENCY: 0
  ME_THREADED: 0
  SUMM_CPU: 535.98745286762505
  SUMM_ME: 0
SystemInformation:
  OSName: Ubuntu 18.04.6 LTS
  Kernel: 4.9.337-tegra
  Device: quill
  Processor: ARM Cortex-A57 6 Core 2035 MHz
  NumSockets: 2
  Manufacturer: ARM
  NumCores: 6
  NumLogicals: 6
  CPUFrequency: 2035
  Memory: 7850
Checksum: C6C8CA6B8795BF215D6142AE501C2F0AC0631A10