BaselineInfo:
  WebDBID: -1
  TimeStamp: 20240828031927
Version:
  Major: 11
  Minor: 0
  Build: 1002
  SpecialBuildName: ""
  ptArchitecture: aarch64_linux
Results:
  Results Complete: true
  NumTestProcesses: 6
  CPU_INTEGER_MATH: 4144.9326666666675
  CPU_FLOATINGPOINT_MATH: 1123.6947539269331
  CPU_PRIME: 4.8511187459886917
  CPU_SORTING: 1745.4782167282958
  CPU_ENCRYPTION: 117.69366038182781
  CPU_COMPRESSION: 2951.6459281885709
  CPU_SINGLETHREAD: 147.29352495866192
  CPU_PHYSICS: 83.672567361122091
  CPU_MATRIX_MULT_SSE: 246.13384569739128
  CPU_mm: 74.132034581521964
  CPU_sse: 173.07703675992207
  CPU_fma: 319.19065463486044
  CPU_avx: 0
  CPU_avx512: 0
  m_CPU_enc_SHA: 173362849.59961906
  m_CPU_enc_AES: 90425390.315555468
  m_CPU_enc_ECDSA: 106444002.97043191
  ME_ALLOC_S: 0
  ME_READ_S: 0
  ME_READ_L: 0
  ME_WRITE: 0
  ME_LARGE: 0
  ME_LATENCY: 0
  ME_THREADED: 0
  SUMM_CPU: 438.75513556009787
  SUMM_ME: 0
SystemInformation:
  OSName: Ubuntu 18.04.6 LTS
  Kernel: 4.9.337-tegra
  Device: quill
  Processor: ARM Cortex-A57 6 Core 2035 MHz
  NumSockets: 2
  Manufacturer: ARM
  NumCores: 6
  NumLogicals: 6
  CPUFrequency: 2035
  Memory: 7850
Checksum: F80960D45AFBE25144AF51A8F1974ADEE709FFB1