BaselineInfo:
  WebDBID: -1
  TimeStamp: 20240828104221
Version:
  Major: 11
  Minor: 0
  Build: 1002
  SpecialBuildName: ""
  ptArchitecture: aarch64_linux
Results:
  Results Complete: true
  NumTestProcesses: 6
  CPU_INTEGER_MATH: 6149.3573333333325
  CPU_FLOATINGPOINT_MATH: 1667.9334709119332
  CPU_PRIME: 6.1272935905975769
  CPU_SORTING: 2662.7330411136477
  CPU_ENCRYPTION: 170.20659497587525
  CPU_COMPRESSION: 4269.2448781176308
  CPU_SINGLETHREAD: 217.0441659644963
  CPU_PHYSICS: 103.39773712289218
  CPU_MATRIX_MULT_SSE: 365.57848793092325
  CPU_mm: 109.86675950230122
  CPU_sse: 255.68451269139808
  CPU_fma: 475.47246317044835
  CPU_avx: 0
  CPU_avx512: 0
  m_CPU_enc_SHA: 252796318.09862638
  m_CPU_enc_AES: 134257878.48859778
  m_CPU_enc_ECDSA: 148369455.01304597
  ME_ALLOC_S: 0
  ME_READ_S: 0
  ME_READ_L: 0
  ME_WRITE: 0
  ME_LARGE: 0
  ME_LATENCY: 0
  ME_THREADED: 0
  SUMM_CPU: 637.42128003399682
  SUMM_ME: 0
SystemInformation:
  OSName: Ubuntu 18.04.6 LTS
  Kernel: 4.9.337-tegra
  Device: quill
  Processor: ARM Cortex-A57 6 Core 2035 MHz
  NumSockets: 2
  Manufacturer: ARM
  NumCores: 6
  NumLogicals: 6
  CPUFrequency: 2035
  Memory: 7850
Checksum: B0BDDDECE1D514014ECBCC6EF07F5D314834D4B1