BaselineInfo:
  WebDBID: -1
  TimeStamp: 20240828133523
Version:
  Major: 11
  Minor: 0
  Build: 1002
  SpecialBuildName: ""
  ptArchitecture: aarch64_linux
Results:
  Results Complete: true
  NumTestProcesses: 6
  CPU_INTEGER_MATH: 7106.1059999999998
  CPU_FLOATINGPOINT_MATH: 1934.9924194877331
  CPU_PRIME: 7.049764218741605
  CPU_SORTING: 3000.8392911680226
  CPU_ENCRYPTION: 195.35165987181296
  CPU_COMPRESSION: 4959.2362157661282
  CPU_SINGLETHREAD: 250.33845267298295
  CPU_PHYSICS: 118.69051898306137
  CPU_MATRIX_MULT_SSE: 421.6532005291217
  CPU_mm: 126.69197209106318
  CPU_sse: 299.77099654679438
  CPU_fma: 543.53540451144886
  CPU_avx: 0
  CPU_avx512: 0
  m_CPU_enc_SHA: 284671331.09485477
  m_CPU_enc_AES: 159710201.41020876
  m_CPU_enc_ECDSA: 170141653.80017486
  ME_ALLOC_S: 0
  ME_READ_S: 0
  ME_READ_L: 0
  ME_WRITE: 0
  ME_LARGE: 0
  ME_LATENCY: 0
  ME_THREADED: 0
  SUMM_CPU: 735.28691331066489
  SUMM_ME: 0
SystemInformation:
  OSName: Ubuntu 18.04.6 LTS
  Kernel: 4.9.337-tegra
  Device: quill
  Processor: ARM Cortex-A57 6 Core 2035 MHz
  NumSockets: 2
  Manufacturer: ARM
  NumCores: 6
  NumLogicals: 6
  CPUFrequency: 2035
  Memory: 7850
Checksum: 03B6A173826111E0E3E9C462BB741846B6FA4F09