BaselineInfo:
  WebDBID: -1
  TimeStamp: 20240828050031
Version:
  Major: 11
  Minor: 0
  Build: 1002
  SpecialBuildName: ""
  ptArchitecture: aarch64_linux
Results:
  Results Complete: true
  NumTestProcesses: 6
  CPU_INTEGER_MATH: 3771.8513333333335
  CPU_FLOATINGPOINT_MATH: 816.4841726017678
  CPU_PRIME: 0.57315440983518107
  CPU_SORTING: 515.63490249257939
  CPU_ENCRYPTION: 97.064410139507771
  CPU_COMPRESSION: 2035.5735128270053
  CPU_SINGLETHREAD: 120.82696788157608
  CPU_PHYSICS: 10.501417112000942
  CPU_MATRIX_MULT_SSE: 230.35764774006597
  CPU_mm: 71.088173867811506
  CPU_sse: 165.9290412013799
  CPU_fma: 294.7862542787521
  CPU_avx: 0
  CPU_avx512: 0
  m_CPU_enc_SHA: 141453305.43625432
  m_CPU_enc_AES: 83478488.242498741
  m_CPU_enc_ECDSA: 80406439.100580424
  ME_ALLOC_S: 0
  ME_READ_S: 0
  ME_READ_L: 0
  ME_WRITE: 0
  ME_LARGE: 0
  ME_LATENCY: 0
  ME_THREADED: 0
  SUMM_CPU: 266.69830561562907
  SUMM_ME: 0
SystemInformation:
  OSName: Ubuntu 18.04.6 LTS
  Kernel: 4.9.337-tegra
  Device: quill
  Processor: ARM Cortex-A57 6 Core 2035 MHz
  NumSockets: 2
  Manufacturer: ARM
  NumCores: 6
  NumLogicals: 6
  CPUFrequency: 2035
  Memory: 7850
Checksum: EF05340967F03C7042903BEB72B8465DDFC41109