BaselineInfo:
  WebDBID: -1
  TimeStamp: 20240828154026
Version:
  Major: 11
  Minor: 0
  Build: 1002
  SpecialBuildName: ""
  ptArchitecture: aarch64_linux
Results:
  Results Complete: true
  NumTestProcesses: 6
  CPU_INTEGER_MATH: 7939.4566666666669
  CPU_FLOATINGPOINT_MATH: 2147.4087103575248
  CPU_PRIME: 7.5093486205300959
  CPU_SORTING: 3289.7461782945434
  CPU_ENCRYPTION: 220.57381491489596
  CPU_COMPRESSION: 5693.1248159894376
  CPU_SINGLETHREAD: 278.58724329596566
  CPU_PHYSICS: 124.16103422434861
  CPU_MATRIX_MULT_SSE: 473.76772571780009
  CPU_mm: 141.37690642188707
  CPU_sse: 333.32804688117881
  CPU_fma: 614.20740455442137
  CPU_avx: 0
  CPU_avx512: 0
  m_CPU_enc_SHA: 326794892.75640076
  m_CPU_enc_AES: 179933518.66301343
  m_CPU_enc_ECDSA: 187136814.22519159
  ME_ALLOC_S: 0
  ME_READ_S: 0
  ME_READ_L: 0
  ME_WRITE: 0
  ME_LARGE: 0
  ME_LATENCY: 0
  ME_THREADED: 0
  SUMM_CPU: 827.46134714144
  SUMM_ME: 0
SystemInformation:
  OSName: Ubuntu 18.04.6 LTS
  Kernel: 4.9.337-tegra
  Device: quill
  Processor: ARM Cortex-A57 6 Core 2035 MHz
  NumSockets: 2
  Manufacturer: ARM
  NumCores: 6
  NumLogicals: 6
  CPUFrequency: 2035
  Memory: 7850
Checksum: 372A49EB688D04116F39C4FC1948C545C7ECFE95