BaselineInfo:
  WebDBID: -1
  TimeStamp: 20240828183852
Version:
  Major: 11
  Minor: 0
  Build: 1002
  SpecialBuildName: ""
  ptArchitecture: aarch64_linux
Results:
  Results Complete: true
  NumTestProcesses: 6
  CPU_INTEGER_MATH: 8261.0393333333323
  CPU_FLOATINGPOINT_MATH: 1079.9839897412651
  CPU_PRIME: 0
  CPU_SORTING: 0
  CPU_ENCRYPTION: 14.727498913212671
  CPU_COMPRESSION: 44.095639088075487
  CPU_SINGLETHREAD: 0
  CPU_PHYSICS: 0.077202371849719009
  CPU_MATRIX_MULT_SSE: 112.5707258939111
  CPU_mm: 37.170129216978175
  CPU_sse: 82.763277111512934
  CPU_fma: 142.3781746763093
  CPU_avx: 0
  CPU_avx512: 0
  m_CPU_enc_SHA: 18215655.032211863
  m_CPU_enc_AES: 14005431.746032091
  m_CPU_enc_ECDSA: 14107618.923018716
  ME_ALLOC_S: 0
  ME_READ_S: 0
  ME_READ_L: 0
  ME_WRITE: 0
  ME_LARGE: 0
  ME_LATENCY: 0
  ME_THREADED: 0
  SUMM_CPU: 0
  SUMM_ME: 0
SystemInformation:
  OSName: Ubuntu 18.04.6 LTS
  Kernel: 4.9.337-tegra
  Device: quill
  Processor: ARM Cortex-A57 6 Core 2035 MHz
  NumSockets: 2
  Manufacturer: ARM
  NumCores: 6
  NumLogicals: 6
  CPUFrequency: 2035
  Memory: 7850
Checksum: 9A09E311A9B69DC4B3C2982D1FCC97A5A00CD236