BaselineInfo:
  WebDBID: -1
  TimeStamp: 20240828013456
Version:
  Major: 11
  Minor: 0
  Build: 1002
  SpecialBuildName: ""
  ptArchitecture: aarch64_linux
Results:
  Results Complete: true
  NumTestProcesses: 6
  CPU_INTEGER_MATH: 3136.5906666666669
  CPU_FLOATINGPOINT_MATH: 851.64963701366833
  CPU_PRIME: 4.0788005524012538
  CPU_SORTING: 1325.1119064865795
  CPU_ENCRYPTION: 86.144172574730575
  CPU_COMPRESSION: 2178.3380785872882
  CPU_SINGLETHREAD: 112.79717306618433
  CPU_PHYSICS: 71.21991706783453
  CPU_MATRIX_MULT_SSE: 187.69913551896349
  CPU_mm: 56.173364712755799
  CPU_sse: 131.7453468405869
  CPU_fma: 243.65292419734004
  CPU_avx: 0
  CPU_avx512: 0
  m_CPU_enc_SHA: 127311039.1215739
  m_CPU_enc_AES: 68115018.159088433
  m_CPU_enc_ECDSA: 75560078.424499735
  ME_ALLOC_S: 0
  ME_READ_S: 0
  ME_READ_L: 0
  ME_WRITE: 0
  ME_LARGE: 0
  ME_LATENCY: 0
  ME_THREADED: 0
  SUMM_CPU: 328.49812897869685
  SUMM_ME: 0
SystemInformation:
  OSName: Ubuntu 18.04.6 LTS
  Kernel: 4.9.337-tegra
  Device: quill
  Processor: ARM Cortex-A57 6 Core 2035 MHz
  NumSockets: 2
  Manufacturer: ARM
  NumCores: 6
  NumLogicals: 6
  CPUFrequency: 2035
  Memory: 7850
Checksum: 5536675FCD61612AA6FE55590367CE0DD2AE065B