BaselineInfo:
  WebDBID: -1
  TimeStamp: 20240828132852
Version:
  Major: 11
  Minor: 0
  Build: 1002
  SpecialBuildName: ""
  ptArchitecture: aarch64_linux
Results:
  Results Complete: true
  NumTestProcesses: 6
  CPU_INTEGER_MATH: 6977.4539999999997
  CPU_FLOATINGPOINT_MATH: 1741.9171600670693
  CPU_PRIME: 1.9819471777121096
  CPU_SORTING: 1674.1444810524017
  CPU_ENCRYPTION: 186.50056421389894
  CPU_COMPRESSION: 4547.0678772381762
  CPU_SINGLETHREAD: 231.25388085696966
  CPU_PHYSICS: 34.044984465995377
  CPU_MATRIX_MULT_SSE: 415.09531844834686
  CPU_mm: 125.72708285990156
  CPU_sse: 292.31895937198573
  CPU_fma: 537.87167752470805
  CPU_avx: 0
  CPU_avx512: 0
  m_CPU_enc_SHA: 285151466.93120611
  m_CPU_enc_AES: 147456664.89275226
  m_CPU_enc_ECDSA: 154071915.03950143
  ME_ALLOC_S: 0
  ME_READ_S: 0
  ME_READ_L: 0
  ME_WRITE: 0
  ME_LARGE: 0
  ME_LATENCY: 0
  ME_THREADED: 0
  SUMM_CPU: 608.24662799412226
  SUMM_ME: 0
SystemInformation:
  OSName: Ubuntu 18.04.6 LTS
  Kernel: 4.9.337-tegra
  Device: quill
  Processor: ARM Cortex-A57 6 Core 2035 MHz
  NumSockets: 2
  Manufacturer: ARM
  NumCores: 6
  NumLogicals: 6
  CPUFrequency: 2035
  Memory: 7850
Checksum: 9BBE1D9841A0A3480594EA4C72AFF1BE8A2E8126