BaselineInfo:
  WebDBID: -1
  TimeStamp: 20240828070451
Version:
  Major: 11
  Minor: 0
  Build: 1002
  SpecialBuildName: ""
  ptArchitecture: aarch64_linux
Results:
  Results Complete: true
  NumTestProcesses: 6
  CPU_INTEGER_MATH: 4972.9820000000009
  CPU_FLOATINGPOINT_MATH: 1105.8099237915567
  CPU_PRIME: 0.92758655926587219
  CPU_SORTING: 868.24484515624022
  CPU_ENCRYPTION: 126.10474111467937
  CPU_COMPRESSION: 2899.3210806479401
  CPU_SINGLETHREAD: 158.12079107368922
  CPU_PHYSICS: 16.419557204043883
  CPU_MATRIX_MULT_SSE: 296.77738465337427
  CPU_mm: 89.156435184290913
  CPU_sse: 208.28032327779644
  CPU_fma: 385.27444602895218
  CPU_avx: 0
  CPU_avx512: 0
  m_CPU_enc_SHA: 189781224.37370223
  m_CPU_enc_AES: 106215951.04733953
  m_CPU_enc_ECDSA: 100694039.63615635
  ME_ALLOC_S: 0
  ME_READ_S: 0
  ME_READ_L: 0
  ME_WRITE: 0
  ME_LARGE: 0
  ME_LATENCY: 0
  ME_THREADED: 0
  SUMM_CPU: 377.71427591089144
  SUMM_ME: 0
SystemInformation:
  OSName: Ubuntu 18.04.6 LTS
  Kernel: 4.9.337-tegra
  Device: quill
  Processor: ARM Cortex-A57 6 Core 2035 MHz
  NumSockets: 2
  Manufacturer: ARM
  NumCores: 6
  NumLogicals: 6
  CPUFrequency: 2035
  Memory: 7850
Checksum: 1C64E82DA921429C2326676FB5E60D61774E5E38