BaselineInfo:
  WebDBID: -1
  TimeStamp: 20240828120855
Version:
  Major: 11
  Minor: 0
  Build: 1002
  SpecialBuildName: ""
  ptArchitecture: aarch64_linux
Results:
  Results Complete: true
  NumTestProcesses: 6
  CPU_INTEGER_MATH: 5798.6646666666675
  CPU_FLOATINGPOINT_MATH: 1108.3045825115962
  CPU_PRIME: 0.5861657345254
  CPU_SORTING: 502.58633833155909
  CPU_ENCRYPTION: 138.55707444951668
  CPU_COMPRESSION: 2919.3493172480107
  CPU_SINGLETHREAD: 168.67378258869988
  CPU_PHYSICS: 10.309285559254185
  CPU_MATRIX_MULT_SSE: 336.09410791758791
  CPU_mm: 104.3825810262932
  CPU_sse: 245.98544041454613
  CPU_fma: 426.20277542062968
  CPU_avx: 0
  CPU_avx512: 0
  m_CPU_enc_SHA: 205064083.68347323
  m_CPU_enc_AES: 118260097.17977789
  m_CPU_enc_ECDSA: 112538687.83067811
  ME_ALLOC_S: 0
  ME_READ_S: 0
  ME_READ_L: 0
  ME_WRITE: 0
  ME_LARGE: 0
  ME_LATENCY: 0
  ME_THREADED: 0
  SUMM_CPU: 338.13972909391725
  SUMM_ME: 0
SystemInformation:
  OSName: Ubuntu 18.04.6 LTS
  Kernel: 4.9.337-tegra
  Device: quill
  Processor: ARM Cortex-A57 6 Core 2035 MHz
  NumSockets: 2
  Manufacturer: ARM
  NumCores: 6
  NumLogicals: 6
  CPUFrequency: 2035
  Memory: 7850
Checksum: 05DD60A17EDA80D6CFC1CF85FEB90EDD9D063B95