BaselineInfo:
  WebDBID: -1
  TimeStamp: 20240828175017
Version:
  Major: 11
  Minor: 0
  Build: 1002
  SpecialBuildName: ""
  ptArchitecture: aarch64_linux
Results:
  Results Complete: true
  NumTestProcesses: 6
  CPU_INTEGER_MATH: 7908.1693333333333
  CPU_FLOATINGPOINT_MATH: 1930.8591050354887
  CPU_PRIME: 2.037309732422075
  CPU_SORTING: 1723.6635471268296
  CPU_ENCRYPTION: 207.29375241914855
  CPU_COMPRESSION: 4991.4714991586061
  CPU_SINGLETHREAD: 255.60554256581108
  CPU_PHYSICS: 36.232584271920722
  CPU_MATRIX_MULT_SSE: 467.94608990271604
  CPU_mm: 141.44396703041679
  CPU_sse: 335.33192203526147
  CPU_fma: 600.56025777017067
  CPU_avx: 0
  CPU_avx512: 0
  m_CPU_enc_SHA: 312552529.36204666
  m_CPU_enc_AES: 167541525.23880443
  m_CPU_enc_ECDSA: 171995706.60913232
  ME_ALLOC_S: 0
  ME_READ_S: 0
  ME_READ_L: 0
  ME_WRITE: 0
  ME_LARGE: 0
  ME_LATENCY: 0
  ME_THREADED: 0
  SUMM_CPU: 666.26102922548421
  SUMM_ME: 0
SystemInformation:
  OSName: Ubuntu 18.04.6 LTS
  Kernel: 4.9.337-tegra
  Device: quill
  Processor: ARM Cortex-A57 6 Core 2035 MHz
  NumSockets: 2
  Manufacturer: ARM
  NumCores: 6
  NumLogicals: 6
  CPUFrequency: 2035
  Memory: 7850
Checksum: E30FC68BCA870A3666690B41BBEFA6C134299B3D