BaselineInfo:
  WebDBID: -1
  TimeStamp: 20240828171333
Version:
  Major: 11
  Minor: 0
  Build: 1002
  SpecialBuildName: ""
  ptArchitecture: aarch64_linux
Results:
  Results Complete: true
  NumTestProcesses: 6
  CPU_INTEGER_MATH: 7838.9206666666669
  CPU_FLOATINGPOINT_MATH: 1950.2661850647171
  CPU_PRIME: 2.0315202912836021
  CPU_SORTING: 1709.6775347691271
  CPU_ENCRYPTION: 207.17521845027966
  CPU_COMPRESSION: 5004.2661697581025
  CPU_SINGLETHREAD: 257.17149333727735
  CPU_PHYSICS: 37.277333826183693
  CPU_MATRIX_MULT_SSE: 465.52936658646797
  CPU_mm: 139.59577476997771
  CPU_sse: 327.17578895023627
  CPU_fma: 603.88294422269973
  CPU_avx: 0
  CPU_avx512: 0
  m_CPU_enc_SHA: 307455133.65679938
  m_CPU_enc_AES: 168728824.95464033
  m_CPU_enc_ECDSA: 175532926.97372153
  ME_ALLOC_S: 0
  ME_READ_S: 0
  ME_READ_L: 0
  ME_WRITE: 0
  ME_LARGE: 0
  ME_LATENCY: 0
  ME_THREADED: 0
  SUMM_CPU: 667.45333716745722
  SUMM_ME: 0
SystemInformation:
  OSName: Ubuntu 18.04.6 LTS
  Kernel: 4.9.337-tegra
  Device: quill
  Processor: ARM Cortex-A57 6 Core 2035 MHz
  NumSockets: 2
  Manufacturer: ARM
  NumCores: 6
  NumLogicals: 6
  CPUFrequency: 2035
  Memory: 7850
Checksum: 739B83EA0889375D99D241FAC5173BE8A6E052D6