BaselineInfo:
  WebDBID: -1
  TimeStamp: 20240828012758
Version:
  Major: 11
  Minor: 0
  Build: 1002
  SpecialBuildName: ""
  ptArchitecture: aarch64_linux
Results:
  Results Complete: true
  NumTestProcesses: 6
  CPU_INTEGER_MATH: 3128.449333333333
  CPU_FLOATINGPOINT_MATH: 824.26187440491685
  CPU_PRIME: 2.642610180509017
  CPU_SORTING: 1268.5222912052946
  CPU_ENCRYPTION: 89.800579995571027
  CPU_COMPRESSION: 2082.4284541931165
  CPU_SINGLETHREAD: 111.2501499247246
  CPU_PHYSICS: 45.047058823424337
  CPU_MATRIX_MULT_SSE: 186.54399859658739
  CPU_mm: 55.772115841807604
  CPU_sse: 131.16787144502152
  CPU_fma: 241.92012574815328
  CPU_avx: 0
  CPU_avx512: 0
  m_CPU_enc_SHA: 136550684.99252641
  m_CPU_enc_AES: 64917413.414968625
  m_CPU_enc_ECDSA: 81020100.50081259
  ME_ALLOC_S: 0
  ME_READ_S: 0
  ME_READ_L: 0
  ME_WRITE: 0
  ME_LARGE: 0
  ME_LATENCY: 0
  ME_THREADED: 0
  SUMM_CPU: 319.47378211921159
  SUMM_ME: 0
SystemInformation:
  OSName: Ubuntu 18.04.6 LTS
  Kernel: 4.9.337-tegra
  Device: quill
  Processor: ARM Cortex-A57 6 Core 2035 MHz
  NumSockets: 2
  Manufacturer: ARM
  NumCores: 6
  NumLogicals: 6
  CPUFrequency: 2035
  Memory: 7850
Checksum: FAD55470864441D1FB26501B71A29E13E386D0D8