BaselineInfo:
  WebDBID: -1
  TimeStamp: 20240828044028
Version:
  Major: 11
  Minor: 0
  Build: 1002
  SpecialBuildName: ""
  ptArchitecture: aarch64_linux
Results:
  Results Complete: true
  NumTestProcesses: 6
  CPU_INTEGER_MATH: 4143.5599999999995
  CPU_FLOATINGPOINT_MATH: 1126.374536890283
  CPU_PRIME: 4.8778456690518279
  CPU_SORTING: 1832.3373612896671
  CPU_ENCRYPTION: 115.80995006444732
  CPU_COMPRESSION: 2870.4343840027068
  CPU_SINGLETHREAD: 147.59531103998896
  CPU_PHYSICS: 88.067688307377566
  CPU_MATRIX_MULT_SSE: 246.83534164436421
  CPU_mm: 74.18517669080731
  CPU_sse: 174.00180757664927
  CPU_fma: 319.66887571207911
  CPU_avx: 0
  CPU_avx512: 0
  m_CPU_enc_SHA: 173564803.26150894
  m_CPU_enc_AES: 91070410.441039115
  m_CPU_enc_ECDSA: 99671388.893785715
  ME_ALLOC_S: 0
  ME_READ_S: 0
  ME_READ_L: 0
  ME_WRITE: 0
  ME_LARGE: 0
  ME_LATENCY: 0
  ME_THREADED: 0
  SUMM_CPU: 434.90143491245811
  SUMM_ME: 0
SystemInformation:
  OSName: Ubuntu 18.04.6 LTS
  Kernel: 4.9.337-tegra
  Device: quill
  Processor: ARM Cortex-A57 6 Core 2035 MHz
  NumSockets: 2
  Manufacturer: ARM
  NumCores: 6
  NumLogicals: 6
  CPUFrequency: 2035
  Memory: 7850
Checksum: 2F0D39DD4EF543B0CF877CC0DC1B83700206A6ED