BaselineInfo:
  WebDBID: -1
  TimeStamp: 20240828094845
Version:
  Major: 11
  Minor: 0
  Build: 1002
  SpecialBuildName: ""
  ptArchitecture: aarch64_linux
Results:
  Results Complete: true
  NumTestProcesses: 6
  CPU_INTEGER_MATH: 6147.0853333333334
  CPU_FLOATINGPOINT_MATH: 1661.2259739726048
  CPU_PRIME: 6.0804449266757574
  CPU_SORTING: 2602.2618825129116
  CPU_ENCRYPTION: 169.23133221059229
  CPU_COMPRESSION: 4408.7397492080854
  CPU_SINGLETHREAD: 217.13572993733854
  CPU_PHYSICS: 102.79349848270103
  CPU_MATRIX_MULT_SSE: 365.84712263693348
  CPU_mm: 109.69359490044098
  CPU_sse: 257.39437470824663
  CPU_fma: 474.29987056562021
  CPU_avx: 0
  CPU_avx512: 0
  m_CPU_enc_SHA: 256327726.03244093
  m_CPU_enc_AES: 132143750.2272428
  m_CPU_enc_ECDSA: 143884263.95247841
  ME_ALLOC_S: 0
  ME_READ_S: 0
  ME_READ_L: 0
  ME_WRITE: 0
  ME_LARGE: 0
  ME_LATENCY: 0
  ME_THREADED: 0
  SUMM_CPU: 641.20143888776374
  SUMM_ME: 0
SystemInformation:
  OSName: Ubuntu 18.04.6 LTS
  Kernel: 4.9.337-tegra
  Device: quill
  Processor: ARM Cortex-A57 6 Core 2035 MHz
  NumSockets: 2
  Manufacturer: ARM
  NumCores: 6
  NumLogicals: 6
  CPUFrequency: 2035
  Memory: 7850
Checksum: A45A82D502A517C65CC0C72E08D44761C8A76F35