BaselineInfo:
  WebDBID: -1
  TimeStamp: 20240827223222
Version:
  Major: 11
  Minor: 0
  Build: 1002
  SpecialBuildName: ""
  ptArchitecture: aarch64_linux
Results:
  Results Complete: true
  NumTestProcesses: 6
  CPU_INTEGER_MATH: 1857.5966666666668
  CPU_FLOATINGPOINT_MATH: 487.15924370254311
  CPU_PRIME: 2.4199859714138792
  CPU_SORTING: 760.5553545223429
  CPU_ENCRYPTION: 60.749360651606992
  CPU_COMPRESSION: 0
  CPU_SINGLETHREAD: 242.93110811671056
  CPU_PHYSICS: 45.262782829892885
  CPU_MATRIX_MULT_SSE: 111.55269668407365
  CPU_mm: 31.513416338545895
  CPU_sse: 76.674022112490363
  CPU_fma: 146.43137125565693
  CPU_avx: 0
  CPU_avx512: 0
  m_CPU_enc_SHA: 89169049.340352446
  m_CPU_enc_AES: 48602699.042187519
  m_CPU_enc_ECDSA: 53329216.401318401
  ME_ALLOC_S: 0
  ME_READ_S: 0
  ME_READ_L: 0
  ME_WRITE: 0
  ME_LARGE: 0
  ME_LATENCY: 0
  ME_THREADED: 0
  SUMM_CPU: 0
  SUMM_ME: 0
SystemInformation:
  OSName: Ubuntu 18.04.6 LTS
  Kernel: 4.9.337-tegra
  Device: quill
  Processor: ARM Cortex-A57 6 Core 2035 MHz
  NumSockets: 2
  Manufacturer: ARM
  NumCores: 6
  NumLogicals: 6
  CPUFrequency: 2035
  Memory: 7850
Checksum: 9EA3FCAE19CC5B4E42D96AD6DB3E5B0640DAC667