BaselineInfo:
  WebDBID: -1
  TimeStamp: 20240828114734
Version:
  Major: 11
  Minor: 0
  Build: 1002
  SpecialBuildName: ""
  ptArchitecture: aarch64_linux
Results:
  Results Complete: true
  NumTestProcesses: 6
  CPU_INTEGER_MATH: 6134.116
  CPU_FLOATINGPOINT_MATH: 1646.2256874540794
  CPU_PRIME: 5.1803947584732679
  CPU_SORTING: 2474.4785355583413
  CPU_ENCRYPTION: 170.11183320099391
  CPU_COMPRESSION: 4318.0579699358714
  CPU_SINGLETHREAD: 215.52188618346682
  CPU_PHYSICS: 89.174012839017777
  CPU_MATRIX_MULT_SSE: 365.84289394596362
  CPU_mm: 109.8588188013983
  CPU_sse: 256.45107445607312
  CPU_fma: 475.23471343585413
  CPU_avx: 0
  CPU_avx512: 0
  m_CPU_enc_SHA: 259213538.15679419
  m_CPU_enc_AES: 131251922.65572806
  m_CPU_enc_ECDSA: 144660096.01917398
  ME_ALLOC_S: 0
  ME_READ_S: 0
  ME_READ_L: 0
  ME_WRITE: 0
  ME_LARGE: 0
  ME_LATENCY: 0
  ME_THREADED: 0
  SUMM_CPU: 631.35051144321199
  SUMM_ME: 0
SystemInformation:
  OSName: Ubuntu 18.04.6 LTS
  Kernel: 4.9.337-tegra
  Device: quill
  Processor: ARM Cortex-A57 6 Core 2035 MHz
  NumSockets: 2
  Manufacturer: ARM
  NumCores: 6
  NumLogicals: 6
  CPUFrequency: 2035
  Memory: 7850
Checksum: 795836272AF59A9BFEA34D576C6F5E6712034EAE