BaselineInfo:
  WebDBID: -1
  TimeStamp: 20240828102250
Version:
  Major: 11
  Minor: 0
  Build: 1002
  SpecialBuildName: ""
  ptArchitecture: aarch64_linux
Results:
  Results Complete: true
  NumTestProcesses: 6
  CPU_INTEGER_MATH: 5950.7939999999999
  CPU_FLOATINGPOINT_MATH: 1271.7576765950457
  CPU_PRIME: 0.94327741765947337
  CPU_SORTING: 839.91495658353278
  CPU_ENCRYPTION: 150.49365580775651
  CPU_COMPRESSION: 3263.3835106920383
  CPU_SINGLETHREAD: 184.60065296403121
  CPU_PHYSICS: 16.847548384054917
  CPU_MATRIX_MULT_SSE: 352.32429046456718
  CPU_mm: 106.29850299334927
  CPU_sse: 250.21971423910759
  CPU_fma: 454.42886669002672
  CPU_avx: 0
  CPU_avx512: 0
  m_CPU_enc_SHA: 214193156.38233614
  m_CPU_enc_AES: 127271754.98846216
  m_CPU_enc_ECDSA: 131947195.52602395
  ME_ALLOC_S: 0
  ME_READ_S: 0
  ME_READ_L: 0
  ME_WRITE: 0
  ME_LARGE: 0
  ME_LATENCY: 0
  ME_THREADED: 0
  SUMM_CPU: 422.36693016176463
  SUMM_ME: 0
SystemInformation:
  OSName: Ubuntu 18.04.6 LTS
  Kernel: 4.9.337-tegra
  Device: quill
  Processor: ARM Cortex-A57 6 Core 2035 MHz
  NumSockets: 2
  Manufacturer: ARM
  NumCores: 6
  NumLogicals: 6
  CPUFrequency: 2035
  Memory: 7850
Checksum: F4783D2E8D1D008EE7361E44580D3680528795CE