BaselineInfo:
  WebDBID: -1
  TimeStamp: 20240827200159
Version:
  Major: 11
  Minor: 0
  Build: 1002
  SpecialBuildName: ""
  ptArchitecture: aarch64_linux
Results:
  Results Complete: true
  NumTestProcesses: 6
  CPU_INTEGER_MATH: 1631.9586666666667
  CPU_FLOATINGPOINT_MATH: 266.21470669280819
  CPU_PRIME: 0
  CPU_SORTING: 123.40494350692271
  CPU_ENCRYPTION: 0.18973430526404045
  CPU_COMPRESSION: 33.833897422607514
  CPU_SINGLETHREAD: 0
  CPU_PHYSICS: 0
  CPU_MATRIX_MULT_SSE: 31.485949916358951
  CPU_mm: 10.485012714665306
  CPU_sse: 23.809177622682061
  CPU_fma: 39.162722210035845
  CPU_avx: 0
  CPU_avx512: 0
  m_CPU_enc_SHA: 0
  m_CPU_enc_AES: 37930006.404389635
  m_CPU_enc_ECDSA: 0
  ME_ALLOC_S: 0
  ME_READ_S: 0
  ME_READ_L: 0
  ME_WRITE: 0
  ME_LARGE: 0
  ME_LATENCY: 0
  ME_THREADED: 0
  SUMM_CPU: 0
  SUMM_ME: 0
SystemInformation:
  OSName: Ubuntu 18.04.6 LTS
  Kernel: 4.9.337-tegra
  Device: quill
  Processor: ARM Cortex-A57 6 Core 2035 MHz
  NumSockets: 2
  Manufacturer: ARM
  NumCores: 6
  NumLogicals: 6
  CPUFrequency: 2035
  Memory: 7850
Checksum: 12AF0B98F85B748E72066893C059E5FEA744CC75