BaselineInfo:
  WebDBID: -1
  TimeStamp: 20240828104022
Version:
  Major: 11
  Minor: 0
  Build: 1002
  SpecialBuildName: ""
  ptArchitecture: aarch64_linux
Results:
  Results Complete: true
  NumTestProcesses: 6
  CPU_INTEGER_MATH: 6131.086666666667
  CPU_FLOATINGPOINT_MATH: 1648.6805642933971
  CPU_PRIME: 5.1364231470943658
  CPU_SORTING: 2486.6905076921171
  CPU_ENCRYPTION: 169.71502481580126
  CPU_COMPRESSION: 4258.4288069075947
  CPU_SINGLETHREAD: 215.63213256640458
  CPU_PHYSICS: 87.385123365861006
  CPU_MATRIX_MULT_SSE: 365.40441411480617
  CPU_mm: 109.65344143211234
  CPU_sse: 256.68092098635532
  CPU_fma: 474.12790724325697
  CPU_avx: 0
  CPU_avx512: 0
  m_CPU_enc_SHA: 251122559.30109441
  m_CPU_enc_AES: 132435566.41019398
  m_CPU_enc_ECDSA: 150319179.87247247
  ME_ALLOC_S: 0
  ME_READ_S: 0
  ME_READ_L: 0
  ME_WRITE: 0
  ME_LARGE: 0
  ME_LATENCY: 0
  ME_THREADED: 0
  SUMM_CPU: 628.06983178862401
  SUMM_ME: 0
SystemInformation:
  OSName: Ubuntu 18.04.6 LTS
  Kernel: 4.9.337-tegra
  Device: quill
  Processor: ARM Cortex-A57 6 Core 2035 MHz
  NumSockets: 2
  Manufacturer: ARM
  NumCores: 6
  NumLogicals: 6
  CPUFrequency: 2035
  Memory: 7850
Checksum: 89170340107F443499FB2D0AB949C1652B40950B