BaselineInfo:
  WebDBID: -1
  TimeStamp: 20240828174047
Version:
  Major: 11
  Minor: 0
  Build: 1002
  SpecialBuildName: ""
  ptArchitecture: aarch64_linux
Results:
  Results Complete: true
  NumTestProcesses: 6
  CPU_INTEGER_MATH: 7976.1873333333333
  CPU_FLOATINGPOINT_MATH: 2129.7772116786441
  CPU_PRIME: 5.8188089105439529
  CPU_SORTING: 3096.5518978113937
  CPU_ENCRYPTION: 217.69777653942759
  CPU_COMPRESSION: 5692.9668647448552
  CPU_SINGLETHREAD: 277.33843283563266
  CPU_PHYSICS: 96.147644143026241
  CPU_MATRIX_MULT_SSE: 466.98817225553796
  CPU_mm: 143.0497853944936
  CPU_sse: 319.53051946976137
  CPU_fma: 614.44582504131449
  CPU_avx: 0
  CPU_avx512: 0
  m_CPU_enc_SHA: 316818871.47609562
  m_CPU_enc_AES: 170553758.97441444
  m_CPU_enc_ECDSA: 197445360.74731058
  ME_ALLOC_S: 0
  ME_READ_S: 0
  ME_READ_L: 0
  ME_WRITE: 0
  ME_LARGE: 0
  ME_LATENCY: 0
  ME_THREADED: 0
  SUMM_CPU: 807.96145026184661
  SUMM_ME: 0
SystemInformation:
  OSName: Ubuntu 18.04.6 LTS
  Kernel: 4.9.337-tegra
  Device: quill
  Processor: ARM Cortex-A57 6 Core 2035 MHz
  NumSockets: 2
  Manufacturer: ARM
  NumCores: 6
  NumLogicals: 6
  CPUFrequency: 2035
  Memory: 7850
Checksum: D06286FA35C6773DEE956B725EAEAE5751FD39EE