BaselineInfo:
  WebDBID: -1
  TimeStamp: 20240828032622
Version:
  Major: 11
  Minor: 0
  Build: 1002
  SpecialBuildName: ""
  ptArchitecture: aarch64_linux
Results:
  Results Complete: true
  NumTestProcesses: 6
  CPU_INTEGER_MATH: 3950.2979999999998
  CPU_FLOATINGPOINT_MATH: 788.40391153655071
  CPU_PRIME: 0.56918140157905794
  CPU_SORTING: 544.53104011362598
  CPU_ENCRYPTION: 96.828722737010992
  CPU_COMPRESSION: 1973.0876308745883
  CPU_SINGLETHREAD: 123.14600678195907
  CPU_PHYSICS: 9.682026878433275
  CPU_MATRIX_MULT_SSE: 231.60671509355225
  CPU_mm: 71.172263130805163
  CPU_sse: 166.52923301055168
  CPU_fma: 296.68419717655286
  CPU_avx: 0
  CPU_avx512: 0
  m_CPU_enc_SHA: 142659093.17054999
  m_CPU_enc_AES: 83597438.825242743
  m_CPU_enc_ECDSA: 78340292.322259396
  ME_ALLOC_S: 0
  ME_READ_S: 0
  ME_READ_L: 0
  ME_WRITE: 0
  ME_LARGE: 0
  ME_LATENCY: 0
  ME_THREADED: 0
  SUMM_CPU: 263.28271190129823
  SUMM_ME: 0
SystemInformation:
  OSName: Ubuntu 18.04.6 LTS
  Kernel: 4.9.337-tegra
  Device: quill
  Processor: ARM Cortex-A57 6 Core 2035 MHz
  NumSockets: 2
  Manufacturer: ARM
  NumCores: 6
  NumLogicals: 6
  CPUFrequency: 2035
  Memory: 7850
Checksum: 11514E24EE0E3DF91FAD29C810B534E50890F211