BaselineInfo:
  WebDBID: -1
  TimeStamp: 20240828093049
Version:
  Major: 11
  Minor: 0
  Build: 1002
  SpecialBuildName: ""
  ptArchitecture: aarch64_linux
Results:
  Results Complete: true
  NumTestProcesses: 6
  CPU_INTEGER_MATH: 5111.3373333333329
  CPU_FLOATINGPOINT_MATH: 1342.0971033616495
  CPU_PRIME: 3.4592300709369757
  CPU_SORTING: 1936.1520516620467
  CPU_ENCRYPTION: 138.11201774919931
  CPU_COMPRESSION: 3496.5681924412938
  CPU_SINGLETHREAD: 178.93183912114489
  CPU_PHYSICS: 56.89987865672218
  CPU_MATRIX_MULT_SSE: 304.10341314837416
  CPU_mm: 91.389985660420578
  CPU_sse: 213.67759743307548
  CPU_fma: 394.52922886367287
  CPU_avx: 0
  CPU_avx512: 0
  m_CPU_enc_SHA: 207302363.3898074
  m_CPU_enc_AES: 112754242.6890749
  m_CPU_enc_ECDSA: 114406235.2912709
  ME_ALLOC_S: 0
  ME_READ_S: 0
  ME_READ_L: 0
  ME_WRITE: 0
  ME_LARGE: 0
  ME_LATENCY: 0
  ME_THREADED: 0
  SUMM_CPU: 507.70325224526005
  SUMM_ME: 0
SystemInformation:
  OSName: Ubuntu 18.04.6 LTS
  Kernel: 4.9.337-tegra
  Device: quill
  Processor: ARM Cortex-A57 6 Core 2035 MHz
  NumSockets: 2
  Manufacturer: ARM
  NumCores: 6
  NumLogicals: 6
  CPUFrequency: 2035
  Memory: 7850
Checksum: 0469DB2D5441A974A372CE6866520E33766ED3A2