BaselineInfo:
  WebDBID: -1
  TimeStamp: 20240827232726
Version:
  Major: 11
  Minor: 0
  Build: 1002
  SpecialBuildName: ""
  ptArchitecture: aarch64_linux
Results:
  Results Complete: true
  NumTestProcesses: 6
  CPU_INTEGER_MATH: 3140.3300000000004
  CPU_FLOATINGPOINT_MATH: 851.47836277189867
  CPU_PRIME: 3.9062096881650286
  CPU_SORTING: 1348.7742083843516
  CPU_ENCRYPTION: 87.160335855285794
  CPU_COMPRESSION: 2194.6342612749877
  CPU_SINGLETHREAD: 112.74467909442953
  CPU_PHYSICS: 68.826165214007375
  CPU_MATRIX_MULT_SSE: 186.61701949956415
  CPU_mm: 56.099425068353632
  CPU_sse: 131.7163529128365
  CPU_fma: 241.51768608629177
  CPU_avx: 0
  CPU_avx512: 0
  m_CPU_enc_SHA: 125737539.70219159
  m_CPU_enc_AES: 70482792.753822818
  m_CPU_enc_ECDSA: 77962376.533362091
  ME_ALLOC_S: 0
  ME_READ_S: 0
  ME_READ_L: 0
  ME_WRITE: 0
  ME_LARGE: 0
  ME_LATENCY: 0
  ME_THREADED: 0
  SUMM_CPU: 329.82400700066017
  SUMM_ME: 0
SystemInformation:
  OSName: Ubuntu 18.04.6 LTS
  Kernel: 4.9.337-tegra
  Device: quill
  Processor: ARM Cortex-A57 6 Core 2035 MHz
  NumSockets: 2
  Manufacturer: ARM
  NumCores: 6
  NumLogicals: 6
  CPUFrequency: 2035
  Memory: 7850
Checksum: 4606008B55F3E6158830EEE9015ED38FF72F9158