BaselineInfo:
  WebDBID: -1
  TimeStamp: 20240828030025
Version:
  Major: 11
  Minor: 0
  Build: 1002
  SpecialBuildName: ""
  ptArchitecture: aarch64_linux
Results:
  Results Complete: true
  NumTestProcesses: 6
  CPU_INTEGER_MATH: 3135.5493333333334
  CPU_FLOATINGPOINT_MATH: 845.62853122824242
  CPU_PRIME: 3.526558547123031
  CPU_SORTING: 1255.372326672855
  CPU_ENCRYPTION: 85.269786487925103
  CPU_COMPRESSION: 2159.6136428236282
  CPU_SINGLETHREAD: 112.32008887885539
  CPU_PHYSICS: 59.343195021697241
  CPU_MATRIX_MULT_SSE: 186.30045699146766
  CPU_mm: 56.336072028851845
  CPU_sse: 131.13003650146084
  CPU_fma: 241.47087748147453
  CPU_avx: 0
  CPU_avx512: 0
  m_CPU_enc_SHA: 123109525.24391325
  m_CPU_enc_AES: 68757082.299916506
  m_CPU_enc_ECDSA: 76368947.365257904
  ME_ALLOC_S: 0
  ME_READ_S: 0
  ME_READ_L: 0
  ME_WRITE: 0
  ME_LARGE: 0
  ME_LATENCY: 0
  ME_THREADED: 0
  SUMM_CPU: 323.23742218147368
  SUMM_ME: 0
SystemInformation:
  OSName: Ubuntu 18.04.6 LTS
  Kernel: 4.9.337-tegra
  Device: quill
  Processor: ARM Cortex-A57 6 Core 2035 MHz
  NumSockets: 2
  Manufacturer: ARM
  NumCores: 6
  NumLogicals: 6
  CPUFrequency: 2035
  Memory: 7850
Checksum: 77CCA5E96018267C41297B2291F870B3696E78F7