BaselineInfo:
  WebDBID: -1
  TimeStamp: 20240828182301
Version:
  Major: 11
  Minor: 0
  Build: 1002
  SpecialBuildName: ""
  ptArchitecture: aarch64_linux
Results:
  Results Complete: true
  NumTestProcesses: 6
  CPU_INTEGER_MATH: 9096.5200000000004
  CPU_FLOATINGPOINT_MATH: 2475.8954638694672
  CPU_PRIME: 8.0279050703703021
  CPU_SORTING: 3739.3691181239851
  CPU_ENCRYPTION: 249.60358797794061
  CPU_COMPRESSION: 6654.750775243082
  CPU_SINGLETHREAD: 319.46335826213226
  CPU_PHYSICS: 129.91050433637469
  CPU_MATRIX_MULT_SSE: 540.707956807757
  CPU_mm: 161.65404111187519
  CPU_sse: 378.77872991893588
  CPU_fma: 702.63718369657818
  CPU_avx: 0
  CPU_avx512: 0
  m_CPU_enc_SHA: 367491086.09062737
  m_CPU_enc_AES: 197659052.45582375
  m_CPU_enc_ECDSA: 220034857.05621994
  ME_ALLOC_S: 0
  ME_READ_S: 0
  ME_READ_L: 0
  ME_WRITE: 0
  ME_LARGE: 0
  ME_LATENCY: 0
  ME_THREADED: 0
  SUMM_CPU: 945.63954300309399
  SUMM_ME: 0
SystemInformation:
  OSName: Ubuntu 18.04.6 LTS
  Kernel: 4.9.337-tegra
  Device: quill
  Processor: ARM Cortex-A57 6 Core 2035 MHz
  NumSockets: 2
  Manufacturer: ARM
  NumCores: 6
  NumLogicals: 6
  CPUFrequency: 2035
  Memory: 7850
Checksum: 27DC339491CF0BDB491C22DE94AEB3363E50CE9B