BaselineInfo:
  WebDBID: -1
  TimeStamp: 20240828150919
Version:
  Major: 11
  Minor: 0
  Build: 1002
  SpecialBuildName: ""
  ptArchitecture: aarch64_linux
Results:
  Results Complete: true
  NumTestProcesses: 6
  CPU_INTEGER_MATH: 6853.2986666666675
  CPU_FLOATINGPOINT_MATH: 1545.9225378517383
  CPU_PRIME: 0.94581793009341819
  CPU_SORTING: 898.27556568874684
  CPU_ENCRYPTION: 176.37387596942318
  CPU_COMPRESSION: 3801.4069520043713
  CPU_SINGLETHREAD: 208.65923313782437
  CPU_PHYSICS: 17.154452801535115
  CPU_MATRIX_MULT_SSE: 412.28293204099919
  CPU_mm: 123.97486845559877
  CPU_sse: 288.98954477909075
  CPU_fma: 535.57631930290756
  CPU_avx: 0
  CPU_avx512: 0
  m_CPU_enc_SHA: 265302037.32951406
  m_CPU_enc_AES: 141969619.18616354
  m_CPU_enc_ECDSA: 147552583.58986396
  ME_ALLOC_S: 0
  ME_READ_S: 0
  ME_READ_L: 0
  ME_WRITE: 0
  ME_LARGE: 0
  ME_LATENCY: 0
  ME_THREADED: 0
  SUMM_CPU: 475.86559611479885
  SUMM_ME: 0
SystemInformation:
  OSName: Ubuntu 18.04.6 LTS
  Kernel: 4.9.337-tegra
  Device: quill
  Processor: ARM Cortex-A57 6 Core 2035 MHz
  NumSockets: 2
  Manufacturer: ARM
  NumCores: 6
  NumLogicals: 6
  CPUFrequency: 2035
  Memory: 7850
Checksum: BA9E5E49CF5D7668A530F57FF51C6F957CA81A0E