BaselineInfo:
  WebDBID: -1
  TimeStamp: 20240828054757
Version:
  Major: 11
  Minor: 0
  Build: 1002
  SpecialBuildName: ""
  ptArchitecture: aarch64_linux
Results:
  Results Complete: true
  NumTestProcesses: 6
  CPU_INTEGER_MATH: 3758.8819999999996
  CPU_FLOATINGPOINT_MATH: 759.4510676632633
  CPU_PRIME: 0.53416792995090601
  CPU_SORTING: 499.93358879768675
  CPU_ENCRYPTION: 96.075085822741144
  CPU_COMPRESSION: 2010.4833979164007
  CPU_SINGLETHREAD: 122.3508272089496
  CPU_PHYSICS: 10.480304690815593
  CPU_MATRIX_MULT_SSE: 234.43535005421768
  CPU_mm: 69.845129380275452
  CPU_sse: 165.96394379298027
  CPU_fma: 302.90675631545503
  CPU_avx: 0
  CPU_avx512: 0
  m_CPU_enc_SHA: 140525136.8501043
  m_CPU_enc_AES: 81320645.768343031
  m_CPU_enc_ECDSA: 80380304.956552535
  ME_ALLOC_S: 0
  ME_READ_S: 0
  ME_READ_L: 0
  ME_WRITE: 0
  ME_LARGE: 0
  ME_LATENCY: 0
  ME_THREADED: 0
  SUMM_CPU: 261.45392291582959
  SUMM_ME: 0
SystemInformation:
  OSName: Ubuntu 18.04.6 LTS
  Kernel: 4.9.337-tegra
  Device: quill
  Processor: ARM Cortex-A57 6 Core 2035 MHz
  NumSockets: 2
  Manufacturer: ARM
  NumCores: 6
  NumLogicals: 6
  CPUFrequency: 2035
  Memory: 7850
Checksum: E70949BFEA06708DDC8E7EC785A472E2D975A2B3